0	 1	  37
0.9779982709314002	 -0.06142246109555741	 0.19936565232797013	 -0.5109260833110703	 
0.06301772700691935	 0.9980110273388277	 -0.0016599376435884497	 0.03647290845743604	 
-0.19886716204057883	 0.014186986398243786	 0.9799237629932561	 0.11653073032258848	 
0.0	 0.0	 0.0	 1.0	 
0	 2	  37
0.8307240006863419	 -0.024494371847304196	 0.5561453590847316	 -0.7659086250172404	 
0.04684902425605957	 0.9985635695269011	 -0.025999356529520255	 -0.148466244767075	 
-0.5547096570368449	 0.047653156889128946	 0.8306782608378325	 0.21662257028044976	 
0.0	 0.0	 0.0	 1.0	 
0	 5	  37
0.5471440228785037	 -0.13439771186776803	 0.8261783543963348	 -0.3315985482940543	 
0.5332653655457175	 0.8167610417425446	 -0.22029400945333466	 0.8126664516654071	 
-0.6451832825931874	 0.5611048527114536	 0.5185555670571262	 -0.19731410316591141	 
0.0	 0.0	 0.0	 1.0	 
0	 6	  37
0.6502922041170976	 -0.11952547168965519	 0.7502224409346151	 -0.9958917936349192	 
0.23988055154423046	 0.9693273995986648	 -0.05349498460721619	 0.0771680440885633	 
-0.7208171545235046	 0.21475114436169113	 0.6590178872686088	 0.2979924134071375	 
0.0	 0.0	 0.0	 1.0	 
0	 7	  37
0.7093030007698455	 0.038263863131578535	 0.703864425778956	 -0.7653193215011164	 
-0.05603522412580216	 0.9984263880405204	 0.00219119180600245	 -0.1829197278529488	 
-0.7026729728373388	 -0.040995419775962536	 0.7103309572314364	 0.45266531201486865	 
0.0	 0.0	 0.0	 1.0	 
0	 34	  37
0.6242369886673838	 0.382862480153875	 -0.6809878877556479	 0.7213027481384549	 
-0.23242387068882403	 0.9232251065182427	 0.30599762585419477	 -0.25176809098474934	 
0.7458601251665758	 -0.03273719573821768	 0.6652976399339593	 0.5775279202030321	 
0.0	 0.0	 0.0	 1.0	 
0	 35	  37
0.8509087726923326	 0.288998844871146	 -0.4386729171243317	 1.0441484086533313	 
-0.21602996001850938	 0.9536990335551613	 0.2092587149209147	 -0.22825690945773403	 
0.4788374639996634	 -0.0832935835409579	 0.8739432830631952	 0.5919344248398414	 
0.0	 0.0	 0.0	 1.0	 
0	 36	  37
0.9915558183931755	 0.060359451528135315	 -0.11477715635902164	 0.9415749948275183	 
-0.05654250494565204	 0.9977426893007808	 0.036228042747541336	 0.015391809445613197	 
0.11670477344612612	 -0.029432338644243314	 0.99273044342199	 0.38770373020387017	 
0.0	 0.0	 0.0	 1.0	 
0	 37	  37
0.9777711410790081	 0.19113519912830823	 -0.08620284987886191	 1.0729317868285826	 
-0.17784378803268955	 0.9737743493138441	 0.14189821590345877	 -0.1629653181682763	 
0.11106386780244688	 -0.1234133391193301	 0.9861206645214261	 0.39591514804068956	 
0.0	 0.0	 0.0	 1.0	 
0	 38	  37
0.9898558873681264	 0.035018368870494365	 0.13769181560393817	 0.9109467883485275	 
-0.060871373721710184	 0.9802223130982025	 0.18830531794306937	 -0.2476240082717582	 
-0.12837444490197733	 -0.19477661755472225	 0.9724104437684995	 0.408706959855284	 
0.0	 0.0	 0.0	 1.0	 
0	 45	  37
0.5175060920410254	 0.08425654776584442	 -0.8515211558493474	 2.0474135627813883	 
-0.23467446058436967	 0.9709589424188636	 -0.046547069577771875	 -0.1986756891222118	 
0.8228701855395308	 0.22391865999827884	 0.5222500277211235	 0.2169247368750099	 
0.0	 0.0	 0.0	 1.0	 
0	 46	  37
0.9006896673691744	 -0.1448834096703914	 0.4095936043161418	 0.4326480331252759	 
0.16707696963897026	 0.9857663205465466	 -0.018709556178126297	 -0.14070043102204227	 
-0.4010528759536142	 0.08528516212334583	 0.9120762203954941	 0.26399399159024056	 
0.0	 0.0	 0.0	 1.0	 
0	 47	  37
0.706246168507804	 -0.36803606544189776	 0.604785750495243	 -0.32477179384916494	 
0.26203359125766734	 0.9294783320974227	 0.2596313294153918	 0.035638873000431566	 
-0.6576889435900962	 -0.024889449480475372	 0.7528783226949112	 0.3774593179328768	 
0.0	 0.0	 0.0	 1.0	 
0	 48	  37
0.6747334748189057	 -0.3993911390326971	 0.6206621109919387	 -0.7281531526299814	 
0.19396558256959892	 0.907331569164693	 0.3729970192582922	 0.16742982195022482	 
-0.7121180314647573	 -0.13128648696381306	 0.6896751174309972	 0.3258109970579432	 
0.0	 0.0	 0.0	 1.0	 
0	 49	  37
0.648097560310958	 -0.3637878480381172	 0.6690500384416549	 -0.8956760287059513	 
0.09857875443599115	 0.9112119140318364	 0.3999688449120578	 -0.36505255120137803	 
-0.7551501714843425	 -0.19326471314296645	 0.6264159713488586	 0.7124603185488434	 
0.0	 0.0	 0.0	 1.0	 
1	 2	  37
0.9470727992102763	 -0.020592796061496176	 0.32035769031877614	 -0.09481381781907561	 
0.04512027809353339	 0.9965729776320257	 -0.0693286431311012	 -0.07186981187326306	 
-0.3178321467390822	 0.08011390019220746	 0.9447563122283006	 -0.039418885464994696	 
0.0	 0.0	 0.0	 1.0	 
1	 3	  37
0.4882163317947845	 -0.1785146931229151	 0.8542700496377454	 -0.8319293223999591	 
0.24199558596730145	 0.9681633909689034	 0.06401394191843507	 -0.11141746937142692	 
-0.8385004172576108	 0.1754769293292593	 0.5158729470828906	 0.3612991986659819	 
0.0	 0.0	 0.0	 1.0	 
1	 5	  37
0.6055021134702608	 -0.27342794928046693	 0.7473983858260104	 0.04889086082914346	 
0.31322434715995945	 0.9452087874873053	 0.0920372555164256	 -0.4773583326622927	 
-0.7316130800698307	 0.178374618735561	 0.657970209402887	 -0.26715861086065357	 
0.0	 0.0	 0.0	 1.0	 
1	 6	  37
0.8780291233530009	 -0.09402313693179738	 0.46928084157087147	 -0.14033759966131926	 
0.15848280983800428	 0.9823141032348562	 -0.0997105890653115	 0.10426593677076697	 
-0.45160608668375085	 0.16192174748132176	 0.8774014418513245	 0.00953431376833775	 
0.0	 0.0	 0.0	 1.0	 
1	 7	  37
0.8120788262492921	 0.05080273309366101	 0.5813321445333864	 -0.5481464648337988	 
0.030967130202341982	 0.9910477675852066	 -0.12986669785364105	 0.1454726960161682	 
-0.5827255072541472	 0.12346418377242811	 0.8032356930072304	 0.17288750537648048	 
0.0	 0.0	 0.0	 1.0	 
1	 34	  37
0.4436260536059456	 0.4289087774680771	 -0.78691370884796	 1.1409200394592545	 
-0.28685459777245986	 0.8998074912493532	 0.32872620587404267	 -0.2968843017017314	 
0.8490644052713627	 0.07989830600445878	 0.5222125011897006	 0.6988135510317027	 
0.0	 0.0	 0.0	 1.0	 
1	 35	  37
0.7773106009833842	 0.3338818402632439	 -0.5332083517174876	 1.2878365704794197	 
-0.285698851368436	 0.9424551258704105	 0.17365051697978034	 -0.220994145091627	 
0.5605036984049315	 0.017356625911114792	 0.8279700185461885	 0.6630315330196822	 
0.0	 0.0	 0.0	 1.0	 
1	 36	  37
0.9278060048523747	 0.19173668237780347	 -0.32002040870955234	 1.3456622008224832	 
-0.14433238683869407	 0.9755039527827599	 0.16601265076691296	 -0.320216244571465	 
0.34401188855811526	 -0.10783822483685768	 0.9327522381611931	 0.6183433029086361	 
0.0	 0.0	 0.0	 1.0	 
1	 37	  37
0.9429010067193434	 0.24378248748538298	 -0.22695327784168798	 1.4213993031184244	 
-0.19805921472427968	 0.9582110959488785	 0.20640746852584965	 -0.383974566160804	 
0.2677876752026669	 -0.14967162187898922	 0.95178157505473	 0.6432265042932721	 
0.0	 0.0	 0.0	 1.0	 
1	 38	  37
0.9770231052094371	 0.006560246121207678	 0.21303242724463056	 0.7436368998177416	 
0.004580115732525621	 0.9986491218326993	 -0.051758612835499054	 0.22534788517641954	 
-0.21308419562883193	 0.05154507380543368	 0.9756732193411928	 0.32580154386008137	 
0.0	 0.0	 0.0	 1.0	 
1	 45	  37
0.9160498303441842	 -0.07950014435494457	 0.39310613754294577	 0.6983432028200407	 
0.1893618444190486	 0.9497608217559491	 -0.2491916397788646	 -0.2237133494451036	 
-0.35354603689563036	 0.30271126260019865	 0.8850825336037237	 0.03532909496779635	 
0.0	 0.0	 0.0	 1.0	 
1	 46	  37
0.8850752437745141	 -0.03904884037026752	 0.4638070729551477	 0.35596160782732567	 
0.08516883314988609	 0.993237377618835	 -0.07890362197482956	 -0.11811565991383267	 
-0.4575894259239077	 0.10933754966431806	 0.8824155582921415	 0.27225462650006255	 
0.0	 0.0	 0.0	 1.0	 
1	 47	  37
0.8306649388516216	 -0.28386293438796106	 0.4789755670629639	 0.03879006814663018	 
0.20789995997101932	 0.9561845840298778	 0.20612774657395816	 0.04613999063729868	 
-0.5165010803538375	 -0.07164409078399346	 0.8532841017205546	 0.32463266139129443	 
0.0	 0.0	 0.0	 1.0	 
1	 48	  37
0.7859000617129184	 -0.34101207941786044	 0.5158215337602132	 -0.34352245498768436	 
0.17404034851159786	 0.9224493306970518	 0.34466968155978456	 0.1930657381733799	 
-0.593355753397229	 -0.18110216450299227	 0.7843028470704018	 0.1629519014489872	 
0.0	 0.0	 0.0	 1.0	 
1	 49	  37
0.8426886120317751	 -0.31830354265102767	 0.4342335292072282	 -0.21870040625229117	 
0.22299040161675374	 0.9404368964856521	 0.2566198053838271	 -0.06198832672655754	 
-0.49005222572574736	 -0.11942067854538144	 0.8634740978147529	 0.41601618503983206	 
0.0	 0.0	 0.0	 1.0	 
2	 3	  37
0.8786502322466382	 -0.17344791327497555	 0.4448478287611232	 -0.1331422574375677	 
0.15605808149029746	 0.984838881853611	 0.07575125075467015	 0.07223852282542079	 
-0.4512423346434778	 0.002863244643020908	 0.8923968608503828	 -0.08677321627959995	 
0.0	 0.0	 0.0	 1.0	 
2	 5	  37
0.8340259814725448	 -0.06851087324347296	 0.5474549501796242	 -0.08009044758083153	 
0.15237054412015472	 0.9822716170863234	 -0.10920479637427556	 0.08355495978137857	 
-0.5302677432328747	 0.17449564611770602	 0.8296790885472997	 -0.20798211086694232	 
0.0	 0.0	 0.0	 1.0	 
2	 6	  37
0.9783963010561642	 -0.09389600679707412	 0.1841852816790186	 -0.14834138579909384	 
0.09619124257143188	 0.9953565540116227	 -0.0035461582974667615	 0.09495536471070358	 
-0.18299705716808584	 0.02118655926927504	 0.9828851442432887	 -0.01882398058986173	 
0.0	 0.0	 0.0	 1.0	 
2	 7	  37
0.9543202344824162	 0.01928967878874421	 0.2981623691039028	 -0.33863148941701576	 
-0.05323516664062709	 0.9929239635351402	 0.10615092873079816	 -0.21655454193610824	 
-0.29400494398933064	 -0.11717470260211196	 0.9485943189688285	 0.26812032940390096	 
0.0	 0.0	 0.0	 1.0	 
2	 8	  37
0.9759175373890268	 -0.1284062482149568	 0.1763428355105354	 -0.6011522462825284	 
0.12895679099977345	 0.9916147769767489	 0.00838332490075572	 -0.08471169979288992	 
-0.17594063280429983	 0.014559172390961928	 0.9842931088998398	 0.7606212965438895	 
0.0	 0.0	 0.0	 1.0	 
2	 35	  37
0.46275667277106836	 0.3332401442793124	 -0.8214665349523095	 1.2651679738775754	 
-0.21950403916691133	 0.9408723190230601	 0.25802568880943	 -0.13056350672689854	 
0.85887964150704	 0.060912113219563815	 0.5085425015353835	 1.3359285044492784	 
0.0	 0.0	 0.0	 1.0	 
2	 36	  37
0.7986580705593229	 0.23113921752065894	 -0.5556257269551119	 1.0966757200236448	 
-0.0864601041578768	 0.9577894609062921	 0.2741605350261838	 -0.26761888162200353	 
0.5955417170270006	 -0.17092106570218862	 0.7849306036712794	 1.0202237197439907	 
0.0	 0.0	 0.0	 1.0	 
2	 37	  37
0.7637164402382677	 0.28031224105654334	 -0.5815171935752601	 1.4044317521775123	 
-0.15369666366339554	 0.9538572788865131	 0.25794113106280186	 -0.20900282622162358	 
0.6269884643982933	 -0.10761662989089708	 0.7715595417609686	 1.313591783124537	 
0.0	 0.0	 0.0	 1.0	 
2	 38	  37
0.9346340914839328	 0.13138632550441726	 -0.33044931306699815	 1.072911100999075	 
-0.11002954098986185	 0.9904890795088089	 0.08261285301545324	 0.12538260677263488	 
0.33816063512118616	 -0.040853602585816495	 0.9402012380390683	 0.9364375062995387	 
0.0	 0.0	 0.0	 1.0	 
2	 45	  37
0.9954924982086885	 -0.07723263140739366	 -0.05504367952921122	 0.9511140790866418	 
0.07592279879555683	 0.9967874281639524	 -0.02550591455610747	 -0.5546951945417783	 
0.05683673665222357	 0.02121187639469331	 0.9981581245807408	 0.6365254160095526	 
0.0	 0.0	 0.0	 1.0	 
2	 46	  37
0.9707266526757687	 -0.14049301656012575	 0.19481139104973993	 0.28126716999004686	 
0.13579170557615736	 0.9900331433275851	 0.037349535601137046	 -0.06557533346170039	 
-0.19811708276071688	 -0.009802418616777999	 0.980129345600694	 0.41606478928876856	 
0.0	 0.0	 0.0	 1.0	 
2	 47	  37
0.9413147283556641	 -0.2807120581004833	 0.18742284443923518	 0.06254459561214488	 
0.21711678197810746	 0.9287259482465209	 0.30054686163238	 0.12085967275481627	 
-0.25843158700935576	 -0.24221654256180072	 0.9351707124077581	 0.3804061366865555	 
0.0	 0.0	 0.0	 1.0	 
2	 48	  37
0.949365178385042	 -0.22295159669651424	 0.22135569475487216	 -0.1815444352108214	 
0.0979887350308511	 0.879541900013107	 0.46562243709725404	 0.07712079911183359	 
-0.2985028741519766	 -0.4203553635340074	 0.8568531977364624	 0.15988013763287895	 
0.0	 0.0	 0.0	 1.0	 
2	 49	  37
0.972154396551973	 -0.1791730245829257	 0.15103925491896034	 -0.23723605235753467	 
0.11823989587769997	 0.931505622307967	 0.3439718049949391	 -0.03301245443056857	 
-0.2023243838184101	 -0.3165348367406851	 0.9267526859103509	 0.4164612654042058	 
0.0	 0.0	 0.0	 1.0	 
3	 4	  37
0.8064263360099644	 -0.03148914658258063	 0.5904955531052248	 -0.6702765678400561	 
0.09947377537525001	 0.9915748398831572	 -0.08297171158464409	 0.1430003670814416	 
-0.5829078251337327	 0.12564939537535352	 0.8027644093005555	 0.05031635702622396	 
0.0	 0.0	 0.0	 1.0	 
3	 5	  37
0.9965535342744177	 0.05414187289619812	 0.062846725646281	 0.23186969922933923	 
-0.04209614097144979	 0.9829028919782951	 -0.17924792845669288	 -0.04936226835586539	 
-0.07147704694850524	 0.17598455199248533	 0.9817945147634131	 -0.14849703476362783	 
0.0	 0.0	 0.0	 1.0	 
3	 6	  37
0.9613986195991765	 0.029099839865802776	 -0.273616325449676	 0.06636975306412754	 
-0.028087701432253167	 0.9995764442111933	 0.007616640096556046	 -0.023597799089086758	 
0.27372207667824516	 0.0003626263814080274	 0.9618087612623714	 -0.011563653142927299	 
0.0	 0.0	 0.0	 1.0	 
3	 7	  37
0.9414737953596869	 0.28285007393037537	 -0.1833655592760177	 -0.3886812021432577	 
-0.28940822853860826	 0.9571588466885789	 -0.009477312906803644	 -0.12533020952695983	 
0.17282930858268863	 0.06199014343724342	 0.9829991109922017	 0.22008412578057826	 
0.0	 0.0	 0.0	 1.0	 
3	 38	  37
0.0015660318229164289	 0.27530425754280835	 -0.9613558723610787	 1.0409404766493513	 
-0.7288236619606493	 0.6585558705997566	 0.18740393556396887	 -0.41539080944039963	 
0.6846996548199782	 0.7003654268147438	 0.20167957658623498	 2.5459882872969013	 
0.0	 0.0	 0.0	 1.0	 
3	 39	  37
0.8488746638164455	 0.29348752972648806	 -0.4396326591889656	 0.7153590896243751	 
-0.22356317330025902	 0.9529905662487149	 0.20452014126944038	 -0.36400325018511737	 
0.478989887862401	 -0.07532629378907149	 0.8745825500143297	 1.4638812742830971	 
0.0	 0.0	 0.0	 1.0	 
3	 43	  37
0.6577230494536207	 -0.03155854299722625	 0.7525984643761389	 0.5871821148103994	 
0.03375112835642093	 0.9993532258726667	 0.012409322002504173	 -0.42344547249595726	 
-0.7525033232830924	 0.017239150262865603	 0.6583627876377248	 0.7064126151045724	 
0.0	 0.0	 0.0	 1.0	 
3	 45	  37
0.6231454019264667	 -0.7819918313802644	 0.01336352170804923	 0.9993049125441573	 
0.508878920412905	 0.39241653439495355	 -0.7661928659892694	 1.105129669535094	 
0.5939124955894579	 0.4842499759297812	 0.6424717179726335	 0.8548110650165052	 
0.0	 0.0	 0.0	 1.0	 
3	 46	  37
0.9261698116228856	 0.0619635397536139	 -0.37198118202353997	 1.1911631946826566	 
-0.03761904119436798	 0.9966690728451872	 0.0723572178398946	 -0.41933282779598585	 
0.37522564914734163	 -0.053021495406258064	 0.925415816401924	 0.48759885655008633	 
0.0	 0.0	 0.0	 1.0	 
3	 47	  37
0.9643542249910177	 0.18677266445005994	 -0.1874483943814896	 -0.06223962016222832	 
-0.09244025586266102	 0.9015360767715074	 0.42271444424751403	 -0.40427415293763697	 
0.24794299312144086	 -0.3903186827371503	 0.8866654375063439	 0.5220427826841981	 
0.0	 0.0	 0.0	 1.0	 
3	 48	  37
0.67833987442271	 0.49567349174281694	 -0.5423677759156292	 1.0632814899724732	 
-0.17874584711336147	 0.8273189944179418	 0.5325346970996466	 -0.33119141603720387	 
0.712674495760799	 -0.26429353200328104	 0.6498030409541976	 1.093999454108833	 
0.0	 0.0	 0.0	 1.0	 
4	 5	  37
-0.9513522639681087	 0.018012336055428818	 -0.30757832432175636	 0.7545907273715068	 
-0.07059226244620354	 0.9589910097989475	 0.274504964631827	 -1.3888630879983284	 
0.2999093235054213	 0.2828635693662593	 -0.9110667367431976	 6.16250086474518	 
0.0	 0.0	 0.0	 1.0	 
4	 39	  37
-0.7923955621353245	 0.34795290874564955	 -0.5010369710946336	 2.100555671624194	 
0.4748689312808951	 -0.1637033952897572	 -0.8646968812680812	 3.2884779816978456	 
-0.38289524835440836	 -0.9231088623050087	 -0.035514181978037004	 2.735182556795911	 
0.0	 0.0	 0.0	 1.0	 
4	 40	  37
0.983243973447721	 0.1282515871615153	 -0.1295485201354683	 0.00852545973946412	 
-0.09755974448736839	 0.9705284048740334	 0.22035587486659766	 -0.25656224837441005	 
0.1539915092928731	 -0.20402486545324935	 0.9667783972258001	 1.421907927254594	 
0.0	 0.0	 0.0	 1.0	 
4	 41	  37
0.9292275700770257	 -0.143213870551234	 0.34062576281086177	 0.031562024788100176	 
0.0972769900689402	 0.9841314309292543	 0.14839984454259494	 -0.19119592325285445	 
-0.3564734354925685	 -0.10476217799794645	 0.9284134724621634	 1.225828937680693	 
0.0	 0.0	 0.0	 1.0	 
4	 42	  37
0.9424201643892817	 -0.12734200736671902	 0.30923817182277713	 0.006549080396584792	 
0.18385612172742716	 0.9696773401623568	 -0.16100553555392363	 -0.3380059908469779	 
-0.27935847983519024	 0.20859019424572858	 0.9372560859278006	 1.168459347290738	 
0.0	 0.0	 0.0	 1.0	 
4	 43	  37
0.9918737564017578	 -0.1194307581368849	 0.04384912054208625	 0.1428163820667466	 
0.12443410600226376	 0.9824752875309598	 -0.13877486319350038	 0.14701437732416597	 
-0.026506690191023474	 0.14310347096351736	 0.9893527136331665	 1.111808887290653	 
0.0	 0.0	 0.0	 1.0	 
4	 45	  37
0.797169883736327	 0.3462743534447367	 0.49458492557925665	 0.03677561158317493	 
0.6022618354577515	 -0.39849532368347035	 -0.6917240479797322	 2.48036508501354	 
-0.04243651746868719	 0.8492912039747238	 -0.5262162985277955	 3.563152865047577	 
0.0	 0.0	 0.0	 1.0	 
4	 46	  37
-0.18514958403350426	 -0.2050039844511813	 -0.9610894848511039	 2.2831981788285556	 
0.09690117041604131	 0.9694239334769303	 -0.22544932994825745	 0.5668286099720922	 
0.9779211597589151	 -0.1348725456171742	 -0.15962331200210564	 3.2687888894413533	 
0.0	 0.0	 0.0	 1.0	 
4	 47	  37
0.2830483299794029	 0.8995318244946656	 -0.33275537503873553	 0.3138492337564311	 
-0.5428654867942111	 0.43627666027860956	 0.717606952965081	 -0.5165464862136109	 
0.790683695382393	 -0.022476040964581216	 0.6118121618920328	 0.8754061491974742	 
0.0	 0.0	 0.0	 1.0	 
4	 48	  37
-0.9559380761362638	 -0.13712504843112075	 0.25957487491215664	 -0.9673001803850445	 
-0.127878183816572	 -0.6014074654731929	 -0.7886420167458023	 2.5864670051567744	 
0.26425284236252566	 -0.7870868958163855	 0.5573729933692987	 0.8358260052606493	 
0.0	 0.0	 0.0	 1.0	 
5	 6	  37
0.9424896685426394	 -0.008546190248431033	 -0.33412600515766916	 -0.18947380549168774	 
0.05833601576376225	 0.9885350174382088	 0.13926747130342387	 0.09070907457407312	 
0.32910505002991863	 -0.15074973277149636	 0.9321825916171822	 0.10785923415248892	 
0.0	 0.0	 0.0	 1.0	 
5	 7	  37
0.9641734318365992	 0.13734707977925836	 -0.22694795221932354	 -0.14290180549249346	 
-0.1302459986365104	 0.9904118261374882	 0.046047741379828463	 0.2583873482916623	 
0.23109645860465342	 -0.014838946159196686	 0.9728176769041933	 0.18269368845938583	 
0.0	 0.0	 0.0	 1.0	 
5	 38	  37
0.5682575998384645	 0.5568359147254507	 -0.6058193330504554	 -0.002311032009106788	 
-0.10448896735701821	 0.779116026418931	 0.6181102434661959	 -0.43461589574318266	 
0.8161895343157077	 -0.2879444068723099	 0.5009218128854664	 1.7396380574382442	 
0.0	 0.0	 0.0	 1.0	 
5	 39	  37
0.06474271480263027	 0.4544140857740099	 -0.8884347018943803	 0.7564235503325384	 
-0.033026844430099685	 0.8907905694663427	 0.45321230002816465	 -0.15747824424494025	 
0.99735530701299	 9.247131205491828e-17	 0.0726800631055362	 1.9715514849229183	 
0.0	 0.0	 0.0	 1.0	 
5	 43	  37
-0.9909748604228622	 0.10354980645286878	 0.08512498806732237	 -0.39755936376905804	 
0.1285553141667469	 0.9140633519928825	 0.3846579256209655	 -0.4378749242985481	 
-0.03797837818255785	 0.3921296037372193	 -0.9191256805592545	 5.05508889885848	 
0.0	 0.0	 0.0	 1.0	 
5	 45	  37
0.8064798475934757	 -0.48631908774641663	 -0.33627964600774923	 0.49418294236506183	 
0.3060824421108613	 0.8300034009433892	 -0.46627019318615964	 1.0977521555112244	 
0.5058693448481092	 0.27310821905592636	 0.8182347503174405	 0.8214614540139198	 
0.0	 0.0	 0.0	 1.0	 
5	 46	  37
0.8756038279367853	 0.08828197419749315	 -0.4748939139789456	 0.15989682962441348	 
-0.02459094689817052	 0.9900285104017479	 0.13870412366742146	 0.005173281973115301	 
0.4824035881221243	 -0.10977177061289088	 0.8690436908138803	 0.878907170416371	 
0.0	 0.0	 0.0	 1.0	 
5	 47	  37
0.9266642919606177	 0.14073183153987062	 -0.3485510602430576	 -0.09682123478444454	 
0.04232591902388615	 0.8823054638433901	 0.46877029028179995	 0.023534160106801833	 
0.3734994064036913	 -0.44914543308769495	 0.8116443638395805	 0.6692854686473257	 
0.0	 0.0	 0.0	 1.0	 
5	 48	  37
0.9761254042449917	 0.09305872772553613	 -0.19626326294458712	 -0.3367168577653819	 
0.037618223736934214	 0.8174909527980453	 0.5747115897006273	 0.11687297796710694	 
0.21392537117048435	 -0.5683736581575969	 0.7944729827263612	 0.21359174840253056	 
0.0	 0.0	 0.0	 1.0	 
5	 49	  37
0.9447898926800465	 0.11197854439690169	 -0.30794945085902903	 -0.4477704739940682	 
0.05115869108251291	 0.8778640755114059	 0.47616956355192214	 0.013647254818744237	 
0.3236585345952596	 -0.46563448167125154	 0.8236684299294195	 0.4200423170853887	 
0.0	 0.0	 0.0	 1.0	 
6	 7	  37
0.9765604110938916	 0.21446369697213072	 -0.018305358919631746	 -0.044301753675814605	 
-0.21487370607440454	 0.9763337754157305	 -0.024528542971730696	 -0.05190416909437881	 
0.01261165817728697	 0.02788694432009076	 0.9995315224716568	 0.2435338388174626	 
0.0	 0.0	 0.0	 1.0	 
6	 35	  37
-0.7674330970958365	 0.5773100515215827	 0.2788539866920321	 -1.7132807179373284	 
0.5843663359030791	 0.8087858203649396	 -0.06619276576651087	 0.9046830104823652	 
-0.26374689940376955	 0.11215436321765608	 -0.958049566497548	 4.352203926037021	 
0.0	 0.0	 0.0	 1.0	 
6	 36	  37
0.5584364967466261	 0.3835144506264399	 -0.7355714413040078	 1.08178488133388	 
-0.1961494192414957	 0.922615997523878	 0.33212215590689403	 -0.4250593450539235	 
0.8060236252322752	 -0.04118722221417137	 0.5904485822607259	 1.423146355200196	 
0.0	 0.0	 0.0	 1.0	 
6	 37	  37
0.7714076617057317	 0.13384583094806463	 -0.6221057088626636	 1.439824089843085	 
-0.24973877544472506	 0.9628715293131552	 -0.10251322879275176	 0.6742854311403002	 
0.5852869069961022	 0.2344434080454555	 0.7761929688698342	 0.9269831197333918	 
0.0	 0.0	 0.0	 1.0	 
6	 38	  37
0.8690027922000214	 0.27272025798537314	 -0.4128653630821523	 0.9083220440141274	 
-0.18569648118149634	 0.9531586579699107	 0.2387580147635018	 -0.2673549747049534	 
0.4586403427800221	 -0.1308137363635406	 0.8789407274402716	 1.02755829747873	 
0.0	 0.0	 0.0	 1.0	 
6	 39	  37
-0.7203019614820466	 -0.19130321906957104	 0.6667594488709823	 -1.7824187809076248	 
0.29431994458840854	 0.7861170102977896	 0.5435032808897675	 -0.6933022637632611	 
-0.6281248717433444	 0.5877270833423325	 -0.5099372716357592	 3.1267844212377907	 
0.0	 0.0	 0.0	 1.0	 
6	 44	  37
0.9764513348059142	 -0.1559074700376702	 0.1491162350054512	 0.759812332417925	 
0.16864372673730693	 0.9826731044062492	 -0.07689514489704198	 0.07587472497583067	 
-0.13454398607110077	 0.1002318844631662	 0.9858252812486916	 0.5853324966608169	 
0.0	 0.0	 0.0	 1.0	 
6	 45	  37
0.9772193355124714	 -0.12321354788478385	 -0.17280275437101186	 0.8699259291969986	 
0.05458377034141638	 0.9327399671650382	 -0.3563941156476621	 0.1283444573234876	 
0.2050926188722543	 0.3388429950148118	 0.9182169909196367	 0.564405352584408	 
0.0	 0.0	 0.0	 1.0	 
6	 46	  37
0.9977414497802419	 0.02900277961568369	 -0.06058744230437498	 0.38650934867078657	 
-0.029545466041221696	 0.9995307769330143	 -0.008080309405713203	 -0.1370306772816683	 
0.06032466184595572	 0.009852143840257612	 0.998130187117353	 0.5822626457634813	 
0.0	 0.0	 0.0	 1.0	 
6	 47	  37
0.9758970178898598	 0.12365827897608998	 0.17981557361460848	 -0.15038541924750787	 
-0.20919731122918658	 0.7647109558695954	 0.6094699655827909	 -0.8554682302161132	 
-0.062140932147482245	 -0.6323968564229911	 0.7721481208538689	 0.7048559081579696	 
0.0	 0.0	 0.0	 1.0	 
6	 48	  37
0.9974622641643889	 -0.032579871942041566	 0.06330547774318025	 -0.01277310860834461	 
0.004447281529881841	 0.9159325461595886	 0.40130760343233846	 0.1465527448328869	 
-0.07105809774435325	 -0.4000076534640972	 0.9137530431769304	 0.14978139344384955	 
0.0	 0.0	 0.0	 1.0	 
6	 49	  37
0.9998567796969842	 -0.010787138812644675	 0.01304061847510265	 -0.21297074731849455	 
0.006276587595031354	 0.9519454780511579	 0.3062032189022757	 0.0017554551625000947	 
-0.015717014415541897	 -0.30607751380032755	 0.9518768465529939	 0.3595238015849741	 
0.0	 0.0	 0.0	 1.0	 
7	 37	  37
0.5393582657772701	 0.24561083400666567	 -0.8054613456624009	 1.3436084680796287	 
-0.14128474115744807	 0.9693534752205735	 0.2009787600565543	 -0.12629804233556752	 
0.8301393154488038	 0.005399842252072435	 0.5575298724282354	 1.528309511827157	 
0.0	 0.0	 0.0	 1.0	 
7	 38	  37
0.8478353968604493	 0.09539986724096089	 -0.5216071368001891	 0.9813770527361144	 
0.01327916295397205	 0.9795543598868747	 0.2007409272118106	 -0.08632605165055436	 
0.5300932028065689	 -0.1771217698562845	 0.8292340290781915	 1.021685210007945	 
0.0	 0.0	 0.0	 1.0	 
7	 39	  37
0.9676042353027136	 -0.25246630292954225	 -0.0016762187624652976	 -0.009554834177058751	 
0.252428417458523	 0.9672932209883803	 0.02497436063865635	 -0.15138607142339014	 
-0.004683789452644422	 -0.024588422377464607	 0.999686686718069	 1.7561252713812925	 
0.0	 0.0	 0.0	 1.0	 
7	 44	  37
0.8008230219303505	 -0.3923201344402951	 0.45251231989757984	 -0.041731344828373325	 
0.3937628273590692	 0.9142113016394184	 0.09575245033393011	 0.07358008091775974	 
-0.45125749116943453	 0.10150176386402876	 0.8866025426288595	 0.19954539353489747	 
0.0	 0.0	 0.0	 1.0	 
7	 45	  37
0.975187416061745	 -0.18493546023252813	 -0.12168968363587644	 1.4746356514797108	 
0.1648679914135804	 0.9735300668337704	 -0.15829641302912012	 0.029957305272103295	 
0.14774318583971355	 0.13430593627690954	 0.9798642082037259	 -0.1811931564484922	 
0.0	 0.0	 0.0	 1.0	 
7	 46	  37
0.9580258332898542	 -0.15271378629467677	 -0.24262110836616074	 0.85945136256466	 
0.13808027484809263	 0.9874761529550853	 -0.07631962423191789	 0.17338506490893146	 
0.25123761750015794	 0.03961498227400345	 0.967114425873317	 0.3954950554868345	 
0.0	 0.0	 0.0	 1.0	 
7	 47	  37
0.9895547226756353	 -0.09795260028002419	 -0.10576738121334102	 0.2826761803383849	 
0.1325355678200568	 0.906791156256735	 0.40020510016388916	 -0.17333284640662153	 
0.056707795698311796	 -0.4100427868320027	 0.910301674651916	 0.30860349302451046	 
0.0	 0.0	 0.0	 1.0	 
7	 48	  37
0.9794825104547079	 -0.192538430968487	 -0.05952280498712401	 0.10482590137232221	 
0.19851898888933087	 0.8709493963488739	 0.4494856616733056	 0.12928913405806072	 
-0.03470191296888373	 -0.45207975137106654	 0.8913022358530099	 -0.12100489395952282	 
0.0	 0.0	 0.0	 1.0	 
7	 49	  37
0.9846347052950779	 -0.1405413703294473	 -0.10364661284574722	 -0.04070572990126774	 
0.16978941549288168	 0.9092249636502642	 0.38010724784165983	 -0.12623939450026128	 
0.040817294313326105	 -0.39186488577199224	 0.919116891251512	 0.1546677952282652	 
0.0	 0.0	 0.0	 1.0	 
8	 37	  37
0.8248468839448471	 0.161215433134151	 -0.5418830152033225	 1.6977993422619466	 
-0.10987369473595227	 0.9859176794461331	 0.1260718071601397	 0.17191849382654337	 
0.5545767658778606	 -0.04445124829428879	 0.8309444610041833	 0.3575241843476039	 
0.0	 0.0	 0.0	 1.0	 
8	 38	  37
0.8560879914310372	 0.3430817186219213	 -0.38653367935407795	 1.4330461070458778	 
-0.222090177389992	 0.9195229256869001	 0.3242738691955997	 -0.4232239117461427	 
0.4666790160639904	 -0.19176163193827828	 0.8633876142740953	 0.4409910433485466	 
0.0	 0.0	 0.0	 1.0	 
8	 39	  37
0.995734204532418	 -0.017792467140173053	 0.09053630231712452	 1.1274818643734525	 
0.021732873836332486	 0.9988504731933273	 -0.04272486859288994	 0.30079411768690645	 
-0.08967204759012673	 0.044510227077959416	 0.9949762628155817	 0.5541706923470685	 
0.0	 0.0	 0.0	 1.0	 
8	 44	  37
0.9067628838479705	 -0.408478893130742	 -0.10452782568481503	 2.054905704545764	 
0.39682802849211973	 0.9105502205768486	 -0.11586980456749366	 0.5660840759247874	 
0.14250820425073168	 0.06358686715144779	 0.9877490177403847	 0.011526941362172801	 
0.0	 0.0	 0.0	 1.0	 
8	 45	  37
0.9777618370851149	 -0.15010557553302523	 -0.14645854749327397	 1.4571582842841464	 
0.11443156474093594	 0.9670949805473148	 -0.22722833360109018	 -0.07404131992328458	 
0.17574756593159774	 0.20541571214025112	 0.9627653807003196	 -0.08633712016749254	 
0.0	 0.0	 0.0	 1.0	 
8	 46	  37
0.9734681523083302	 0.22838318929341658	 -0.014173047998663644	 0.8180132297607948	 
-0.21955707381339717	 0.9497041571910336	 0.22328615083019826	 -0.6513266708818821	 
0.06445500585604991	 -0.2142501637391088	 0.9746498958897298	 -0.03684482083858061	 
0.0	 0.0	 0.0	 1.0	 
8	 47	  37
0.9091704176527192	 0.28867803714745416	 0.30012354545065684	 0.12874909515806485	 
-0.4134969472387133	 0.5405281932057219	 0.7327001753609873	 -1.3091725229666973	 
0.04928921067986603	 -0.7902494942854756	 0.6107997302652532	 0.4933083034502095	 
0.0	 0.0	 0.0	 1.0	 
8	 48	  37
0.9838944996216052	 -0.1454855860246232	 0.1038535404953648	 0.4644078588920155	 
0.08958110364770536	 0.9040933213164051	 0.4178402711806624	 0.2287255980193321	 
-0.1546830290743285	 -0.4018074297597575	 0.9025652053487591	 -0.5145273769403605	 
0.0	 0.0	 0.0	 1.0	 
8	 49	  37
0.9975377755441005	 0.036210105342759834	 -0.06006009185469571	 0.5290631970805889	 
-0.01397116413832309	 0.9418355077099487	 0.33578368481712084	 0.023444543997617046	 
0.06872548970468102	 -0.3341178006150073	 0.9400223946146401	 -0.22665404218734758	 
0.0	 0.0	 0.0	 1.0	 
8	 50	  37
0.9972183729496823	 -0.028883391841352832	 0.06871147158464154	 0.051055567510825677	 
0.033925706114523474	 0.996726370675109	 -0.07338656869929094	 0.015189257109147706	 
-0.06636688267667168	 0.07551351982634442	 0.9949337391038746	 0.020854491222985917	 
0.0	 0.0	 0.0	 1.0	 
8	 51	  37
0.9865330683422294	 -0.12565109136091074	 0.10471059309867964	 -0.45906915764867867	 
0.13372569223905587	 0.9882506649969408	 -0.07401393360907994	 -0.03622701614376598	 
-0.09418038172809966	 0.08701968957032681	 0.991744740003512	 0.2339363483381956	 
0.0	 0.0	 0.0	 1.0	 
9	 10	  37
0.997677666338237	 -0.0421747720191873	 -0.0534842284698643	 -0.3505635370794529	 
0.05191408863797842	 0.9791759541127165	 0.19626354294248727	 -0.014877170413590999	 
0.044093100262684266	 -0.19858433848765417	 0.9790914456865845	 0.5394507880555	 
0.0	 0.0	 0.0	 1.0	 
9	 51	  37
0.9984706327865868	 0.016584268441991984	 -0.05273857699063149	 0.2757722647957587	 
-0.00849451671940743	 0.988639296799345	 0.1500672649507607	 0.04642800614874025	 
0.054628185476514886	 -0.14938976827193332	 0.9872681796184872	 -0.08972286490484485	 
0.0	 0.0	 0.0	 1.0	 
9	 52	  37
0.990673214575421	 -0.11746622408569601	 0.0690526474644612	 -0.2365932947224022	 
0.10857215521520856	 0.9867136827936163	 0.12086436737013445	 0.10392360523517183	 
-0.08233267294778376	 -0.11223989659166284	 0.9902643771126806	 0.21532663616212236	 
0.0	 0.0	 0.0	 1.0	 
9	 53	  37
0.998577013608393	 -0.030008701604714662	 -0.0440843024322866	 0.01292254686809135	 
0.03488598389787463	 0.9928226182772825	 0.11439500323230577	 0.05469751585003387	 
0.04033504704868177	 -0.11577014496423971	 0.9924567282831726	 0.29329033892426076	 
0.0	 0.0	 0.0	 1.0	 
10	 11	  37
0.9728948992573981	 -0.03972601955937387	 -0.22780991718734878	 0.2804029690642107	 
0.015109609199471968	 0.9939488923812096	 -0.1087993522223685	 -0.023446632206673392	 
0.2307535800562532	 0.1024082159991865	 0.9676080521508114	 0.39951343589089483	 
0.0	 0.0	 0.0	 1.0	 
10	 51	  37
0.2257109196777032	 -0.9715539518535039	 -0.0716763515818392	 -0.09762045814367203	 
-0.5628050337374714	 -0.06998794649327345	 -0.8236213822779351	 2.109751852249934	 
0.7951761281238312	 0.22624015113036952	 -0.5625924984200358	 4.4719797332206115	 
0.0	 0.0	 0.0	 1.0	 
10	 52	  37
0.9959792841118098	 -0.030096626017849158	 0.08437688500098024	 0.1609710207198698	 
0.036322445822373005	 0.9966520115859261	 -0.07324921659108982	 0.12935007687203964	 
-0.08188983788973903	 0.0760194771362531	 0.9937379400759149	 -0.2918263234757952	 
0.0	 0.0	 0.0	 1.0	 
10	 53	  37
0.9844713332054926	 -0.05296896341674258	 0.16736332636260345	 -0.1527447992159058	 
0.07079000041230227	 0.9922239367048399	 -0.1023739970479584	 0.1078197942798173	 
-0.16063925403906004	 0.11263191530159188	 0.9805656947483263	 0.0027451107796187773	 
0.0	 0.0	 0.0	 1.0	 
10	 54	  37
0.9994745275298057	 0.009149059168891199	 -0.031096037294110354	 -0.15680187499789233	 
-0.016596333043343625	 0.9684943721776306	 -0.24848181581309092	 -0.09248465170425756	 
0.027842962281104163	 0.24886732565079847	 0.9681372958805133	 0.3375616945737042	 
0.0	 0.0	 0.0	 1.0	 
11	 12	  37
0.968187975799447	 0.08097824435646496	 -0.23675845805021342	 -0.11251006923888827	 
-0.12160164166920887	 0.9792111855546872	 -0.1623529945148465	 -0.2605099394429709	 
0.21868946993562213	 0.18597843430228433	 0.957907583075605	 0.18849864022148743	 
0.0	 0.0	 0.0	 1.0	 
11	 52	  37
0.9726376650233362	 -0.01885184092981269	 0.23156118127076086	 -0.012072804659827371	 
-0.0033293532101632928	 0.99546908064618	 0.09502749541396525	 -0.15404279423234812	 
-0.23230343946045046	 -0.09319827021466782	 0.9681679577655105	 -0.6431755541545038	 
0.0	 0.0	 0.0	 1.0	 
11	 53	  37
0.8803607253879389	 -0.09435058173009833	 0.46482573177655895	 -0.7596777403291951	 
0.07264385091935076	 0.9952742148557775	 0.06443685410401255	 -0.04151295549317873	 
-0.4687087199082478	 -0.02296094445807074	 0.8830543193436997	 -0.28171298677570644	 
0.0	 0.0	 0.0	 1.0	 
11	 54	  37
0.9885649829408789	 0.012570202778042897	 0.15027063753514197	 -0.30567447208676296	 
0.020304843437077284	 0.9763481616816552	 -0.21524864811154681	 0.1079884231579742	 
-0.14942217986662779	 0.21583849791677964	 0.9649283677978033	 0.0071767726368337755	 
0.0	 0.0	 0.0	 1.0	 
11	 55	  37
0.9910829063398328	 0.05666567721636393	 -0.12059715496893665	 -0.18262066111588904	 
-0.070577885625716	 0.9909236963535061	 -0.11440712419123213	 0.029556498856210825	 
0.11301962140086215	 0.12189843735961318	 0.9860868806285229	 0.007335490679774263	 
0.0	 0.0	 0.0	 1.0	 
12	 52	  37
0.767812085946904	 -0.10465427246924583	 0.6320696828102084	 -0.743009824785114	 
-0.10257558021603287	 0.9537606093326111	 0.2825224777408531	 -0.11621475187796947	 
-0.6324103501819129	 -0.2817590874123128	 0.7215739502250421	 -0.6617100286921013	 
0.0	 0.0	 0.0	 1.0	 
12	 54	  37
0.9529222738689761	 -0.02171135066450999	 0.30243636887236597	 -0.13683495181000196	 
-0.007945564665768323	 0.9953026290242435	 0.0964859816738708	 0.0484867563950093	 
-0.3031105540335429	 -0.09434666877930101	 0.948273535496866	 -0.21812293223316648	 
0.0	 0.0	 0.0	 1.0	 
12	 55	  37
0.977523970447565	 -0.08539884193846681	 0.1927535343281549	 -0.263992487359491	 
0.05167479800039233	 0.9834502896584565	 0.17365265049032774	 -0.016412540690943285	 
-0.2043932544191348	 -0.1597891284357796	 0.965759199791381	 -0.10721915749895912	 
0.0	 0.0	 0.0	 1.0	 
12	 56	  37
0.922819803346268	 0.11183900948671273	 -0.3686402670748067	 -0.09631004218965085	 
0.05320539148771328	 0.9107584169799191	 0.40949760953743086	 0.08398438625794029	 
0.38154003311394874	 -0.3975061532319493	 0.8345154649700299	 -0.020683028533299078	 
0.0	 0.0	 0.0	 1.0	 
13	 14	  37
0.9644198394946804	 0.05659046972895274	 -0.2582477336297656	 0.20908192561438482	 
-0.08327672377555476	 0.9921220391481012	 -0.09358871039726399	 -0.07119623007480641	 
0.25091703901143086	 0.1117648342389923	 0.9615348466702947	 0.11910111553484237	 
0.0	 0.0	 0.0	 1.0	 
13	 15	  37
-0.6188688633269138	 0.519462139492187	 0.5892032040295203	 -1.0096072960751115	 
-0.77718639311439	 -0.29613295764149267	 -0.5552356092294036	 1.8748123435606774	 
-0.11394139003144817	 -0.801538743313573	 0.5869863734406445	 1.1261472577284088	 
0.0	 0.0	 0.0	 1.0	 
13	 54	  37
-0.8210967033267464	 0.4980632744732374	 0.2788067043794775	 -0.8748482333170886	 
-0.41719017926092306	 -0.8570395525421348	 0.3023831339652003	 -0.4411429214722238	 
0.38955430701532134	 0.13197037546121457	 0.9114994579737492	 0.7571994556612912	 
0.0	 0.0	 0.0	 1.0	 
13	 55	  37
0.9240464603512603	 -0.0010933602492371995	 0.3822786204794517	 -1.5645627413491279	 
-0.00129194050544373	 0.9999812674405487	 0.00598294724400881	 -0.8520616686484135	 
-0.3822780009391568	 -0.006022402457457303	 0.9240277380396124	 0.6876444463616673	 
0.0	 0.0	 0.0	 1.0	 
13	 56	  37
0.9675583913899244	 -0.15270432586549	 0.20127629794118007	 -0.4569808277689877	 
0.10845632430447649	 0.970574568691085	 0.2149935634582468	 0.05659033947423973	 
-0.22818410323530988	 -0.18618913897453615	 0.9556493182954803	 0.03667062473027153	 
0.0	 0.0	 0.0	 1.0	 
13	 57	  37
0.9167185136441967	 0.1056230712575682	 -0.3853192618596854	 -0.029157901544899046	 
-0.1181667294960451	 0.9929534752194655	 -0.00894539489310564	 0.5285948717405105	 
0.38165926005035233	 0.0537323260961575	 0.922739966810863	 0.27821503645314394	 
0.0	 0.0	 0.0	 1.0	 
14	 15	  37
0.913709458780268	 0.14125871165448134	 -0.38102624754363673	 0.2815358499791593	 
-0.011055052178064285	 0.9459317968629827	 0.32417714525380775	 -0.08303895174555834	 
0.406217688877293	 -0.2919914588909824	 0.8658684525826689	 0.21833166949793623	 
0.0	 0.0	 0.0	 1.0	 
14	 18	  37
0.24424368091835996	 0.18656907037985804	 -0.9515970819149496	 1.1159839845137143	 
-0.6416757924951237	 0.7668417228617017	 -0.014350937399825927	 0.4716209040661678	 
0.7270469047160623	 0.6141219374489846	 0.30701310116459235	 0.8273291835311712	 
0.0	 0.0	 0.0	 1.0	 
14	 56	  37
0.9018484596763926	 -0.19444729031118632	 0.3858232847690199	 -0.952557203623279	 
0.0692382345136235	 0.946503779059865	 0.31517719318952825	 0.09994966594350685	 
-0.42646854826675695	 -0.2575283431314508	 0.8670661623101283	 0.1546476859663003	 
0.0	 0.0	 0.0	 1.0	 
14	 57	  37
0.7202728921901176	 -0.6891428335697156	 0.07930394514515186	 -1.0932372185187482	 
0.4205667350094	 0.34290473192084564	 -0.8399642648528716	 3.8440615446949336	 
0.5516616555277476	 0.638356091664985	 0.5368155344758464	 0.7682167241145459	 
0.0	 0.0	 0.0	 1.0	 
15	 18	  37
0.6997661161891995	 0.16407611859567006	 -0.6952743414941063	 0.7239684714111845	 
-0.18050581728102763	 0.9822952097508788	 0.05013751916665143	 -0.07798465827818386	 
0.6911910246532368	 0.09041652618331261	 0.7169935977620376	 0.27984710201275603	 
0.0	 0.0	 0.0	 1.0	 
15	 56	  37
-0.5089108013102346	 0.7427853831568474	 0.43506283555172637	 -2.1068906239258487	 
-0.698095103056452	 -0.060409988429924316	 -0.7134520729428832	 1.7753689292797	 
-0.503659630502957	 -0.6667987011583256	 0.5492781342227206	 1.2191084299099981	 
0.0	 0.0	 0.0	 1.0	 
15	 57	  37
0.9161144211829017	 -0.18476372202502078	 0.355804348377275	 -0.5808263703562788	 
0.17116380431037054	 0.9827787146045421	 0.06963440395554324	 -0.057306703952557395	 
-0.362542851804745	 -0.0028922558157216706	 0.9319626148411634	 0.43236021900577726	 
0.0	 0.0	 0.0	 1.0	 
15	 62	  37
0.3050245108028449	 0.3861986434662628	 -0.8705232079584685	 0.9920761224802069	 
-0.25100757537529844	 0.9143650629993557	 0.3176975427515896	 -0.8026587921369659	 
0.918670367930575	 0.12160238217651219	 0.37584254114628696	 2.253084835782674	 
0.0	 0.0	 0.0	 1.0	 
16	 17	  37
0.9946429561813493	 -0.03036807876880038	 -0.0988087521969471	 0.12440539142969455	 
0.023562205393406574	 0.9973153713704433	 -0.06933161259650712	 -0.11346358738874109	 
0.10064895526444721	 0.06663204799587921	 0.9926882481343523	 -0.11545347316011792	 
0.0	 0.0	 0.0	 1.0	 
16	 61	  37
-0.6909495447109207	 -0.5219654168017375	 -0.5001408104991629	 -0.5166006952516569	 
