0	 1	  37
0.8094738541370369	 -0.3288421519224591	 0.486430795270548	 -0.2520312161079549	 
0.2219064012252653	 0.938345984201337	 0.26507425946039337	 -0.014179474597542471	 
-0.5436079732341892	 -0.10662857521429439	 0.832538718849752	 -0.032303791538347476	 
0.0	 0.0	 0.0	 1.0	 
0	 14	  37
0.945224553546789	 0.07771080600853596	 -0.31703560368163203	 0.7932844389580507	 
-0.04800881644107335	 0.9937824194021356	 0.10045723682823988	 -0.13505248844479145	 
0.3228710221066619	 -0.07973414272908075	 0.9430783475231835	 0.14863407425524602	 
0.0	 0.0	 0.0	 1.0	 
0	 24	  37
0.4918172826778165	 -0.3789450048390234	 0.7839109922478193	 -1.3442617258259317	 
0.3335161265142077	 0.9136466313442705	 0.23241520257553297	 -0.327424978134681	 
-0.804290217405613	 0.14714114428268926	 0.5757314737312987	 1.1058253893441383	 
0.0	 0.0	 0.0	 1.0	 
0	 25	  37
0.5958157321052727	 -0.37128415453780733	 0.7121458347592883	 -1.2761933632796922	 
0.31673934795690484	 0.9234816599650678	 0.2164666467703449	 -0.07181733558167819	 
-0.7380242535524786	 0.09659037373003666	 0.6678252023329155	 0.4217243972854193	 
0.0	 0.0	 0.0	 1.0	 
0	 26	  37
-0.9356894838769233	 0.062324189862890116	 -0.3472763814601716	 -0.35840158009482953	 
-0.247463202402198	 0.5856552493407131	 0.7718613168027768	 -1.8315683581413675	 
0.25148986703043397	 0.8081606426185343	 -0.5325685143748295	 4.27320322886345	 
0.0	 0.0	 0.0	 1.0	 
1	 2	  37
0.6677382678505878	 -0.05361744693280795	 0.7424626421795947	 -0.5649506758220776	 
0.4304575030758927	 0.8415427498151938	 -0.32636197431556097	 -0.17884691489561236	 
-0.607315357696119	 0.5375229945015284	 0.585010330411818	 -0.07947574029807673	 
0.0	 0.0	 0.0	 1.0	 
1	 14	  37
0.6245037790507084	 0.35241523226623406	 -0.6969924920816006	 0.6173382531676944	 
-0.3061967216677726	 0.9314445244771814	 0.19660789775943938	 -0.6366035035253547	 
0.7184974583053814	 0.09063444096045194	 0.6895990142977972	 0.5444990253318448	 
0.0	 0.0	 0.0	 1.0	 
1	 15	  37
0.8948963749136181	 -0.2622681545360481	 0.3610760214729327	 0.05537111259839574	 
0.2822338829228144	 0.9593419041421537	 -0.0026732540505537503	 -0.27291386712002036	 
-0.34569424857347164	 0.10430017292969103	 0.93253255194125	 0.4824100248717509	 
0.0	 0.0	 0.0	 1.0	 
1	 16	  37
0.4976667719805679	 -0.2834665682134997	 0.8197405008731128	 -0.6499081594015161	 
0.43734770141878526	 0.8981623991681426	 0.045069865589218	 -0.10535397085770466	 
-0.74903589508791	 0.33608184929535556	 0.5709590339455772	 0.14877824385027605	 
0.0	 0.0	 0.0	 1.0	 
1	 23	  37
0.2228306647334192	 -0.3744531224700321	 0.9000729714455965	 -1.7929774827345581	 
0.5722750920856543	 0.7977030846713861	 0.19018677052863667	 -0.2324343348631425	 
-0.789207015828432	 0.4727098981174387	 0.3920429037605221	 0.7385209605780425	 
0.0	 0.0	 0.0	 1.0	 
1	 24	  37
-0.6971698957264504	 0.6135183397773801	 -0.37087650673718386	 0.5997104852757101	 
0.49795094997710737	 0.04223515841725167	 -0.8661761038093613	 0.7368157088106838	 
-0.5157508971486781	 -0.7885502128274876	 -0.33494712111026986	 2.695223510090682	 
0.0	 0.0	 0.0	 1.0	 
1	 25	  37
0.9578935987692073	 -0.14244858762865945	 0.2492955140382109	 -1.0252212163724312	 
0.17853449709700786	 0.9754934600945989	 -0.12859993257768684	 0.3146561370694052	 
-0.22486726481036393	 0.16769290144566995	 0.9598509280203037	 -0.15024229526784558	 
0.0	 0.0	 0.0	 1.0	 
2	 15	  37
0.9451266138537414	 0.20432560204709782	 -0.25492495392458386	 -0.11229238442105292	 
-0.03583015177589852	 0.8404122461797107	 0.5407619223788678	 0.08162233099124443	 
0.3247335584892272	 -0.5019544848083973	 0.8016169978060963	 0.8489979201770518	 
0.0	 0.0	 0.0	 1.0	 
2	 16	  37
0.9636363476981514	 0.017850254079822835	 0.2666202502141425	 -0.2915121109034386	 
-0.1028312578485792	 0.9457004118880901	 0.30834471515493145	 0.12915537195692284	 
-0.24663884893553406	 -0.3245490708413479	 0.9131468550084217	 0.06770135897039134	 
0.0	 0.0	 0.0	 1.0	 
2	 23	  37
0.8091621280547412	 -0.10988597025181948	 0.5772189567778754	 -1.7363349602114408	 
-0.15241905960866098	 0.909478437923065	 0.3868040863551376	 0.16114782347661882	 
-0.567472537476426	 -0.4009663882357692	 0.7191667919997616	 -0.20134124000351725	 
0.0	 0.0	 0.0	 1.0	 
3	 4	  37
0.9569894958246449	 0.08759913558828562	 0.27658180765458523	 -0.0204676004740915	 
0.13317165264320838	 0.714327250575547	 -0.6870239370047126	 0.37836290393328	 
-0.2577526252311885	 0.6943075475100097	 0.6719379537256893	 -0.4637708818104452	 
0.0	 0.0	 0.0	 1.0	 
3	 12	  37
0.7337057593040639	 -0.17713642869664936	 0.6559714508975547	 -1.615655902490286	 
0.37436213061958956	 0.9110574294895001	 -0.17270597942730637	 -0.26426579869551303	 
-0.5670351434629145	 0.3722862417556962	 0.7347612539304251	 0.6713141241893475	 
0.0	 0.0	 0.0	 1.0	 
3	 16	  37
0.7886079030778514	 0.3195769751165611	 -0.5253266909062416	 0.018010274423320618	 
-0.40720624979405845	 0.9115718768520477	 -0.05674313580595092	 -0.054299111849842464	 
0.4607392378903844	 0.2586643970626457	 0.8490065278667795	 0.058437718397793784	 
0.0	 0.0	 0.0	 1.0	 
3	 17	  37
0.9657615108840956	 -0.054418590957500214	 0.2536598530573337	 -0.2273034546180587	 
0.09273328245394905	 0.9855670199439097	 -0.14162693078718053	 0.43060569112295005	 
-0.24229164744205278	 0.1603005494596978	 0.9568691088245743	 -0.5614670504332749	 
0.0	 0.0	 0.0	 1.0	 
4	 17	  37
0.9958308155466041	 0.0911330378080138	 0.003969411501381515	 -0.20156995900351363	 
-0.07988916726338444	 0.8503092886994358	 0.5201844235513222	 0.11621680734263808	 
0.04403075926834768	 -0.5183327917191248	 0.8540447349330773	 -0.2335318253742035	 
0.0	 0.0	 0.0	 1.0	 
5	 6	  37
0.8733269851752716	 0.01476676995467704	 0.4869105867300231	 -0.05066537060660602	 
0.2590261018499409	 0.8324450808496501	 -0.48983738723135695	 -0.011166759284633804	 
-0.41255963874947044	 0.553910759847039	 0.7231717739241352	 -0.10752356072585184	 
0.0	 0.0	 0.0	 1.0	 
5	 11	  37
0.533905358543026	 0.8452872520632877	 0.02084537402731661	 0.3590957300989713	 
0.07777655204187896	 -0.07364451599097716	 0.9942470986716195	 -3.3109787771138937	 
0.8419595453889216	 -0.5292125723787668	 -0.10506272966532688	 2.0713313601925236	 
0.0	 0.0	 0.0	 1.0	 
5	 13	  37
0.5815056067083785	 -0.35636070147932325	 0.7313400575709526	 -1.61110087060536	 
0.49753009518689917	 0.8670301223608836	 0.026880686415820046	 0.21633118032081264	 
-0.6436730798705464	 0.34823241859429954	 0.681483051065783	 -0.0821862864927878	 
0.0	 0.0	 0.0	 1.0	 
5	 17	  37
0.6145520908465947	 0.4542598488029764	 -0.6449602448225604	 0.12642033343756168	 
-0.4455268346574612	 0.8745586635807999	 0.19144968935955195	 -0.00814236029169355	 
0.6510234767166109	 0.1696912894678528	 0.7398468078207504	 -0.0788620505949915	 
0.0	 0.0	 0.0	 1.0	 
5	 18	  37
0.8932782015814433	 -0.27330106211521116	 0.3568761466196912	 0.22388856931774934	 
0.2956592073769257	 0.9552556614653819	 -0.008500254795204023	 0.11150446474566239	 
-0.33858483083663043	 0.11310681095775353	 0.934113034724544	 -0.28769387818013425	 
0.0	 0.0	 0.0	 1.0	 
5	 22	  37
0.98274577299441	 -0.06507915793586116	 0.17313419322588708	 0.3288137289936027	 
0.07250252814870113	 0.9966855115333723	 -0.03689680896103843	 0.44492074487009153	 
-0.1701591286815562	 0.04881284976130536	 0.9842068769443306	 -0.6354117023597453	 
0.0	 0.0	 0.0	 1.0	 
5	 32	  37
0.3685943932874827	 0.7022524164543386	 -0.6090810429007572	 1.1688039643947699	 
-0.21779714819368493	 0.7022167033864676	 0.6778319140640546	 -0.9351904648837116	 
0.9037159816423136	 -0.1171889289527134	 0.41178171335695013	 0.9706215740006097	 
0.0	 0.0	 0.0	 1.0	 
6	 18	  37
0.9989181228121248	 -0.01974747295196239	 -0.042102508589303166	 0.25977543595291924	 
0.037683951289617684	 0.8742345949277924	 0.4840390406223869	 0.075701689960947	 
0.02724892167962865	 -0.4851019587091465	 0.8740329432715033	 -0.14272132889722958	 
0.0	 0.0	 0.0	 1.0	 
7	 8	  37
-0.18266802919999187	 0.9827560096043672	 -0.028688267544281332	 -1.0968609057737002	 
0.9146367994850807	 0.15915802364079412	 -0.37162918149473184	 0.10201443859494118	 
-0.36065484349427357	 -0.09412411538632197	 -0.9279378938090971	 5.3294126209936445	 
0.0	 0.0	 0.0	 1.0	 
7	 19	  37
0.9432106944728958	 -0.3071444251497014	 -0.12655389338703488	 0.7449690312512494	 
0.30897798211097266	 0.9510540303561019	 -0.005370094416840091	 -0.7403402674428868	 
0.122008984925656	 -0.034037236122720464	 0.9919451971528154	 -0.20722944252909573	 
0.0	 0.0	 0.0	 1.0	 
8	 9	  37
0.9584104581569702	 -0.17939785414431114	 0.2219590133870751	 0.3628200340005751	 
0.09916471413152136	 0.9386046421428846	 0.3304355992005728	 -0.03628141194688942	 
-0.26761119776003567	 -0.29468243190975	 0.9173584420264498	 0.20742773047128765	 
0.0	 0.0	 0.0	 1.0	 
9	 10	  37
0.8234637013300717	 0.26062496825453413	 -0.5039664259790527	 1.1329681850863935	 
-0.3178948553562636	 0.9476718012954551	 -0.02934310766512495	 -0.11074142353971464	 
0.46994722419628965	 0.18437131813747482	 0.863224665726398	 -0.008500762106377527	 
0.0	 0.0	 0.0	 1.0	 
9	 25	  37
0.269095709017647	 -0.321269934283649	 0.907949959366522	 -0.8313329337278392	 
0.4059051391954774	 0.8927410623781642	 0.195587355211442	 -0.21796976167968138	 
-0.8734005480665726	 0.31590983661368627	 0.37063790654454576	 0.6990653561375735	 
0.0	 0.0	 0.0	 1.0	 
9	 26	  37
0.920995607304875	 0.11762020172030889	 -0.37139275635423735	 1.327569111639285	 
-0.0746328910598771	 0.9889462798642679	 0.12812176674816064	 -0.36590413878487704	 
0.38235719281474045	 -0.09028146924978249	 0.9195935153169211	 0.5238669972675275	 
0.0	 0.0	 0.0	 1.0	 
10	 26	  37
-0.8968651883850638	 -0.03296886552499313	 0.4410735627636495	 -1.3535525377466853	 
0.4167637875153072	 0.2709695261375263	 0.867688573925403	 -1.7109721636929507	 
-0.14812420220517614	 0.9620231649034229	 -0.22928290583966504	 3.3865279559853194	 
0.0	 0.0	 0.0	 1.0	 
10	 29	  37
-0.8686744374077701	 -0.1370135566852604	 -0.47605882732993254	 -0.35228638479850466	 
0.48648022073178826	 -0.054566261205037526	 -0.8719859620285492	 2.672574526618125	 
0.09349714771610067	 -0.9890651183934043	 0.11405470155322393	 2.3813585248634412	 
0.0	 0.0	 0.0	 1.0	 
11	 13	  37
0.9879734285848661	 -0.08136514931479602	 0.131484664076255	 -0.31244129542245164	 
0.05320498755419509	 0.9773149539181065	 0.20499929304123532	 0.034220478092630006	 
-0.14518172650035052	 -0.19553821448767855	 0.9698902375863712	 0.22498278585736523	 
0.0	 0.0	 0.0	 1.0	 
12	 16	  37
0.15785482207289223	 0.3832728103929674	 -0.9100460471656432	 1.680326500017012	 
-0.3516989725802864	 0.882987294974204	 0.31087178964986323	 -0.26650747155793436	 
0.922707801979753	 0.2709896487462469	 0.27418045597394375	 0.6339053316943655	 
0.0	 0.0	 0.0	 1.0	 
12	 17	  37
0.9338978837419695	 0.15504421602797502	 -0.3221739185883022	 1.7065812623733656	 
-0.12405630527594828	 0.9856215880444289	 0.11471755882191552	 0.1001353716658979	 
0.3353278632376858	 -0.06716677941549275	 0.9397041278399276	 -0.20401554078899964	 
0.0	 0.0	 0.0	 1.0	 
13	 18	  37
0.8685132189365402	 0.2981807834084284	 -0.39594571463576184	 1.133662541055364	 
-0.2590479557147089	 0.9540997566356894	 0.15029241839743218	 -0.7256210914053213	 
0.4225860210330184	 -0.02796202413371699	 0.9058913731975962	 1.2414247502540223	 
0.0	 0.0	 0.0	 1.0	 
13	 22	  37
0.740184863140188	 0.4101539524010179	 -0.5328227695096784	 1.5251775355461077	 
-0.2980393640401534	 0.9104463311050849	 0.28681006896521277	 -0.7530946124421213	 
0.6027428190038275	 -0.053490312273466165	 0.796140616117659	 1.0152481016386632	 
0.0	 0.0	 0.0	 1.0	 
13	 27	  37
-0.9163120028308921	 -0.09589199838251258	 0.3888149149843011	 -0.30128481474239244	 
-0.3640203868564208	 -0.2052390487080904	 -0.9084966102514094	 2.231801221059896	 
0.16691755875564118	 -0.9740029042726759	 0.15315636143317957	 2.7098450886245193	 
0.0	 0.0	 0.0	 1.0	 
13	 29	  37
0.9932224317715762	 -0.07117947334765913	 0.09188407696498387	 1.9384561372194857	 
0.08056868292412592	 0.9914248834333714	 -0.1028853140200155	 0.02724015770103342	 
-0.08377283782723886	 0.10959098084730998	 0.9904402700613979	 -0.429979559993856	 
0.0	 0.0	 0.0	 1.0	 
13	 32	  37
-0.868267126555947	 -0.10978424351102435	 0.4837970822762272	 -0.5393856383447927	 
-0.4305897228943867	 -0.31755754257890695	 -0.8448370835190532	 2.356819050977345	 
0.24638321265868407	 -0.9418623185094294	 0.22845280801957385	 1.5951564634231519	 
0.0	 0.0	 0.0	 1.0	 
14	 15	  37
0.2150050266894679	 -0.5192705332518297	 0.8271220900173213	 -0.42295403204980336	 
0.5045374356765475	 0.7842131862607639	 0.36118091657183937	 -0.09782413263265367	 
-0.8361906567877894	 0.3396583456815111	 0.43060120031149957	 0.32877534061281444	 
0.0	 0.0	 0.0	 1.0	 
14	 23	  37
0.09940892802360586	 -0.6692424069831839	 -0.7363643566364089	 0.6065294699919905	 
0.9934573012035687	 0.024943003082693482	 0.11144701558381066	 0.32840489094060454	 
-0.05621793054283431	 -0.7426253747971261	 0.6673433126906338	 1.0743315041032562	 
0.0	 0.0	 0.0	 1.0	 
14	 24	  37
0.2950211958476337	 -0.34822124009760613	 0.8897777598622684	 -1.6296211343186475	 
0.4247134080953364	 0.8819651909061715	 0.20434266077812824	 -0.3417868177804329	 
-0.8559094665819955	 0.3176151286930873	 0.40809265497016456	 1.3827152956190274	 
0.0	 0.0	 0.0	 1.0	 
14	 25	  37
0.5307821439175611	 -0.46798884750680064	 0.7065810316641217	 -1.418048586324183	 
0.27805969138173564	 0.8837280736729285	 0.37644056613365806	 -0.49000881225695786	 
-0.8005954807060632	 -0.0033362271492496025	 0.5991959160920884	 0.5449912287648047	 
0.0	 0.0	 0.0	 1.0	 
14	 26	  37
-0.8510385091123447	 -0.08666031405039215	 -0.5179029310368162	 1.5604340905494858	 
-0.03646126391682949	 0.9936596285222479	 -0.10635374407426983	 0.9824323938058458	 
0.5238358829265374	 -0.07162773634364955	 -0.8488023534044071	 3.8177292688989954	 
0.0	 0.0	 0.0	 1.0	 
15	 16	  37
0.8528769236443207	 -0.12580161910988885	 0.5067296179860908	 -0.353178084136615	 
0.2312508049057043	 0.9611678215138514	 -0.15059709199310586	 0.4235552971794372	 
-0.4681068450102639	 0.2456224165577046	 0.8488495803962499	 -0.5732895063572666	 
0.0	 0.0	 0.0	 1.0	 
15	 23	  37
0.6804304539672686	 -0.26196729231617727	 0.684388438732294	 -1.5887836748063915	 
0.43280935387408354	 0.8972926526268692	 -0.08684445141132932	 0.7828031634586898	 
-0.5913463118283517	 0.3553013274649667	 0.7239271414919034	 -0.45965589187727096	 
0.0	 0.0	 0.0	 1.0	 
16	 17	  37
0.626957798612179	 -0.4053737201669318	 0.665278938308882	 -0.6314958829435675	 
0.3917883759632529	 0.9021758226985549	 0.18050111744325253	 0.2474970074132935	 
-0.6733689829650962	 0.14748197156333404	 0.7244468792426012	 -0.4547767571914187	 
0.0	 0.0	 0.0	 1.0	 
16	 23	  37
0.9652179659664767	 -0.20716199299815924	 0.15949353225935925	 -0.83939390311096	 
0.2036355297368566	 0.9782962273236003	 0.03832835286312493	 0.4970212361973164	 
-0.16397209885930736	 -0.0045166648581533115	 0.9864546368354862	 -0.6545410075391569	 
0.0	 0.0	 0.0	 1.0	 
18	 22	  37
0.9553440519850326	 0.17289805595830882	 -0.23963306237382656	 0.41178062726779263	 
-0.1556804111938233	 0.9837758521274843	 0.08915538313172706	 0.0727512992110321	 
0.2511600125564235	 -0.04786789129134975	 0.9667612492627005	 -0.2820669637153146	 
0.0	 0.0	 0.0	 1.0	 
19	 21	  37
0.8815358369076544	 -0.15004837695295084	 0.4476383058020238	 0.25764963510865607	 
0.08227761217058398	 0.9824679248681135	 0.16729366736624846	 -0.08755373242667112	 
-0.4648924206556051	 -0.1106447521535802	 0.8784263065493	 0.0694603634794688	 
0.0	 0.0	 0.0	 1.0	 
19	 31	  37
-0.8930656346242778	 0.3009180546363416	 -0.33448781240430264	 1.6764091618265369	 
0.2944485680872035	 0.9530111473593488	 0.07120248422781868	 -0.4562245026834331	 
0.340196726916253	 -0.03490096564132604	 -0.9397063954197453	 4.52653880766293	 
0.0	 0.0	 0.0	 1.0	 
20	 21	  37
0.9815394138090154	 0.07043905797176225	 -0.1778165297476735	 -0.01530078293341414	 
-0.1146242303256446	 0.9608942409535184	 -0.2520784471640038	 -0.16063353084471016	 
0.15310671102766246	 0.26780701412474744	 0.951229592802852	 -0.19017785607021692	 
0.0	 0.0	 0.0	 1.0	 
20	 30	  37
-0.5598393762486806	 -0.1427837057218615	 0.8162062767351284	 -1.3238421002351362	 
0.7968430218306917	 0.17732515343123484	 0.5775785561465387	 -1.5522673807942609	 
-0.2272027098456787	 0.9737394945984895	 0.014502596245448167	 2.4300112622059205	 
0.0	 0.0	 0.0	 1.0	 
20	 31	  37
-0.6811683029966823	 0.621708044387245	 -0.3866378803697427	 1.4726005252309973	 
0.09755819397588582	 0.6004709784580935	 0.7936731082868708	 -2.6390570999329905	 
0.7255977823703593	 0.5029052709743334	 -0.46967451138575644	 1.3488015885057918	 
0.0	 0.0	 0.0	 1.0	 
21	 30	  37
0.9115143022536342	 0.3524921744967914	 0.2118748302786173	 0.4004495559119414	 
0.3461994999744395	 -0.9357385985525276	 0.06737344726521331	 -0.6163879185485434	 
0.222008069683328	 0.01193909952525372	 -0.9749717303070937	 3.102236046036402	 
0.0	 0.0	 0.0	 1.0	 
21	 31	  37
-0.7502967064857196	 0.4602227099949824	 -0.47460500359936764	 1.7530925201004366	 
0.15114339485409703	 0.81830069466633	 0.5545625729352637	 -2.0438004790149926	 
0.6435918943155362	 0.34435306055482606	 -0.6835279389007183	 3.6189539043906405	 
0.0	 0.0	 0.0	 1.0	 
24	 25	  37
0.9900495892961881	 0.010333418959748819	 -0.14033898669668388	 0.6886730930061252	 
-0.005455987817135265	 0.9993690865020977	 0.03509503014534792	 0.11204676525874001	 
0.14061309658559148	 -0.03398013238005266	 0.9894813326546616	 -0.31045437934532677	 
0.0	 0.0	 0.0	 1.0	 
24	 26	  37
0.8502298671080771	 0.1855002413339205	 -0.4926447335986017	 0.9092570887110685	 
-0.13992854571546468	 0.9818270775359438	 0.12820137250116034	 0.3820374776291086	 
0.5074733245908944	 -0.040065574777899675	 0.8607354846562211	 -0.9623618594756899	 
0.0	 0.0	 0.0	 1.0	 
25	 26	  37
0.9172535172350249	 0.1636283250802702	 -0.3631415100913149	 0.11004362357816673	 
-0.15979958458008545	 0.9863065569751529	 0.040785640069153334	 0.4242004903610282	 
0.3648425384847647	 0.02061909065026433	 0.9308408968307894	 -0.668871526108997	 
0.0	 0.0	 0.0	 1.0	 
25	 29	  37
0.9774670061466223	 -0.2018893965942485	 0.06163540733676513	 0.4771098854970072	 
0.207484512625041	 0.9726339118659135	 -0.10456314125521844	 0.9622371978704835	 
-0.0388384978533915	 0.11499541308773963	 0.9926064809647734	 -1.3906210788833864	 
0.0	 0.0	 0.0	 1.0	 
26	 29	  37
0.839785057480359	 -0.198133914962555	 0.505474043818593	 -0.28069055481300487	 
0.27437002051059883	 0.9582729267899994	 -0.08021277720128236	 0.4371731391525278	 
-0.46848921980951014	 0.20604841548272068	 0.8591052912183328	 -0.7299461352980035	 
0.0	 0.0	 0.0	 1.0	 
27	 28	  37
0.9508105104380237	 -0.01616382047929755	 0.3093511017405586	 -0.0006259194112366492	 
0.1476498352795329	 0.9015491333030359	 -0.40670466727402155	 0.11823675036195722	 
-0.27232131643063	 0.43237471150387446	 0.8595889770520736	 -0.2887280517550553	 
0.0	 0.0	 0.0	 1.0	 
27	 29	  37
0.9319372987537964	 0.11224204971862635	 -0.3448109532286333	 0.37896284839641126	 
-0.17306912371453137	 0.9732743081224811	 -0.15094435917049	 0.11445452117695797	 
0.31865333766989057	 0.2003468078699213	 0.9264562628468607	 -0.1826295398964051	 
0.0	 0.0	 0.0	 1.0	 
27	 32	  37
0.9936526580642276	 0.008182158811607125	 -0.11219379394189256	 0.004530686567129877	 
0.009201161373317097	 0.9880977980331304	 0.15355155535344087	 0.4172924870399469	 
0.11211482395863803	 -0.15360922432998683	 0.9817507180794227	 -0.5533017452923228	 
0.0	 0.0	 0.0	 1.0	 
28	 29	  37
0.7488413068952865	 0.26856440266201625	 -0.6058959140893372	 0.396233089420868	 
-0.04311587895937277	 0.9320204685739876	 0.3598317205871165	 -0.25337545655800514	 
0.6613453848549331	 -0.24333312101298168	 0.7095148160180741	 0.3267117351624985	 
0.0	 0.0	 0.0	 1.0	 
28	 32	  37
0.8960999866271551	 0.11314173194408897	 -0.42918965791303093	 0.2816005350110138	 
0.17174428592475008	 0.8032569625727637	 0.5703351228274262	 0.022559383215570567	 
0.40927828456810483	 -0.5847881672632144	 0.7003671074585951	 -0.2712877310725947	 
0.0	 0.0	 0.0	 1.0	 
29	 32	  37
0.9674283542829512	 -0.21118551443964675	 0.13958172452094883	 -0.3644933314933028	 
0.16860344588505868	 0.9488333412626427	 0.2669984429618494	 0.3592631161296499	 
-0.1888259975878968	 -0.23476790453388166	 0.9535348832820454	 -0.26324495496741807	 
0.0	 0.0	 0.0	 1.0	 
30	 31	  37
0.9692359051470725	 0.05191364318384919	 -0.2405966205604616	 -0.0159077551994291	 
-0.20512402220130774	 0.7106269097040822	 -0.6730033660542745	 0.11323747210266012	 
0.1360363763472553	 0.7016511732020453	 0.6994138513458973	 -0.2017650183906756	 
0.0	 0.0	 0.0	 1.0	 
33	 35	  37
0.9440094674567274	 -0.18535563212069245	 0.27292749035816005	 -0.11979057549569647	 
0.24895395605662135	 0.9430513917640065	 -0.22062638159505715	 -0.03755143988805193	 
-0.21649030720986762	 0.2762197714377247	 0.9363944600172882	 0.00340063782182724	 
0.0	 0.0	 0.0	 1.0	 
36	 37	  37
0.9384105355960475	 -0.16733714250434387	 0.3022977793845344	 -0.19940272768160344	 
0.21425509348133323	 0.9682013249436607	 -0.12915474940800895	 0.1467616599349959	 
-0.27107272382083175	 0.18596901654797585	 0.9444231590153502	 -0.2203588885427072	 
0.0	 0.0	 0.0	 1.0	 
38	 39	  37
0.7662315046626544	 0.438433907956792	 -0.46974992242270647	 0.5417153352926083	 
-0.37023545931171314	 0.8987428378287019	 0.23491916933246584	 -0.34402780340011485	 
0.5251809078123925	 -0.006084390301903537	 0.850968856224483	 0.33066816627792717	 
0.0	 0.0	 0.0	 1.0	 
38	 40	  37
0.7477855851240222	 -0.12128331859215395	 -0.6527687762998452	 0.7376912900513333	 
-0.336094422449811	 0.7787499217759151	 -0.5297066155261164	 -0.17934137815916854	 
0.57258820969249	 0.6154989162990289	 0.541575319005463	 0.03558658852726822	 
0.0	 0.0	 0.0	 1.0	 
38	 41	  37
0.9441356418329645	 -0.32556137185382406	 0.051163297170058984	 0.24404518371438988	 
0.30850777555551606	 0.9277105945699831	 0.21018088672473467	 -0.37409986635698195	 
-0.11589151065735416	 -0.18265499138885824	 0.9763228522769976	 0.5592121004038721	 
0.0	 0.0	 0.0	 1.0	 
38	 56	  37
0.3157653046690131	 -0.5422088520765211	 0.7786538596174476	 -2.449227325651413	 
-0.7054067780434319	 -0.6829920593623219	 -0.18953396618654042	 0.835153085455181	 
0.6345813973460547	 -0.4894194597458072	 -0.598142995080986	 2.3482766069017265	 
0.0	 0.0	 0.0	 1.0	 
39	 40	  37
0.9936143851667938	 -0.04878609389564344	 -0.10173677128757569	 0.04508657966405802	 
-0.03612103017096022	 0.7166918639747848	 -0.6964539060783106	 0.1549194637041569	 
0.10689118190479291	 0.6956814566701874	 0.7103531418078209	 -0.2915234459402043	 
0.0	 0.0	 0.0	 1.0	 
39	 41	  37
0.6011383378820335	 -0.6888150507702792	 0.40517468400773	 -0.014941436333576879	 
0.6536395808065913	 0.7154997775070413	 0.24660771843224655	 -0.2650693929573804	 
-0.4597695043512672	 0.11659285664101444	 0.8803511280443044	 0.2740872941051122	 
0.0	 0.0	 0.0	 1.0	 
39	 56	  37
0.8354567342572424	 0.08708425381135468	 -0.542612548622258	 0.6981370658415424	 
-0.3720960006205947	 0.8162455226550961	 -0.44191380728335167	 1.040988803786422	 
0.4044213291931832	 0.5711038254850241	 0.7143415212697564	 -1.3229800381976082	 
0.0	 0.0	 0.0	 1.0	 
40	 56	  37
0.8643524144660127	 0.11949425918925458	 -0.4884833934000057	 0.6579745149110834	 
0.00740520224908494	 0.9682293049874515	 0.24995434771807035	 -0.286421650365007	 
0.5028320461013038	 -0.21966596227983784	 0.8360064583657529	 -1.3844699503019697	 
0.0	 0.0	 0.0	 1.0	 
41	 56	  37
0.0942300080988754	 -0.9551473921945386	 0.2807386057485832	 -1.5525468456745208	 
-0.726098271074535	 -0.25886198413417505	 -0.6370021773217813	 2.421030526875349	 
0.6811035209982824	 -0.14381909592988878	 -0.7179234369552592	 2.4539134036200876	 
0.0	 0.0	 0.0	 1.0	 
42	 43	  37
0.7628888431336751	 -0.44508309642675326	 0.4689367231272646	 -0.11559633194030523	 
0.5052344444872664	 0.8629773911125719	 -0.0028598133124820226	 -0.30116887195803754	 
-0.4034089353569231	 0.2391047044784204	 0.88322713453023	 0.24625205507930287	 
0.0	 0.0	 0.0	 1.0	 
43	 44	  37
0.9345467681161646	 0.13053565972433318	 -0.33103289828046434	 -0.10015418035618823	 
-0.34191019279239665	 0.5871503172547196	 -0.7337246929280411	 -0.2629446299641513	 
0.09858883439972826	 0.7988835625346266	 0.5933509039714081	 0.03131371602687042	 
0.0	 0.0	 0.0	 1.0	 
44	 48	  37
0.9894359917729065	 -0.0662821821211068	 0.12893056471461287	 0.25775225593744905	 
0.0645163298066412	 0.9977573628740534	 0.01782941442937781	 -0.022608992165608795	 
-0.12982319273783524	 -0.009322937513377148	 0.9914933290060384	 0.4077246443790383	 
0.0	 0.0	 0.0	 1.0	 
45	 47	  37
0.6697090930518362	 -0.39632071027346366	 0.6280283634454932	 -0.07638264902706383	 
0.45166850773493583	 0.8886676653254735	 0.07915389899094415	 -0.07753933643737893	 
-0.5894788289702895	 0.23065054782789815	 0.7741543999632806	 0.06090754177939805	 
0.0	 0.0	 0.0	 1.0	 
46	 47	  37
0.9329266469931127	 0.15197582608131016	 -0.32642184304530125	 0.03182593692443352	 
-0.11961558760998973	 0.9858851610161775	 0.11714333309592188	 -0.07649355393345991	 
0.3396174061070851	 -0.07024099639817621	 0.9379372153263166	 0.11934801339518622	 
0.0	 0.0	 0.0	 1.0	 
46	 56	  37
0.6448856144466313	 0.22585881688034434	 0.7301440536751647	 -1.069539431794429	 
0.10232381212021624	 0.9212213850616268	 -0.375341174371164	 0.215524179986762	 
-0.7573984299910959	 0.31676324683041895	 0.5709716838026851	 -0.5352465744765467	 
0.0	 0.0	 0.0	 1.0	 
49	 50	  37
0.4941847670236143	 0.5721609225789397	 -0.654532882837396	 0.13970676690406988	 
-0.5966192580492468	 0.7708172616130545	 0.22335221092283317	 -0.2448819847739438	 
0.6323186514460742	 0.28012966260817246	 0.7222883739618473	 0.20770186485282677	 
0.0	 0.0	 0.0	 1.0	 
49	 51	  37
0.7454677377891524	 0.2675632256352163	 -0.6104815903884412	 0.15904580822043937	 
-0.4682476441008317	 0.8620451274613731	 -0.19396479581131554	 -0.3352567940100837	 
0.4743648339722741	 0.43045106401051325	 0.7679126810925011	 0.12999266397725573	 
0.0	 0.0	 0.0	 1.0	 
49	 52	  37
0.969261134424742	 0.17700026849256512	 -0.1708910712916911	 0.16535034533340687	 
-0.23343469893194368	 0.8810150583614186	 -0.4114859757938038	 -0.18596913099579748	 
0.0777244789510664	 0.4387292694749074	 0.8952516592991043	 -0.03503835618165208	 
0.0	 0.0	 0.0	 1.0	 
49	 53	  37
0.5014524700532982	 0.7055075587384096	 -0.5008038586516846	 -0.039281470019179705	 
-0.48632379411406546	 0.70858636810965	 0.5112675681164185	 -0.3453720861228966	 
0.715565921181233	 -0.01282355224366891	 0.6984274972764944	 0.3917221839945144	 
0.0	 0.0	 0.0	 1.0	 
49	 55	  37
0.16163416772453487	 0.8535015622188777	 -0.49538821051164617	 0.003927490119397628	 
-0.632517967861296	 0.4749196142869556	 0.6118597717599563	 -0.20418727757208574	 
0.757492848914505	 0.21444449924272635	 0.6166183102924558	 0.26517393108338605	 
0.0	 0.0	 0.0	 1.0	 
50	 51	  37
-0.9247241440891509	 0.26439519740519185	 -0.2738255593031039	 0.4100747188054042	 
0.02484212851910897	 0.7597729891557822	 0.6497136858647267	 -1.600815108166403	 
0.379826441930032	 0.5940035223282419	 -0.7091485665729107	 2.5718987909172673	 
0.0	 0.0	 0.0	 1.0	 
50	 52	  37
-0.621894352488871	 0.29319391047690463	 -0.7261437496816368	 0.6633230549561038	 
-0.2932039251082308	 0.772641308133095	 0.5630780294661699	 -1.6316118931159316	 
0.7261397060095077	 0.5630832441350379	 -0.3945356606579263	 2.575810063635589	 
0.0	 0.0	 0.0	 1.0	 
50	 53	  37
0.9811391646632565	 -0.16027942743593904	 -0.1080575990141122	 0.1082125307998258	 
0.18223218907195096	 0.9533945623740704	 0.24047918350992484	 -0.0348448881999788	 
0.06447766148001935	 -0.25563511804203043	 0.9646208154470366	 0.2186978776791147	 
0.0	 0.0	 0.0	 1.0	 
50	 54	  37
0.9394411271681733	 0.1374228711791038	 -0.3139511475721709	 0.1278220409265386	 
-0.1801143808093604	 0.9773450449668419	 -0.11115517488818008	 -0.08846555865050831	 
0.29156333516176597	 0.16097085933687677	 0.9429099660273478	 0.07450477912239888	 
0.0	 0.0	 0.0	 1.0	 
51	 52	  37
0.8857710245046573	 -0.007242993639499354	 0.4640659771962464	 -0.07261605786376044	 
0.012850156268823113	 0.9998776322098365	 -0.008921552012756915	 0.062197190791276356	 
-0.4639445717236437	 0.013865772592526639	 0.8857557082619208	 -0.16677565743909106	 
0.0	 0.0	 0.0	 1.0	 
51	 53	  37
-0.7804377394626649	 -0.13087176840744033	 0.6113832799940748	 -0.8225003156685531	 
-0.09592971830573739	 0.9913338396622619	 0.08974802218577166	 0.8821723101016409	 
-0.6178304168363563	 0.01139291772923934	 -0.7862288327563597	 3.047842610650435	 
0.0	 0.0	 0.0	 1.0	 
51	 54	  37
-0.7152879933134377	 -0.09970792259222744	 0.6916801405230433	 -0.6881234563585417	 
0.3801665126214969	 0.7749787711173546	 0.504857729463107	 -0.5553176998395148	 
-0.586375740718223	 0.6240722990886364	 -0.5164273968404256	 2.4418908327169055	 
0.0	 0.0	 0.0	 1.0	 
53	 54	  37
0.924247781132357	 0.27344500469830546	 -0.26644674604404	 0.03221718785498903	 
-0.34037235950839334	 0.9062834992268249	 -0.25059304841090374	 -0.14229393426424647	 
0.17295287206231097	 0.3223011765953151	 0.9307036346822081	 -0.18812029614174505	 
0.0	 0.0	 0.0	 1.0	 
53	 55	  37
0.9515902499082031	 0.28572493470094423	 -0.11330162386207857	 -0.13706397919491817	 
-0.27630945340105534	 0.9566666933419483	 0.09187994237804828	 0.07674368778074299	 
0.13464428038670212	 -0.05612574757029542	 0.9893031983263891	 -0.044027932794451934	 
0.0	 0.0	 0.0	 1.0	 
