0	 1	  37
0.9970557477630707	 0.05832506587895232	 -0.04977974028497806	 -0.10893889886731137	 
-0.05700691462754668	 0.9979949130343717	 0.027502095232266363	 -0.06686786618318555	 
0.05128398909281133	 -0.02458333272225096	 0.9983814963304334	 0.1112044157247906	 
0.0	 0.0	 0.0	 1.0	 
0	 2	  37
0.958768333232166	 0.1337039072290075	 -0.2507719050908834	 -0.40172148886842646	 
-0.12023720113972183	 0.9903897146512657	 0.06834638670090462	 -0.1892081668612506	 
0.2575000944724102	 -0.03537623926706362	 0.9656304795531356	 0.34820437212907396	 
0.0	 0.0	 0.0	 1.0	 
0	 3	  37
0.9337240226371729	 0.12146293033148384	 -0.33675837941400305	 -0.31991655929152496	 
-0.15540279165270773	 0.9849520131020197	 -0.07562740398045883	 -0.5019749651866436	 
0.3225049176319664	 0.1229483161396184	 0.9385490342340304	 0.6118304363128899	 
0.0	 0.0	 0.0	 1.0	 
0	 4	  37
0.9806827488588317	 -0.07667688821581685	 0.17994999556605976	 -0.08900635063386571	 
0.09078372505310413	 0.9933004224288217	 -0.07150235008869674	 -0.48442131919461706	 
-0.17326182890691305	 0.0864576521556258	 0.981073602247848	 0.5187170823799053	 
0.0	 0.0	 0.0	 1.0	 
0	 5	  37
0.9584978607481088	 -0.15370593165646668	 0.24011734113744593	 0.14203236830139682	 
0.18212618879245798	 0.9780834004534906	 -0.10091042123225408	 -0.23431269424633883	 
-0.21934425521821418	 0.1404540790826481	 0.9654847224952927	 0.33393389639864146	 
0.0	 0.0	 0.0	 1.0	 
0	 6	  37
0.9630191806732438	 -0.1877841385089204	 0.19321277126498634	 0.47641844537831823	 
0.2056620318535004	 0.975598430508795	 -0.0768819292335004	 0.022440858271609562	 
-0.17406086955235883	 0.11377530361742662	 0.9781400686902864	 0.32709810139235346	 
0.0	 0.0	 0.0	 1.0	 
0	 10	  37
0.9999748120511459	 -0.007091030028763991	 0.0003042308421097937	 0.7120186023039445	 
0.0070944020008381955	 0.9973349753596844	 -0.07261278389200476	 -0.1682281382943905	 
0.0002114793716311858	 0.07261311326081289	 0.9973601611549595	 0.17847438495776907	 
0.0	 0.0	 0.0	 1.0	 
0	 11	  37
0.9737398933706916	 -0.22090630667965538	 0.05505473392532654	 0.45897727967571794	 
0.22285837818158427	 0.9743187929995732	 -0.032202994924840946	 -0.2178109331461861	 
-0.046527017234166405	 0.043626749558148305	 0.9979638988411768	 0.3669501375565121	 
0.0	 0.0	 0.0	 1.0	 
0	 12	  37
0.9857410559512628	 -0.15153504826164682	 -0.07315531259196459	 0.1826983204873651	 
0.15056258793379632	 0.9884243256659676	 -0.018661713384747227	 -0.35465401103664906	 
0.07513639415599842	 0.007381163872789055	 0.997145947538833	 0.6629218577794335	 
0.0	 0.0	 0.0	 1.0	 
0	 13	  37
0.9840906042219061	 -0.0941018721219735	 -0.15070010068112913	 -0.14308401871826282	 
0.09873244627583348	 0.9948358205874077	 0.023528581099754302	 -0.5465078665918778	 
0.14770777479385544	 -0.03803324518520363	 0.9882994918171962	 0.6803762982924589	 
0.0	 0.0	 0.0	 1.0	 
0	 14	  37
0.9791434075666718	 -0.2026198751632142	 -0.014945688594671267	 -0.35197198889679326	 
0.19771264100594094	 0.9671953086503102	 -0.15950845278945835	 -0.19568121144247294	 
0.046774982684992	 0.15322669843625294	 0.9870834209331774	 1.088162647598353	 
0.0	 0.0	 0.0	 1.0	 
0	 15	  37
0.8910293495860128	 -0.36925174164980523	 0.26404516557761903	 -0.14266929516462973	 
0.3342192352534644	 0.9272446616521023	 0.16886337739210372	 -0.5681031156120935	 
-0.3071875664197952	 -0.06221325201485733	 0.949613242489183	 1.072113344995761	 
0.0	 0.0	 0.0	 1.0	 
0	 19	  37
0.7992344934430731	 -0.4116323221122905	 0.4379304235643337	 0.12420141639682704	 
0.4554215778365254	 0.8902580333948671	 0.005640958853973583	 -0.1325828715163364	 
-0.39219307863816616	 0.19493451559009828	 0.8989911699788661	 0.2879874682723056	 
0.0	 0.0	 0.0	 1.0	 
0	 26	  37
-0.9445765946168245	 -0.22143461811340504	 0.24236700848723583	 -1.3538323243220072	 
0.13168210495561364	 0.420715822154927	 0.8975845476739011	 -1.8825880417107632	 
-0.3007239267776017	 0.8797527532718914	 -0.36823934196930397	 2.227408246139504	 
0.0	 0.0	 0.0	 1.0	 
0	 27	  37
-0.7752369082118139	 -0.3228908318073702	 0.5429081385289166	 -1.144559234792924	 
0.15624273159063987	 0.7347542392296136	 0.6600942483912484	 -1.3163827039570226	 
-0.6120424372306907	 0.5965548748177801	 -0.5191592591487316	 2.3483007440395123	 
0.0	 0.0	 0.0	 1.0	 
0	 28	  37
0.3258875040940353	 0.26799486122495	 -0.9066289698837007	 1.63890258565679	 
-0.4703452879545065	 0.8778380956362155	 0.09041895790582652	 -0.7389538879727369	 
0.8201052644474076	 0.39696225539313407	 0.41212658615872433	 1.3081902926153959	 
0.0	 0.0	 0.0	 1.0	 
0	 29	  37
0.2118471738210266	 0.4249725817492549	 -0.8800676563227492	 0.8252904865204154	 
-0.30918207178663093	 0.8833984707529713	 0.35215563087509744	 -1.2966417903623373	 
0.9271069093851962	 0.19749796614822254	 0.31853937266458215	 1.6720394901380933	 
0.0	 0.0	 0.0	 1.0	 
0	 31	  37
-0.47906832640297126	 -0.7869250248588181	 -0.3888991435943319	 0.4820296495383323	 
-0.03342154094479137	 -0.42637581949388736	 0.9039284601957124	 -0.547045205120366	 
-0.8771411170606083	 0.44604110326500684	 0.17796290332483208	 0.9452050471645134	 
0.0	 0.0	 0.0	 1.0	 
0	 32	  37
0.39908764738534214	 -0.6083633105020945	 -0.6860197753267502	 0.9744726712138413	 
0.9163427484968388	 0.2910044390177616	 0.2750134246709012	 -0.07357821042653417	 
0.03232672240874379	 -0.7383837070973945	 0.6736055849764147	 1.0678835271275886	 
0.0	 0.0	 0.0	 1.0	 
0	 37	  37
-0.8117860008073332	 0.2789866466908248	 -0.5130009160434748	 -0.4937296885094066	 
-0.41527784835140563	 0.34181253329739075	 0.8430352903345424	 -2.0461685232150355	 
0.41054573138916195	 0.8974021634969619	 -0.1616216550747728	 2.337373623748376	 
0.0	 0.0	 0.0	 1.0	 
0	 38	  37
0.6195898614320434	 -0.6456821794093401	 0.4463215509067709	 -0.3997653804715668	 
0.4665351372430084	 0.7602127359389678	 0.4521300275737445	 -0.8942370740867026	 
-0.6312316289035802	 -0.07191049512687986	 0.7722535279054012	 0.7201261249790437	 
0.0	 0.0	 0.0	 1.0	 
0	 39	  37
0.708814517914725	 -0.5355998285610617	 0.4590368207874796	 -0.2745271800888789	 
0.43537392963967203	 0.8441903345807849	 0.31271747695082797	 -0.5353576132290847	 
-0.5550058743683935	 -0.021806023152863438	 0.8315605671091137	 0.30549064164318374	 
0.0	 0.0	 0.0	 1.0	 
0	 41	  37
0.786584031396036	 -0.48448854748533	 -0.38282686544744243	 0.027366966082192457	 
0.21127538291308218	 0.7937269883409972	 -0.5704035243177061	 0.23708934327228012	 
0.5802139899448213	 0.3677884110935049	 0.7266934777040629	 0.3498784520714713	 
0.0	 0.0	 0.0	 1.0	 
1	 2	  37
0.9678132046981542	 0.06264658760912623	 -0.24374783254999577	 -0.206752361629896	 
-0.05589751611602177	 0.9978397656233067	 0.03451477702207315	 -0.16453684330054738	 
0.2453835131053996	 -0.01977895856096606	 0.9692242899836425	 0.22722981144479001	 
0.0	 0.0	 0.0	 1.0	 
1	 3	  37
0.9644341751382272	 0.04402886382491962	 -0.26063035313587996	 -0.18143604981170458	 
-0.07327881565671082	 0.9919166218091553	 -0.10359358355931947	 -0.512582852920639	 
0.25396247163980107	 0.11900787591163303	 0.9598646719562107	 0.5205192585042577	 
0.0	 0.0	 0.0	 1.0	 
1	 4	  37
0.9663607316189887	 -0.10229278382546864	 0.23597271613906545	 0.03833321827958326	 
0.12090621840824978	 0.9904827470820504	 -0.06576940081079148	 -0.4516089488934205	 
-0.22699916901836525	 0.09208753504155692	 0.9695314657889866	 0.38159547275754224	 
0.0	 0.0	 0.0	 1.0	 
1	 5	  37
0.9265053210800727	 -0.22569617330049363	 0.3010799351797206	 0.27545255457520135	 
0.2657324908335743	 0.9589633353065068	 -0.0988714562105994	 -0.18606184534666897	 
-0.2664097095184323	 0.17161165139737408	 0.9484594391849188	 0.21363631953595089	 
0.0	 0.0	 0.0	 1.0	 
1	 10	  37
0.9966519433433454	 -0.0778099355819028	 -0.02511011259776871	 0.9289330470179319	 
0.07542491618526821	 0.9935243788664	 -0.08497288165396609	 -0.0884967317004941	 
0.03155924346966735	 0.08279445949382001	 0.9960668108258344	 0.0799020437753394	 
0.0	 0.0	 0.0	 1.0	 
1	 11	  37
0.9597616799674784	 -0.27800677446109257	 0.039620083540342146	 0.674833217484653	 
0.2798657808536509	 0.95854232352365	 -0.0535887928680795	 -0.14081968582992124	 
-0.023079479482442104	 0.06252077548800196	 0.9977767737621468	 0.25286433978516326	 
0.0	 0.0	 0.0	 1.0	 
1	 12	  37
0.9761384433336852	 -0.21352297514462798	 -0.03951807853978015	 0.3586135332707009	 
0.21238307772948337	 0.9766902489177823	 -0.031138175333054564	 -0.31394574751079585	 
0.04524563780345933	 0.0220021988516253	 0.9987335658249655	 0.5375656030533076	 
0.0	 0.0	 0.0	 1.0	 
1	 13	  37
0.9750127418763141	 -0.18531424282990147	 -0.122510344800808	 0.02189708824169876	 
0.17447459711218088	 0.9801594363555769	 -0.09405367768280298	 -0.31186092841409724	 
0.13750915657284346	 0.07032859110986536	 0.9880005673738893	 0.6058448269369593	 
0.0	 0.0	 0.0	 1.0	 
1	 14	  37
0.8280530700700599	 -0.4977249844083401	 -0.25806579208269087	 0.2721369736125634	 
0.5600492956938574	 0.7556261296466212	 0.33966739406084057	 -1.4260326910217935	 
0.025940307252680064	 -0.42579219355336434	 0.9044490634461686	 0.7521443710717923	 
0.0	 0.0	 0.0	 1.0	 
1	 26	  37
0.9201049491685845	 -0.3867408983290985	 0.06195450003895587	 0.19773061157339275	 
0.37891999401725246	 0.9189757543944272	 0.10910179177794485	 -0.28892673313489614	 
-0.09912880837294584	 -0.07690929979394451	 0.9920979986653361	 -0.3410292043588198	 
0.0	 0.0	 0.0	 1.0	 
1	 27	  37
0.19922059850740942	 0.006113433115261011	 -0.979935599448196	 2.3871145863279835	 
0.4350604849453157	 0.8954774956624317	 0.09403419166072927	 -0.11104645917837946	 
0.8780851482455999	 -0.4450648050539217	 0.17573784945997942	 1.49273825920216	 
0.0	 0.0	 0.0	 1.0	 
1	 28	  37
-0.2853964939687286	 -0.7056050546734548	 0.6485910483884489	 -2.3038362715715857	 
0.6037909445254883	 0.39318303642676977	 0.6934288681438376	 -2.116577840590497	 
-0.7443019122233772	 0.5895155695021935	 0.31382488233906497	 1.5234656199678858	 
0.0	 0.0	 0.0	 1.0	 
1	 29	  37
-0.6626083935516143	 0.0956853532077504	 0.7428286679823672	 -1.195885941862593	 
-0.7161949907901805	 0.20922118295104775	 -0.6658011953816374	 0.4658095693678415	 
-0.2191229151914571	 -0.9731756315208849	 -0.07010234127278253	 2.59583587884485	 
0.0	 0.0	 0.0	 1.0	 
1	 31	  37
-0.025456887184893244	 0.5371288023420069	 -0.8431160042304362	 0.357049431549164	 
-0.5131690203111087	 0.7167652394409441	 0.47212831743298633	 -1.2136737489537617	 
0.8579099623432475	 0.44467993121323457	 0.25739124944022584	 1.6464163489572994	 
0.0	 0.0	 0.0	 1.0	 
1	 32	  37
0.7868017671954486	 -0.21400815807795703	 -0.5789157861159079	 0.9449105532345795	 
0.4561345015173471	 0.833495612297855	 0.3118114507290351	 -0.40740526827145	 
0.41579357337943623	 -0.5093972639858843	 0.7534123252111387	 0.8702215761356319	 
0.0	 0.0	 0.0	 1.0	 
1	 40	  37
0.9701737828455151	 -0.24081871921875922	 -0.027734014369727018	 -0.5875471155385673	 
0.20888456346774448	 0.8885609995966173	 -0.4084441077317077	 0.08227878092932596	 
0.1230043504275907	 0.39046855759420335	 0.9123618993065139	 -0.3933259333829764	 
0.0	 0.0	 0.0	 1.0	 
1	 41	  37
0.9764223975953402	 -0.08903627396593482	 -0.19665157866752686	 -0.35371900788435184	 
0.014357361639455933	 0.9357460802386793	 -0.3523820930250291	 -0.32090130183824184	 
0.21539073248615317	 0.3412503703092636	 0.9149617571914516	 -0.10636131682439327	 
0.0	 0.0	 0.0	 1.0	 
2	 3	  37
0.9981626145880114	 0.03170749327471177	 -0.05163361026559199	 0.13035976510819194	 
-0.03886918131059885	 0.9887839315871185	 -0.14420653029375743	 -0.3031376423851322	 
0.04648205657099029	 0.14594852347781634	 0.988199598720611	 0.20209639868364992	 
0.0	 0.0	 0.0	 1.0	 
2	 11	  37
0.6875669561521051	 -0.3882832355738439	 0.6135860247593952	 -0.2563943751369281	 
0.6603945748847216	 0.6856962568569784	 -0.30610398363163543	 0.9453879875501511	 
-0.30187859525073596	 0.6156758662678246	 0.7278822304636975	 0.5675730111904	 
0.0	 0.0	 0.0	 1.0	 
2	 12	  37
0.9357116456448121	 -0.289131824250662	 0.20210518155198595	 0.5946269913772709	 
0.3061186474240221	 0.9502326995693575	 -0.05787218993970919	 -0.09818047355127194	 
-0.17531426041244957	 0.11601984689963483	 0.9776524460264093	 0.14249015718642338	 
0.0	 0.0	 0.0	 1.0	 
2	 13	  37
0.9645971044501296	 -0.23196475649029383	 0.12547819664317653	 0.2736377249230877	 
0.23983785842647212	 0.9694424926509309	 -0.051566026685722494	 -0.25386227872367734	 
-0.10968239490377957	 0.07983486199116147	 0.9907553517690547	 0.20719818344833008	 
0.0	 0.0	 0.0	 1.0	 
2	 14	  37
0.9122762927277518	 -0.35429433639491176	 0.2054932819471171	 0.2821955993727805	 
0.36132888953861636	 0.9324317866996529	 0.003520900010430311	 -0.38535477305573534	 
-0.19285590297343427	 0.0710386257650173	 0.9786521927312684	 0.5395775066810223	 
0.0	 0.0	 0.0	 1.0	 
2	 26	  37
0.9770384531204287	 0.21139178565278502	 -0.02663407746791824	 0.635147444904733	 
-0.21278496675492178	 0.9744939998533336	 -0.07130218911757409	 -0.01641495120257503	 
0.010882051605598684	 0.07533231184809341	 0.9970991042742317	 -0.6301932738881809	 
0.0	 0.0	 0.0	 1.0	 
2	 27	  37
-0.7590893486650274	 -0.5275392849757626	 0.38142582968457317	 -0.606049441459597	 
-0.2463285827046399	 -0.3095882733600672	 -0.9184102189874933	 1.695332184513503	 
0.602582434266074	 -0.7911114989716638	 0.10505715639012522	 1.0509921664354585	 
0.0	 0.0	 0.0	 1.0	 
2	 28	  37
0.43047621371787637	 0.2448320920032948	 -0.868762036548796	 2.359668541168047	 
-0.276970607179273	 0.9519035739231304	 0.1310223977460195	 -0.5036270056895662	 
0.8590561752189819	 0.18421952306327755	 0.47758313950606807	 0.8469081146365203	 
0.0	 0.0	 0.0	 1.0	 
2	 29	  37
0.4640061452606917	 0.2141130468343932	 -0.8595661116723983	 1.9363914284867867	 
-0.27462495804498754	 0.9573100670910017	 0.0902140114672322	 -0.7685739249676944	 
0.8421872888966575	 0.19419845164551136	 0.5029985405539299	 1.1440331546619036	 
0.0	 0.0	 0.0	 1.0	 
2	 30	  37
-0.5604290287731475	 -0.24716418834303147	 0.7904613638307175	 -1.3434758664653879	 
0.38515649914623573	 0.7671610981292086	 0.5129506025755339	 -1.4540866849246128	 
-0.7331942272507355	 0.5919237396134048	 -0.33474245564057037	 2.3137424107301228	 
0.0	 0.0	 0.0	 1.0	 
2	 31	  37
0.026241001088313044	 0.5864177498060875	 -0.8095836167896724	 0.8318927062709425	 
-0.5733510037054199	 0.672245269593022	 0.4683534179012604	 -1.0131722029344996	 
0.8188895141665148	 0.45188551672096056	 0.3538635942929981	 1.2160791264970765	 
0.0	 0.0	 0.0	 1.0	 
2	 40	  37
0.9934252388253243	 -0.08685469633377402	 0.07458254882755447	 -0.23855672878819284	 
0.11062482612732245	 0.8959826560066986	 -0.43008979060131314	 0.2025025274570813	 
-0.029469352031328392	 0.4355127344406235	 0.8997000697070684	 -0.5524982023672438	 
0.0	 0.0	 0.0	 1.0	 
2	 41	  37
0.9977344682692987	 -0.0422810207092435	 0.052328253507671195	 -0.2418808039350342	 
0.06048398936151948	 0.9043174708194811	 -0.4225536640493972	 -0.0882769221751311	 
-0.029455353644018852	 0.4247613768440347	 0.9048260357014847	 -0.31917491227737455	 
0.0	 0.0	 0.0	 1.0	 
2	 42	  37
0.9807369822937733	 -0.044739396209155756	 0.1901403639108294	 -0.22260071946953114	 
0.1171411829062032	 0.9136626389435536	 -0.3892281149480813	 -0.307952716427432	 
-0.15631031581005078	 0.40400367402480586	 0.9013035651465161	 0.13710248718581602	 
0.0	 0.0	 0.0	 1.0	 
3	 4	  37
0.8550020272990502	 -0.21026979009445645	 0.474086646814849	 0.20065450860301307	 
0.20011970840243284	 0.9770887945411838	 0.07245405365458524	 0.01598295224967901	 
-0.47845964889783477	 0.032925718757370236	 0.8774920292634405	 -0.18647341121147573	 
0.0	 0.0	 0.0	 1.0	 
3	 5	  37
0.779896573791677	 -0.2720259204930479	 0.5637049163950175	 0.2873490961177818	 
0.3145840900595589	 0.9489580583332268	 0.022703607771270257	 0.30525454827031756	 
-0.5411082927376024	 0.1596261322727028	 0.8256641650370048	 -0.4095954863016633	 
0.0	 0.0	 0.0	 1.0	 
3	 10	  37
0.9245357758158178	 -0.2012937878200469	 0.3235960602691281	 0.706519335610391	 
0.22181857885453732	 0.974701930877817	 -0.027434722852772524	 0.672562910697635	 
-0.30988726548794576	 0.0971440009888057	 0.9457975077997879	 -0.6592815549033476	 
0.0	 0.0	 0.0	 1.0	 
3	 11	  37
0.8592304491402218	 -0.36998180774310324	 0.35332208706708057	 0.6109576165751912	 
0.35090971091672485	 0.9287890880788554	 0.1192191454842247	 0.30212242043252063	 
-0.3722706140089929	 0.021547431512679613	 0.9278740745061115	 -0.5246184052088433	 
0.0	 0.0	 0.0	 1.0	 
3	 12	  37
0.9238990783798516	 -0.25155949523295573	 0.28831981084726227	 0.4204052530283375	 
0.24478337635658454	 0.9677226524830702	 0.05994970000427048	 0.24820941811907896	 
-0.29409452838897077	 0.015188424186590709	 0.9556556493540951	 -0.11538039314347118	 
0.0	 0.0	 0.0	 1.0	 
3	 13	  37
0.9546726461307056	 -0.2395806819052566	 0.17663871486061467	 0.16439308758885696	 
0.2352360869814459	 0.9708747065002942	 0.04545643694380663	 0.15588377295769287	 
-0.18238454460686826	 -0.0018442168475752143	 0.9832255472437464	 0.020156108333466427	 
0.0	 0.0	 0.0	 1.0	 
3	 14	  37
0.8883597140316559	 -0.34700343285589214	 0.30067530006939236	 0.09258808166512411	 
0.30565093474662064	 0.9356036431788134	 0.17670124209820243	 -0.0870215236959595	 
-0.3426288437567828	 -0.0650725783779673	 0.9372145085139971	 0.3327904658627555	 
0.0	 0.0	 0.0	 1.0	 
3	 26	  37
0.8026264146837311	 -0.378056688536426	 0.4613718442913603	 -1.766105128422746	 
0.3951426489367018	 -0.24242149816187597	 -0.8860553618257935	 1.6918662550039154	 
0.4468256096546232	 0.8934791309716326	 -0.045187576555404375	 1.2186583731512306	 
0.0	 0.0	 0.0	 1.0	 
3	 27	  37
0.44771430531590806	 0.28453793439073216	 -0.8476969179536684	 2.8761843770896887	 
-0.23164790265301116	 0.9525627776315918	 0.19739149897411434	 0.04765022368031756	 
0.8636499001400706	 0.10799221529092774	 0.49238859798395324	 0.4092886836836006	 
0.0	 0.0	 0.0	 1.0	 
3	 28	  37
0.5396402791812792	 0.23443185314251497	 -0.8085975978923741	 2.1328547829095843	 
-0.14637787475867733	 0.9719466227218109	 0.18410127745563987	 -0.09774373192912476	 
0.8290729080522921	 0.01901233315066605	 0.5588171832736387	 0.3853019789480732	 
0.0	 0.0	 0.0	 1.0	 
3	 29	  37
0.5829228432720739	 0.2628468044818089	 -0.7688384200632162	 1.7661576112116755	 
-0.19299647458079391	 0.9639412210843445	 0.18322031299451408	 -0.3936212310638061	 
0.7892739192390597	 0.041579798798506803	 0.6126318639614573	 0.7183463793107487	 
0.0	 0.0	 0.0	 1.0	 
3	 30	  37
0.3794838273823745	 0.924807363609711	 -0.026895445125122777	 0.08958082525048042	 
-0.8182095235248681	 0.3490288695541918	 0.4568501109017382	 -0.9770335897892128	 
0.4318856334360196	 -0.1513611192842386	 0.88913700361676	 0.2867221493797903	 
0.0	 0.0	 0.0	 1.0	 
3	 40	  37
0.9862215527564546	 -0.05013441873704267	 0.15765021070885393	 -0.5075338144919763	 
0.09692619839543522	 0.9473851167320808	 -0.3050684393036272	 0.436366653298717	 
-0.13406103439574082	 0.3161455055072599	 0.9391909594988141	 -0.7803651446232364	 
0.0	 0.0	 0.0	 1.0	 
3	 41	  37
0.9881718932443335	 -0.07109675890650452	 0.13587332436832456	 -0.4783097325466347	 
0.11036891138096885	 0.944874025264184	 -0.30827224945109505	 0.18492252047407112	 
-0.10646601712513469	 0.31962216327102355	 0.941544826305929	 -0.5006002411671663	 
0.0	 0.0	 0.0	 1.0	 
3	 42	  37
0.9756251247259508	 -0.07940682480397497	 0.20457314627786247	 -0.26756736958146776	 
0.13511341809555633	 0.9519430384156401	 -0.27486144848365807	 0.03876265216011461	 
-0.17291610756088624	 0.29580231200338886	 0.9394684731056395	 -0.07298723850121029	 
0.0	 0.0	 0.0	 1.0	 
3	 43	  37
0.9848885877163869	 -0.11247688127685868	 0.13169442267709253	 -0.1461404285530455	 
0.1459900020910696	 0.9482699928200815	 -0.28190590629933965	 -0.1416445101370841	 
-0.09317397209237525	 0.2968719789660757	 0.9503607941352041	 0.34362126011777255	 
0.0	 0.0	 0.0	 1.0	 
3	 44	  37
0.9073217284084752	 -0.13180105031380887	 0.3992439909303992	 -0.121895329634769	 
0.21466920961044633	 0.9617125865828712	 -0.17037027690682746	 -0.3234364371642172	 
-0.3615029897567683	 0.24028604608728235	 0.9008763535872483	 0.6906934962522829	 
0.0	 0.0	 0.0	 1.0	 
3	 45	  37
0.843251237403218	 -0.10858433784805406	 0.526437833169351	 0.08799688208740737	 
0.23555733285781572	 0.9549817390793088	 -0.180340292120122	 -0.2876899813510706	 
-0.48315638623002205	 0.2760784663807706	 0.8308673701897239	 0.9270235753431647	 
0.0	 0.0	 0.0	 1.0	 
4	 5	  37
0.9862337158419199	 -0.1506615663387369	 0.06814800191493511	 0.24774346179271023	 
0.1535422991199509	 0.9873646454670427	 -0.039189530013775564	 0.22564142963638076	 
-0.06138257177407288	 0.049113636702034405	 0.9969052264745635	 -0.16403712879570254	 
0.0	 0.0	 0.0	 1.0	 
4	 6	  37
0.9962835059458723	 -0.05081562810460962	 0.06954816834780501	 0.5608033046313065	 
0.050174030387500804	 0.9986805453631376	 0.01094234837044288	 0.39209623398510074	 
-0.07001244499997684	 -0.007412169285708482	 0.9975185799230032	 -0.15408608029649581	 
0.0	 0.0	 0.0	 1.0	 
4	 7	  37
0.8045995711690821	 0.4752509111269919	 0.3560282313911266	 0.39975917275583633	 
-0.5439020602526404	 0.8304270960459541	 0.12067057224368016	 0.4700733797863868	 
-0.23830669089948564	 -0.29073597924173	 0.9266512350646757	 -0.14681162462128003	 
0.0	 0.0	 0.0	 1.0	 
4	 9	  37
0.9883179414364648	 0.12310254612781008	 0.08985215507508867	 1.3854474817910463	 
-0.1260088664141485	 0.9916505974347031	 0.027401791773834235	 0.21479946606948216	 
-0.0857287129251842	 -0.03840385064346679	 0.9955780893711674	 -0.27731868451848496	 
0.0	 0.0	 0.0	 1.0	 
4	 10	  37
0.9774233695425039	 0.054543063696191454	 -0.20412890749428822	 0.8952408330313293	 
-0.055730233663538714	 0.9984458605890245	 -6.729375897941901e-05	 0.2732915778190539	 
0.20380799230644914	 0.011441926204790278	 0.9789440150472032	 -0.17810231707806923	 
0.0	 0.0	 0.0	 1.0	 
4	 11	  37
0.9836949423961546	 -0.13239000332189024	 -0.12172570527483072	 0.5939985998742988	 
0.14076137984981876	 0.9880419500331135	 0.06292327802600502	 0.1634604485377387	 
0.11193969022201246	 -0.07903158859084594	 0.9905672686687195	 -0.04751154476373609	 
0.0	 0.0	 0.0	 1.0	 
4	 12	  37
0.9725882547794956	 -0.06486122112519703	 -0.22330496783350604	 0.2103040744056483	 
0.08170919921938224	 0.9943985938436051	 0.06704508427012124	 0.1397696489360128	 
0.21770551997572826	 -0.08345333160520657	 0.9724401513800673	 0.17599036793985265	 
0.0	 0.0	 0.0	 1.0	 
4	 13	  37
0.9253810793289801	 -0.028727208391768753	 -0.37794788730451734	 0.037324107409114855	 
0.05608334509715784	 0.9965257290744038	 0.06157215032335398	 0.10365144652787585	 
0.3748659979547965	 -0.07817428471527255	 0.9237771726918834	 0.18457534706064493	 
0.0	 0.0	 0.0	 1.0	 
4	 14	  37
0.9713072319496748	 -0.10796061842123723	 -0.21191216584321712	 -0.29447586543001203	 
0.1449931064547707	 0.9750986663399	 0.16780819402741684	 -0.10088184791771512	 
0.18851859389156994	 -0.19371911566041095	 0.9627739319201014	 0.39485746531827765	 
0.0	 0.0	 0.0	 1.0	 
4	 15	  37
0.9585500962121709	 -0.2758331613916206	 0.07139874038344224	 -0.05126077054037203	 
0.2519883855175041	 0.9376530240002157	 0.23939227253095063	 -0.0660965108616136	 
-0.13297957217527734	 -0.21147783254978542	 0.9682941493803032	 0.5440189351516722	 
0.0	 0.0	 0.0	 1.0	 
4	 18	  37
0.7451146422930695	 -0.3501892114373644	 0.5676016966441771	 0.03985625881351624	 
0.3136181547257021	 0.9350678103281709	 0.1652024307161544	 -0.011834373156326683	 
-0.5885981845596506	 0.05491544665171151	 0.8065584113082734	 0.14579715427083018	 
0.0	 0.0	 0.0	 1.0	 
4	 19	  37
0.9041637429755355	 -0.2890224886242864	 0.3145694310607655	 0.21280252598656565	 
0.2902503370969582	 0.9559368605726292	 0.044039305326575004	 0.28285106798819676	 
-0.31343686398311815	 0.05148514026366758	 0.9482123246554325	 -0.19628292136318604	 
0.0	 0.0	 0.0	 1.0	 
4	 20	  37
0.8793528894855824	 -0.25591799112531854	 0.40155258381902936	 0.0847702650366811	 
0.1620531892442899	 0.9537979958094392	 0.25299831431385295	 -0.05858600623578543	 
-0.44774687001598523	 -0.157401921869709	 0.8801973502474378	 -0.8321155738618862	 
0.0	 0.0	 0.0	 1.0	 
4	 25	  37
-0.22476155395824723	 -0.9351215598828925	 0.27391588508967385	 -0.3933570328850597	 
0.4093853284642424	 0.1644726751183109	 0.8974142811308784	 -2.106016963432485	 
-0.8842431208103902	 0.31384137296030973	 0.345857912903391	 0.32111943089080075	 
0.0	 0.0	 0.0	 1.0	 
4	 26	  37
0.6344979767786681	 0.16979469800817085	 -0.7540438170239775	 2.4510008052650525	 
-0.13172980153330507	 0.9850549915967572	 0.11096811667459684	 0.06512340490629259	 
0.7616164237014398	 0.02892099684701317	 0.6473824210538945	 0.6794716166743102	 
0.0	 0.0	 0.0	 1.0	 
4	 27	  37
-0.540455380716734	 -0.8294975309622197	 0.14086102222371916	 0.003808373592044098	 
-0.634536302928103	 0.5117817244328261	 0.5791745391528338	 -1.4967655982210866	 
-0.5525139470824829	 0.22363656379077182	 -0.8029414833069665	 5.622132647157776	 
0.0	 0.0	 0.0	 1.0	 
4	 37	  37
0.40370351353839834	 -0.7086954881504854	 0.578596731957498	 -0.31191951958775965	 
0.4822970508024196	 0.7022632634989419	 0.5236562455725166	 -0.6038026900799585	 
-0.7774400478133603	 0.06765363120306774	 0.6253078907554249	 0.7098892646834769	 
0.0	 0.0	 0.0	 1.0	 
4	 38	  37
0.8205205830459259	 -0.4222801596311103	 0.3852602231997194	 -0.4449000424131032	 
0.25915737611716294	 0.8755512046762313	 0.4077346470366084	 -0.24383138439921478	 
-0.5094933043741013	 -0.23471164174775075	 0.8278448031038393	 0.13238694269771523	 
0.0	 0.0	 0.0	 1.0	 
4	 39	  37
0.8297974621577812	 -0.42557994780891056	 0.3609956783944515	 -0.15212825697364035	 
0.2986261066460951	 0.8850843933449977	 0.3569986905949548	 -0.06593831104534159	 
-0.4714431251231693	 -0.18843387349434343	 0.8615300662739621	 -0.24477314784127754	 
0.0	 0.0	 0.0	 1.0	 
4	 41	  37
0.8344509464692442	 -0.08310378910812921	 -0.544780119105364	 0.1362436760768063	 
-0.09849457342664843	 0.9501559365456577	 -0.2958082406772096	 0.27386740413047417	 
0.542208849929698	 0.3004953518491008	 0.7846732482855512	 -0.5069319245325496	 
0.0	 0.0	 0.0	 1.0	 
5	 6	  37
0.9965961107148571	 0.07924874148754286	 0.022711870919430645	 0.2980788720628317	 
-0.08025010265780129	 0.9956555904394311	 0.04722145963562958	 0.13191611498463376	 
-0.01887096000294147	 -0.048883352987981944	 0.9986262086833186	 0.012817456886094649	 
0.0	 0.0	 0.0	 1.0	 
5	 7	  37
0.9961815596917694	 0.07038420133355519	 -0.051656212914918724	 0.7712630258928069	 
-0.06550461291586322	 0.9937175374964281	 0.09074470430156162	 0.17184746791709496	 
0.057718678231719216	 -0.08701448083320677	 0.9945335762600028	 -0.12415744359346967	 
0.0	 0.0	 0.0	 1.0	 
5	 8	  37
0.9923191951942782	 0.09201206482870847	 0.08268249376341352	 1.0764982616112329	 
-0.10873292756536379	 0.9675012259479435	 0.22829482747598892	 0.06452335349632561	 
-0.05898953561475643	 -0.23553164907329097	 0.9700747790623008	 -0.1224980296597263	 
0.0	 0.0	 0.0	 1.0	 
5	 9	  37
0.970500131823099	 0.2378297464280248	 0.03957910869801406	 1.096383980688738	 
-0.2396864512831483	 0.9694727593737168	 0.05170081144046197	 -0.13353137213767158	 
-0.02607487684800774	 -0.059662220427106304	 0.9978780087019999	 -0.032102033575521806	 
0.0	 0.0	 0.0	 1.0	 
5	 10	  37
0.9454759406796294	 0.21108514479636542	 -0.24802884356918495	 0.6319810787501828	 
-0.19580770974793105	 0.9769495852706751	 0.08502263606078782	 -0.08563231665110081	 
0.2602586913039404	 -0.03182089699792526	 0.9650144268947523	 0.020760877803348957	 
0.0	 0.0	 0.0	 1.0	 
5	 11	  37
0.9874218814068311	 0.01954569885647132	 -0.15689484942217272	 0.2892363365033366	 
0.0007726465027437646	 0.9917209159135104	 0.1284096100650179	 -0.08504620603499885	 
0.1581057593396768	 -0.12691568301782188	 0.9792318307059592	 0.14075600053571033	 
0.0	 0.0	 0.0	 1.0	 
5	 12	  37
0.9394959937548524	 -0.008075288784956752	 -0.3424646951579396	 0.015918629139982498	 
0.05743906361135274	 0.9892817387354661	 0.1342475153437943	 -0.09471882727923751	 
0.337709981626294	 -0.14579585424685726	 0.9298900672630053	 0.35153153424266387	 
0.0	 0.0	 0.0	 1.0	 
5	 15	  37
0.968157048023331	 0.21273465910813136	 0.1319692963415943	 -0.21683507917074465	 
-0.19275198402229357	 0.9698249021582254	 -0.14928607372845085	 0.5524108330649335	 
-0.15974543191658977	 0.11909502075206288	 0.9799478419864234	 0.8579594399844728	 
0.0	 0.0	 0.0	 1.0	 
5	 16	  37
0.8269237741478367	 -0.3668090325022162	 0.4262020711163728	 -0.42196440017377623	 
0.24647030730552394	 0.9176910595115144	 0.31160151942722303	 -0.2651202290284474	 
-0.5054200820761062	 -0.15262454903265654	 0.849268089396252	 0.6436183845449878	 
0.0	 0.0	 0.0	 1.0	 
5	 17	  37
0.6135199087274372	 -0.36207044515303494	 0.7017822413981142	 -0.30948891773654535	 
0.2740331373133501	 0.9310844765209836	 0.24080601578002167	 -0.2891056666435065	 
-0.7406072921928868	 0.04457230449874333	 0.6704581630664153	 0.47947125744461705	 
0.0	 0.0	 0.0	 1.0	 
5	 18	  37
0.8067421646196489	 -0.2588861953074444	 0.5311732464121658	 -0.2637564058654318	 
0.2187657641170687	 0.9658975110470326	 0.13850465191978878	 -0.20681363347417384	 
-0.548915859012179	 0.004464978430239988	 0.8358656851986079	 0.28714811824386016	 
0.0	 0.0	 0.0	 1.0	 
5	 19	  37
0.9548907571770876	 -0.16979734267704505	 0.2436236939987184	 -2.3096411804897396e-05	 
0.16002261616879077	 0.9853173567000185	 0.05951864329926003	 0.035384276934577366	 
-0.2501527616722686	 -0.017848501491803042	 0.968041851792697	 -0.04095715340532005	 
0.0	 0.0	 0.0	 1.0	 
5	 20	  37
0.9579119252886277	 -0.0983094914319736	 0.26970351737458026	 0.23742281977162927	 
0.056324950054088316	 0.9856346475946972	 0.1592226160514934	 -0.05751622174632848	 
-0.28148222571103537	 -0.13733020554584388	 0.9496884601033633	 -0.6947706388161429	 
0.0	 0.0	 0.0	 1.0	 
5	 21	  37
0.6236263203315605	 -0.6536237356861754	 0.42879625084341244	 -1.3660861319886888	 
-0.2319457367703179	 -0.6785410376564741	 -0.6969815172658095	 1.3537816947499908	 
0.7465195160099919	 0.33519855662535913	 -0.5747612894519631	 3.516192019212956	 
0.0	 0.0	 0.0	 1.0	 
5	 25	  37
0.8966191003145271	 0.14912306888258262	 0.4169370447420194	 -1.4412634549880363	 
-0.15432489158662882	 0.9877879110462285	 -0.02142126578202056	 0.15260121554803396	 
-0.4150397773562716	 -0.04513704817518791	 0.9086829095422051	 -1.0517272010125367	 
0.0	 0.0	 0.0	 1.0	 
5	 26	  37
0.5370335335868407	 0.3970437400504453	 -0.7442790150810275	 2.089213284136974	 
-0.24113837547904296	 0.9177452871164045	 0.31558813641668404	 -0.6076042449373156	 
0.8083608523886837	 0.00999282054184348	 0.5886024769426804	 1.0088122660434042	 
0.0	 0.0	 0.0	 1.0	 
5	 36	  37
0.47247358063048683	 -0.460182159622176	 0.7516655476817308	 -0.5127237789751228	 
0.36325273449872897	 0.8787308320620151	 0.30964427277570294	 -0.7147739717177753	 
-0.8030044623072792	 0.12674582734381368	 0.5823395304850333	 1.3083757615398943	 
0.0	 0.0	 0.0	 1.0	 
5	 37	  37
0.2648201876736898	 0.2071513467928159	 0.9417847884322581	 -1.177222668035931	 
-0.39460178746953695	 0.9144168330812845	 -0.09017363641020627	 -0.06999157015981859	 
-0.8798634539099333	 -0.3477501616096192	 0.32389832906973404	 1.2960102743720463	 
0.0	 0.0	 0.0	 1.0	 
5	 38	  37
0.7881589909149176	 -0.5936399733894341	 0.16247149606675432	 -0.43394240019428953	 
0.4731072093751013	 0.7532062483698428	 0.4570010020272707	 -0.47341358361237523	 
-0.3936686087018898	 -0.28332301249777986	 0.8745016278497714	 0.17400507093964854	 
0.0	 0.0	 0.0	 1.0	 
5	 39	  37
0.8645684846699718	 -0.2183255052100277	 0.452609444322867	 -0.6160752797661487	 
0.04731989470822013	 0.9320573781286686	 0.3592072819984517	 -0.28695104678268557	 
-0.5002820833092776	 -0.28914186423051647	 0.816158574952828	 -0.032061555422940945	 
0.0	 0.0	 0.0	 1.0	 
6	 7	  37
0.9973092039845872	 0.02232569950329462	 -0.0698277508539178	 0.4683196314069727	 
-0.019285527950859957	 0.9988491798231711	 0.043913373569265564	 0.05080492523261027	 
0.07072778845181601	 -0.04244854659780295	 0.9965920433318989	 -0.1208625622585464	 
0.0	 0.0	 0.0	 1.0	 
6	 8	  37
0.9967799983161184	 0.05654690522462135	 0.05685140689936171	 0.8062825183278496	 
-0.06488560728115678	 0.9853779620470583	 0.15754405694833803	 0.06478549874716713	 
-0.04711149461304115	 -0.16072560288113152	 0.9858741236353771	 -0.11104003960018573	 
0.0	 0.0	 0.0	 1.0	 
6	 9	  37
0.977949854797275	 0.20676488797787473	 0.029366010990340304	 0.8178857300043094	 
-0.20700449157689774	 0.9783254472168798	 0.005334772242645025	 -0.2441416277503865	 
-0.02762647224996283	 -0.011296035914767978	 0.9995544895620412	 -0.0643161156370561	 
0.0	 0.0	 0.0	 1.0	 
6	 10	  37
0.9586411056679659	 0.12624561059436745	 -0.2550868015585194	 0.2831177019955855	 
-0.12374072433567225	 0.9919762213841529	 0.025911567866502127	 -0.20209700438262018	 
0.25631126324175335	 0.006724731524186958	 0.9665709049631815	 -0.01939826308129194	 
0.0	 0.0	 0.0	 1.0	 
6	 11	  37
0.9814894588978658	 -0.04087691645293838	 -0.18710296569983875	 0.01017514553262351	 
0.057247610652075405	 0.9949085111133891	 0.08294435236210417	 -0.2453408373824806	 
0.18275982366757756	 -0.09212020525074797	 0.9788323220233163	 0.10365937951632168	 
0.0	 0.0	 0.0	 1.0	 
6	 12	  37
0.9430898304003845	 -0.05437181929184693	 -0.32806291631677664	 -0.3378506237482829	 
0.08995458510055179	 0.9914741789574503	 0.09427154968514144	 -0.2912716437340204	 
0.3201401949377197	 -0.1184173033282943	 0.9399402097249029	 0.30728026794507873	 
0.0	 0.0	 0.0	 1.0	 
6	 15	  37
0.9841256253818016	 -0.17736999491977465	 0.006052963657357242	 -0.6762818001360653	 
0.16414102759241112	 0.9226356332333391	 0.34900030279216365	 -0.6261031510418742	 
-0.0674868618901903	 -0.3424666015690789	 0.9371030627854869	 0.6547931205431655	 
0.0	 0.0	 0.0	 1.0	 
6	 16	  37
0.8217349832076309	 -0.42216951848507256	 0.3827852074399367	 -0.6489559911584393	 
0.3286398274902261	 0.8998229749605161	 0.2869049973778815	 -0.4690332414031832	 
-0.46556146872346293	 -0.10996140866362647	 0.8781577349455862	 0.5585123874085212	 
0.0	 0.0	 0.0	 1.0	 
6	 17	  37
0.6306397284073226	 -0.270427058669958	 0.7274357283591819	 -0.6505285855071901	 
0.26667573323967175	 0.9557609360167294	 0.12411722880207464	 -0.27801914536834327	 
-0.7288193097437943	 0.11571620078250922	 0.6748571512705785	 0.49387027183217297	 
0.0	 0.0	 0.0	 1.0	 
6	 18	  37
0.8125725330121488	 -0.2738240997855749	 0.5145349754592391	 -0.5467192069090315	 
0.2401238969033003	 0.9616493285617781	 0.13255596181482882	 -0.3991322296595993	 
-0.5310992305870849	 0.01584080974257993	 0.8471615406854267	 0.2407131678675827	 
0.0	 0.0	 0.0	 1.0	 
6	 19	  37
0.9406853803733761	 -0.24816549988261608	 0.23135448951729715	 -0.31598576957265506	 
0.25080165115969716	 0.9678629683293511	 0.01843383607032366	 -0.08641553300952622	 
-0.22849408510367877	 0.04068364787859401	 0.9726948616436318	 -0.06675412311209486	 
0.0	 0.0	 0.0	 1.0	 
6	 20	  37
0.9601809410070158	 -0.12448304355881669	 0.2501130392306954	 -0.02716934845743194	 
0.08346034777520196	 0.9821736970725053	 0.16843158589815804	 -0.25567041427651394	 
-0.26662132487129375	 -0.14085027740569084	 0.9534538627949526	 -0.7609062748581509	 
0.0	 0.0	 0.0	 1.0	 
6	 21	  37
0.9814864001018332	 -0.10655798343545714	 0.15915351890961976	 -0.5169798838012457	 
0.07967755275136239	 0.9827926015500271	 0.16664390155683853	 -0.24572322410124867	 
-0.1741721389967405	 -0.1508777601394593	 0.9730878518883078	 -0.6573574937689651	 
0.0	 0.0	 0.0	 1.0	 
6	 24	  37
0.9972689101344937	 -0.0005738289490018709	 0.07385385297664926	 1.5037240717248235	 
-0.010439254109776917	 0.9888351947985927	 0.14864716445752021	 -0.3921935672455905	 
-0.07311458714094454	 -0.14901217483134277	 0.9861286066732078	 -0.12377629634842574	 
0.0	 0.0	 0.0	 1.0	 
6	 25	  37
0.8653826722952869	 0.23429750125411417	 -0.44296445839045095	 1.7627874806756292	 
-0.1462655375427342	 0.9635706125749974	 0.22391531235978326	 -0.534453545985074	 
0.47929033269867094	 -0.12898199675893726	 0.8681269616212112	 0.33411826007236606	 
0.0	 0.0	 0.0	 1.0	 
6	 26	  37
0.5977034371597431	 0.3936470824935243	 -0.6984214885380926	 1.6958133602516174	 
-0.21987766938782646	 0.9182412882292036	 0.32937326408764556	 -0.8616259055611228	 
0.7709762718216469	 -0.043300242903577126	 0.6353901771765789	 0.8463398873569202	 
0.0	 0.0	 0.0	 1.0	 
6	 35	  37
-0.07715329654626388	 -0.17165204560549308	 0.9821318364005385	 -2.088354306135854	 
0.8982195196873829	 0.41556902537802276	 0.14319245650147922	 -0.15381521338878607	 
-0.432722848119454	 0.8932177564210255	 0.12211869770669025	 2.172550880871205	 
0.0	 0.0	 0.0	 1.0	 
6	 36	  37
0.40465751824407825	 -0.6214233355385201	 0.6708839921899483	 -0.7600067042048627	 
0.4615695968536012	 0.7721192525194295	 0.43678984323040365	 -1.086564695029246	 
-0.7894338478865387	 0.13290935985481397	 0.5992739789729203	 1.2606405006573813	 
0.0	 0.0	 0.0	 1.0	 
6	 37	  37
0.5981970833715603	 -0.4911132332339494	 0.6332203736364264	 -1.1011199938892882	 
0.2740476218841863	 0.8679235500767483	 0.4142542844217747	 -0.8699877320500607	 
-0.7530326356708453	 -0.0742731671915994	 0.653777749889018	 0.8264762292672976	 
0.0	 0.0	 0.0	 1.0	 
6	 38	  37
0.8147689355524568	 -0.4159817542029573	 0.4038697337371866	 -1.1194947908861248	 
0.23592265071653398	 0.8741785837439907	 0.42444352581024797	 -0.6490588621742283	 
-0.5296150342820718	 -0.25054138159908973	 0.8103930722611216	 0.28006289870573314	 
0.0	 0.0	 0.0	 1.0	 
6	 39	  37
0.8676602443720628	 -0.3181768957046342	 0.3820067582857328	 -0.8684315117194458	 
0.17692080414038241	 0.9156914722935287	 0.3608436733978158	 -0.5098558628707137	 
-0.46461245075711477	 -0.24550476697748952	 0.8508011988665718	 -0.10276321104148427	 
0.0	 0.0	 0.0	 1.0	 
6	 53	  37
-0.8751813977978986	 0.48377930632786137	 -0.0038863501450074945	 0.5483991202385397	 
0.4822690070450159	 0.8730303998100897	 0.07235002315997202	 -0.6459322967927	 
0.03839434583803388	 0.061445128174392634	 -0.997371731317517	 3.7043460409677356	 
0.0	 0.0	 0.0	 1.0	 
6	 54	  37
0.4691116696909873	 -0.40305990299898625	 0.7857970195630556	 -0.5986252191434338	 
0.3116396319044878	 0.9080887567203354	 0.2797419341903353	 -0.8125820678392929	 
-0.8263261953890659	 0.11365528809766003	 0.5516044726987522	 1.3026406433112685	 
0.0	 0.0	 0.0	 1.0	 
6	 59	  37
0.2587677424262129	 0.5963671167613108	 0.7598588800069673	 -1.5012300218164585	 
-0.9592111862088577	 0.25133671999674134	 0.12939765621168073	 0.4998837843178016	 
-0.11381193141071744	 -0.7623490770159571	 0.6370798451069393	 0.3697176627433244	 
0.0	 0.0	 0.0	 1.0	 
7	 8	  37
0.9888763646687971	 0.05813168624511761	 0.1369096141756426	 0.34611698846967526	 
-0.07451618733333482	 0.9902420227359604	 0.11776278798116747	 -0.011295508395002278	 
-0.12872790383101665	 -0.12665482012972637	 0.9835586832076566	 -0.0034695958167086866	 
0.0	 0.0	 0.0	 1.0	 
7	 9	  37
0.9715275277176996	 0.20667023948313784	 0.11585195293440582	 0.32079520117627286	 
-0.20847452996494736	 0.9780213672527102	 0.0035462026215831123	 -0.39032180007234807	 
-0.11257279086274587	 -0.027597414899254036	 0.9932601620161005	 0.013448124180445064	 
0.0	 0.0	 0.0	 1.0	 
7	 10	  37
0.9666333308248468	 0.12943438150056366	 -0.22105823808225114	 -0.02450172668227722	 
-0.1422877879913072	 0.988883173132322	 -0.043177022642733785	 -0.1735299341215127	 
0.21301218070101838	 0.07319023692622469	 0.9743043672752787	 0.13500651559809065	 
0.0	 0.0	 0.0	 1.0	 
7	 11	  37
0.9869229324228106	 -0.08803437791664591	 -0.1350298995141054	 -0.3754113828840809	 
0.09281966493518952	 0.9952443442836456	 0.02955004183982417	 -0.3137029518553554	 
0.1317863242498226	 -0.04169704397490784	 0.990400788198634	 0.25201749580249516	 
0.0	 0.0	 0.0	 1.0	 
7	 15	  37
0.953132758407033	 -0.30131770856177137	 0.02730537233737397	 -1.0150710758752697	 
0.28776034613412177	 0.930708041427639	 0.2257798148965009	 -0.6082761814701413	 
