0	 1	  37
0.9883782834888323	 0.1100973618983249	 0.10481860345710992	 -0.29357264640656267	 
-0.10519792262373541	 0.9931327687631235	 -0.05119277961336394	 0.12586806964285377	 
-0.1097349798529172	 0.039571132305269666	 0.9931728750246649	 -0.1788270321140858	 
0.0	 0.0	 0.0	 1.0	 
0	 2	  37
0.9910574333947842	 -0.000910713365756183	 -0.13343288318142424	 -0.37793701189720386	 
0.023672509753081997	 0.9853145997525548	 0.16909982790190192	 0.14678350019979322	 
0.13131936641231692	 -0.17074633265645223	 0.9765249171882091	 -0.4635735323418724	 
0.0	 0.0	 0.0	 1.0	 
0	 3	  37
0.9975069057021088	 0.07021551209602019	 -0.007053718005204618	 -0.551508941778541	 
-0.07056526746868401	 0.9914423581526586	 -0.10982983878603833	 -0.027924231481343334	 
-0.0007184035609609035	 0.11005377013890863	 0.9939253752543675	 -0.1521755238439152	 
0.0	 0.0	 0.0	 1.0	 
0	 10	  37
0.9072402648762369	 -0.07999070695233358	 0.4129365430529988	 -0.42825622045477224	 
-0.01772594008057918	 0.9736064920254229	 0.22754381937158785	 -0.32018461864511966	 
-0.4202390900851026	 -0.21375660337686955	 0.8818771012319283	 -0.42147313281959914	 
0.0	 0.0	 0.0	 1.0	 
0	 19	  37
0.12267687515301708	 -0.17816563137083405	 0.9763234054865849	 -1.7901493989628405	 
0.15852655205936142	 0.9746406919647128	 0.15793939932365342	 -0.6339197073701425	 
-0.9797038923036195	 0.13539767119407178	 0.14780985772390318	 2.2277074099726337	 
0.0	 0.0	 0.0	 1.0	 
0	 35	  37
0.9159693288500806	 -0.039438370960709644	 0.39930540129316977	 -2.108021669731436	 
0.012253680947690204	 0.9974431452903835	 0.07040610212517479	 0.06612751620829842	 
-0.4010611373708077	 -0.05959686912241022	 0.9141105935725944	 -0.07535132868681933	 
0.0	 0.0	 0.0	 1.0	 
0	 36	  37
0.2716018306397353	 -0.20738387656686513	 0.939800177342632	 -1.6634400367030893	 
0.15419919527054263	 0.9732690103230587	 0.17020588039985093	 -0.053175167163276756	 
-0.9499763437954968	 0.0986882023590998	 0.2963200717873629	 0.6470186225171422	 
0.0	 0.0	 0.0	 1.0	 
0	 43	  37
0.9942318394647084	 0.03247527082092483	 0.10221744557427935	 0.33337312715558304	 
-0.0899399457360617	 0.7716526494122077	 0.6296530749675692	 -0.546131145763852	 
-0.058428208560740866	 -0.6352145664578457	 0.7701224571483122	 -0.685996293190709	 
0.0	 0.0	 0.0	 1.0	 
0	 44	  37
0.974297120628816	 -0.2021475846221665	 0.09940560731579666	 0.43598683680964956	 
0.16486289068964838	 0.94057926728492	 0.2968684375733068	 -0.2765642142464601	 
-0.15351009089910503	 -0.2728497681604056	 0.9497303069855998	 -0.7088537780500073	 
0.0	 0.0	 0.0	 1.0	 
0	 45	  37
0.9996264641105119	 0.023990334764486032	 0.013091832866477431	 0.2790990033092071	 
-0.025446474073766403	 0.9917531705870787	 0.12561100902265243	 0.006921158440190242	 
-0.009970416597566714	 -0.12589722978828222	 0.9919931846159568	 -0.6659761453795361	 
0.0	 0.0	 0.0	 1.0	 
0	 54	  37
0.8903691179925417	 0.2764615140149174	 -0.3616792294198888	 0.040203593263812856	 
-0.19519253908910766	 0.9495858907168614	 0.24532938844625485	 0.011752306360659805	 
0.4112696273846786	 -0.1478366240822818	 0.8994451768567232	 -0.279426256398654	 
0.0	 0.0	 0.0	 1.0	 
1	 2	  37
0.9770380761150548	 -0.03345636988914623	 -0.21042164607100772	 -0.1291654549567708	 
0.08535675144167063	 0.9663423278112108	 0.24268648595200987	 -0.12155388658076105	 
0.19521993444501679	 -0.2550748454753053	 0.9470089758819776	 -0.2776337235229154	 
0.0	 0.0	 0.0	 1.0	 
1	 3	  37
0.9954730343052123	 -0.026760500181888015	 -0.09119930702142458	 -0.27234662758252676	 
0.018837641102214128	 0.9960604233499297	 -0.0866531956344478	 -0.15406583619503214	 
0.09315890321851739	 0.08454293977602671	 0.9920553966816318	 0.019417941536581017	 
0.0	 0.0	 0.0	 1.0	 
1	 10	  37
0.9489666184639861	 -0.11418486068416413	 0.2939798881412887	 -0.0548363273853462	 
0.025551873461956455	 0.9569278108909011	 0.2891993542629923	 -0.4223626430579119	 
-0.31433971878146555	 -0.26692879637477424	 0.9110101859267559	 -0.19968578246719482	 
0.0	 0.0	 0.0	 1.0	 
1	 11	  37
0.9315170708673398	 0.18444441382340754	 -0.31345845800053157	 -0.4099345650532022	 
-0.06867582723722385	 0.9355639907447707	 0.34641542975883877	 -0.4529261579621635	 
0.3571548367809324	 -0.30116486752451344	 0.8841607009661357	 0.19774046710197216	 
0.0	 0.0	 0.0	 1.0	 
1	 35	  37
0.9792008947876606	 -0.08097866164396432	 0.1860324272953466	 -1.5099549156419878	 
0.05990689409802226	 0.9914140478943467	 0.11622972802718982	 -0.12996023596813136	 
-0.19384728960337427	 -0.1026676287643704	 0.9756447029105045	 -0.2099133514504797	 
0.0	 0.0	 0.0	 1.0	 
1	 43	  37
0.9872794461380681	 -0.041334901084866246	 -0.15352759095880014	 0.9629336445715136	 
0.10668630774995992	 0.8881840784790734	 0.44693072670712547	 0.12738482438697565	 
0.11788692451662726	 -0.457624812142636	 0.881295753047424	 -0.5934198984172769	 
0.0	 0.0	 0.0	 1.0	 
1	 44	  37
0.9816503308151051	 -0.1876034287215991	 -0.034169892339509234	 0.8612350163805575	 
0.1844070930737827	 0.8883241053873071	 0.42056427310450106	 -0.5735870645827397	 
-0.0485453605885361	 -0.4191482283390213	 0.9066190548657069	 -0.39878535932550185	 
0.0	 0.0	 0.0	 1.0	 
1	 45	  37
0.9912676584438618	 -0.07439059326718733	 -0.1088782299478584	 0.6113213101785573	 
0.09501888391319689	 0.9754623949842087	 0.19860646432470797	 -0.12376563361705159	 
0.09143216623876554	 -0.20721765273505738	 0.9740128353219268	 -0.4347111074146854	 
0.0	 0.0	 0.0	 1.0	 
1	 54	  37
0.8460037788865684	 0.19846319176725574	 -0.49486358486273824	 0.41710829032631985	 
-0.07283391301907056	 0.962458170310826	 0.2614756040556521	 -0.17444960733080137	 
0.5281787833906029	 -0.18516649782153158	 0.8286980999498745	 -0.0791399066367719	 
0.0	 0.0	 0.0	 1.0	 
2	 3	  37
0.9909880535611008	 0.12017628352080569	 0.05916365927077082	 -0.07868503958760596	 
-0.09079355549519498	 0.9273759293072232	 -0.3629468501338798	 -0.017137377516915533	 
-0.09848455706211952	 0.35430431357900694	 0.9299296991706345	 0.2901011835981341	 
0.0	 0.0	 0.0	 1.0	 
2	 10	  37
0.89307902665413	 -0.03423950486256517	 0.4485950383779094	 0.15696013504545508	 
0.038855013276835354	 0.9992442692071983	 -0.0010855412606880148	 -0.24771561785837798	 
-0.44821885289863567	 0.018399640304584505	 0.8937344757493091	 -0.020754027303163565	 
0.0	 0.0	 0.0	 1.0	 
2	 11	  37
0.9246781433924601	 0.3482241660831551	 -0.153981366690793	 -0.1538606194346747	 
-0.3319994910428235	 0.9353989822991979	 0.12167613513311429	 -0.3584077882259683	 
0.1864045843845571	 -0.06138952735863661	 0.9805532401920382	 0.4316206499528451	 
0.0	 0.0	 0.0	 1.0	 
2	 34	  37
0.9451353767051875	 -0.06800683113054638	 0.3195218155618238	 -1.8221573511103988	 
0.047210015340694696	 0.9962579274333664	 0.07239721319018369	 0.28331435257962123	 
-0.32324964679311563	 -0.053340537546549875	 0.9448092150812091	 0.13576815058105207	 
0.0	 0.0	 0.0	 1.0	 
2	 35	  37
0.9096274350832867	 -0.0036046135170353095	 0.41540935967451775	 -1.433228142893629	 
0.06684345680897755	 0.9882029183395805	 -0.13779312198713847	 0.013324923558678274	 
-0.41001205058586565	 0.1531078017167282	 0.8991374307789906	 0.3885344642442126	 
0.0	 0.0	 0.0	 1.0	 
2	 43	  37
0.9680885029841305	 -0.20965563610574153	 0.13729225993857846	 0.6002369170697309	 
0.1545441720069233	 0.9307046086171937	 0.33151927605708137	 -0.03364767275810411	 
-0.19728342375536684	 -0.29972228103331555	 0.9334054879651967	 -0.454666871440843	 
0.0	 0.0	 0.0	 1.0	 
2	 44	  37
0.9590806444312221	 -0.18104322140648588	 0.21768709070625858	 0.8140617417576825	 
0.1681493237690614	 0.9827868482253643	 0.07652330279896805	 -0.22210835316664335	 
-0.22779403502594192	 -0.03678808146692832	 0.9730141389869847	 -0.4414281813094004	 
0.0	 0.0	 0.0	 1.0	 
2	 45	  37
0.9950268431450795	 0.02379307641925206	 0.09672368342472275	 0.7202431713151922	 
-0.02046164405839863	 0.9991676192947346	 -0.03529007899281826	 -0.0838016344461141	 
-0.0974828320432157	 0.03313545031231055	 0.9946854474603691	 -0.3046675433697531	 
0.0	 0.0	 0.0	 1.0	 
2	 46	  37
0.8333929585303217	 0.27888354417452116	 -0.4771584070942627	 0.6561500567323422	 
-0.2822224405082458	 0.9570456160629485	 0.06643931703637651	 -0.15424736363826907	 
0.47519119388478326	 0.0792947511714905	 0.876302271873698	 0.14253458217151074	 
0.0	 0.0	 0.0	 1.0	 
2	 53	  37
0.8056650840118542	 0.37260423434846857	 -0.4605104308805198	 0.09926587044054574	 
-0.4180946902909535	 0.9083965711571523	 0.0035354575997349463	 0.07078373464789049	 
0.4196434228659877	 0.18968857123063373	 0.8876472517784287	 0.01884974257604702	 
0.0	 0.0	 0.0	 1.0	 
2	 54	  37
0.9315491716650064	 0.20427205915737834	 -0.30081400668493563	 0.5607034267246028	 
-0.21332700679135258	 0.9769768202623212	 0.002807284019315296	 0.020293659844685973	 
0.2944617614286823	 0.06155662854418997	 0.953678694602427	 0.07242012566220031	 
0.0	 0.0	 0.0	 1.0	 
3	 10	  37
0.8799987907700363	 -0.1541588255577181	 0.44926293497899333	 0.008025052720633368	 
-0.06784048175978853	 0.8953730241810378	 0.4401190936593224	 -0.5467719505030781	 
-0.47010615532863853	 -0.4177824841607995	 0.7774689695740646	 -0.13492150972308634	 
0.0	 0.0	 0.0	 1.0	 
3	 35	  37
0.9230827489744371	 -0.11482209214140801	 0.36706147400955275	 -1.4847867361201732	 
0.024399027617764878	 0.9699550991287751	 0.24205741700141153	 -0.09364154278168735	 
-0.3838266874477375	 -0.2144830828535381	 0.8981503666828502	 0.04462759322439228	 
0.0	 0.0	 0.0	 1.0	 
3	 45	  37
0.9989422674868169	 -0.004663496303253909	 -0.04574492354922633	 1.0347561038862976	 
0.02120928189227976	 0.9294249991350958	 0.3684010550260952	 -0.31639066427245005	 
0.040798438571945955	 -0.3689816022309996	 0.928540825502646	 -0.4856225530752766	 
0.0	 0.0	 0.0	 1.0	 
3	 54	  37
0.8768650523123864	 0.21493797037533036	 -0.43001087070460187	 0.6971625979063599	 
-0.05680896195489176	 0.9345444579467319	 0.35128250449269094	 -0.030085115223156277	 
0.477368224617856	 -0.28359888048436177	 0.8316797779874257	 -0.036495001500731046	 
0.0	 0.0	 0.0	 1.0	 
4	 5	  37
0.9166696486811077	 -0.10494308874432762	 0.38562119147118223	 0.21993592404510284	 
0.07515411058866532	 0.9929582991644167	 0.09157333554116664	 -0.07776671263899214	 
-0.39251575108329173	 -0.054961479649920306	 0.9181016397470437	 0.1388462061628308	 
0.0	 0.0	 0.0	 1.0	 
4	 6	  37
0.8905765409724079	 0.44033369923937676	 0.11392830194375386	 0.6976842510078272	 
-0.4516888982496098	 0.8268219216674068	 0.3351755495979238	 -0.9290185735702853	 
0.05339067210360599	 -0.34995963076386766	 0.935242050470327	 -0.18456021605841536	 
0.0	 0.0	 0.0	 1.0	 
4	 9	  37
0.9667001415748244	 0.2302339640193603	 -0.11172805418133389	 0.6857447044678888	 
-0.15601116897926776	 0.8762736619681488	 0.4558563200117476	 -0.3067657444440276	 
0.20285795876163573	 -0.4232455447525259	 0.8830129429482901	 -0.20227398481959852	 
0.0	 0.0	 0.0	 1.0	 
4	 10	  37
0.729253286727596	 0.4039936799870595	 -0.5522488119747393	 0.6839465004766004	 
-0.3126431121728217	 0.9146512586207891	 0.25625643311788027	 -0.07149540482757917	 
0.6086410503801812	 -0.014219058826778777	 0.7933182779680481	 -0.22774792090327844	 
0.0	 0.0	 0.0	 1.0	 
4	 18	  37
0.43456687131510885	 0.36338455458817065	 0.8240772414295605	 -2.227266318494764	 
0.44234524517473983	 0.7109124437278463	 -0.5467487370119848	 2.0490490666452716	 
-0.784526811795936	 0.6021255374418683	 0.14819756655777092	 0.7302395514296064	 
0.0	 0.0	 0.0	 1.0	 
4	 19	  37
0.8807592670626817	 0.007881603547348827	 0.4734986735026082	 -2.5069574149667426	 
-0.09513477334414178	 0.9824227108776483	 0.16060819422610814	 -0.1421558565391448	 
-0.463910000306057	 -0.1865033444132706	 0.866027721345396	 -0.0018636953172146654	 
0.0	 0.0	 0.0	 1.0	 
4	 20	  37
0.623179748024477	 -0.2437787805526653	 0.7431143302375518	 -2.0140445059218233	 
0.23670104925227473	 0.9644056126725005	 0.11787462631394142	 -0.009349831871152094	 
-0.7453989635993749	 0.10243886175682869	 0.6587007398408957	 -0.4661208506896285	 
0.0	 0.0	 0.0	 1.0	 
4	 36	  37
0.994723902961584	 0.06870799901010832	 0.07618115087670575	 -0.4759174168412927	 
-0.0803388802211082	 0.9835192358685297	 0.1619740010044855	 0.2129657790604019	 
-0.0637967177971628	 -0.1672397188128754	 0.9838500166436446	 -0.8571352930660849	 
0.0	 0.0	 0.0	 1.0	 
4	 37	  37
0.7612767650491165	 -0.22819683712984562	 0.6069463654395552	 -0.18591376763779566	 
0.10020824910603057	 0.9661868281448338	 0.23757381996029733	 0.043068553193099914	 
-0.6406371779778746	 -0.12003839653776938	 0.7584027884634821	 -0.13194802118217944	 
0.0	 0.0	 0.0	 1.0	 
5	 6	  37
0.9966488650911779	 -0.05641697560320699	 0.05922976089985406	 0.32536982432173167	 
0.049525626066951246	 0.9924750890691801	 0.11198397179864329	 0.03229802481464491	 
-0.06510185922954344	 -0.10867530741115929	 0.9919432571896168	 -0.309016185589913	 
0.0	 0.0	 0.0	 1.0	 
5	 7	  37
0.9989005688806837	 -0.011713934793627074	 0.04539203918636526	 0.6350640429289164	 
-0.0027443428838151446	 0.9520056472046752	 0.30606815625370637	 0.03963357996590781	 
-0.04679874006831705	 -0.3058562267178124	 0.9509268355167811	 -0.3380291385755728	 
0.0	 0.0	 0.0	 1.0	 
5	 8	  37
0.9205949942555737	 0.29902490939534254	 -0.25117515823163455	 0.8025339203254176	 
-0.06792247683263768	 0.7559845008687301	 0.6510560433535473	 -0.524827346185152	 
0.38456650100145123	 -0.5822984956251936	 0.716266059715339	 0.04023798922649101	 
0.0	 0.0	 0.0	 1.0	 
5	 9	  37
0.86471474335889	 0.35693145677860705	 -0.3533671571887656	 0.3300579263335011	 
-0.16893842990601082	 0.8692494879800147	 0.46461288676421025	 -0.5390335794951875	 
0.4729991749661519	 -0.34206032042372647	 0.8119522878057286	 -0.16389221428590733	 
0.0	 0.0	 0.0	 1.0	 
5	 37	  37
0.9519539864172413	 -0.12496484856814936	 0.2795843242505971	 -0.28556145927525073	 
0.054320204701474875	 0.9673811899952038	 0.24743271530792715	 -0.012512951210009898	 
-0.3013850080968085	 -0.22035748198280786	 0.9276904963556992	 -0.3628456684884404	 
0.0	 0.0	 0.0	 1.0	 
5	 38	  37
0.9603663722422788	 -0.11681971762436058	 0.2530801940894824	 0.2672967025402164	 
0.032113949516845174	 0.9482659949228655	 0.31584853509139216	 -0.09769683627243402	 
-0.27688467872497924	 -0.29520290724705545	 0.9144343159791481	 0.1251771143008475	 
0.0	 0.0	 0.0	 1.0	 
5	 39	  37
0.9155946923579452	 0.22563070340423957	 -0.3328320071857095	 0.720037018746879	 
-0.059776477954285666	 0.8949082819134009	 0.44222837951242644	 -0.19931747809700232	 
0.3976344200510577	 -0.3850064319516154	 0.8328606818349307	 0.454095157727575	 
0.0	 0.0	 0.0	 1.0	 
5	 40	  37
0.8949585464656276	 0.4123401272778532	 -0.1703667207661558	 0.9198000647147258	 
-0.13965414603325918	 0.6215822319459621	 0.7707997459942478	 -0.5618974811844941	 
0.42372859191214673	 -0.6660414013900032	 0.6138753391614533	 0.6272858222537829	 
0.0	 0.0	 0.0	 1.0	 
5	 41	  37
0.9671770259673405	 0.18574414874791426	 -0.17340043727419957	 0.853103666657802	 
-0.0035677398605169007	 0.6922599202498656	 0.7216394349312807	 -0.47742843688446646	 
0.2540784754229657	 -0.6973344348456937	 0.6702005776669988	 0.4126908721538727	 
0.0	 0.0	 0.0	 1.0	 
6	 7	  37
0.9874575894198747	 0.15590363794327824	 0.02493120079620475	 0.32923096990711437	 
-0.1574876756944654	 0.9614298937691835	 0.22549987000291366	 -0.1076688480138194	 
0.011186648356157094	 -0.22659791491323847	 0.9739241468695231	 0.021426610583485727	 
0.0	 0.0	 0.0	 1.0	 
6	 8	  37
0.967014627597929	 0.2042443559273611	 -0.15220694164017942	 0.2627702106925747	 
-0.11033433560457477	 0.8744423538698046	 0.4724160286710576	 -0.40345164433614694	 
0.2295845038288441	 -0.4400395582563618	 0.8681337124954951	 0.16949647787541844	 
0.0	 0.0	 0.0	 1.0	 
6	 9	  37
0.7946891328524095	 0.42445793496704803	 -0.43394082957218283	 0.11495956498444898	 
-0.2509091183604975	 0.8806383997702308	 0.4018962841003697	 -0.39193584993281644	 
0.5527330245695867	 -0.21050289853974904	 0.806334132513638	 0.1418781160886467	 
0.0	 0.0	 0.0	 1.0	 
6	 37	  37
0.9647201900310771	 -0.1219251158845436	 0.23334356871990808	 -0.589831487798956	 
0.09769196854481053	 0.9888065761471425	 0.11277337562564849	 -0.03274502227011232	 
-0.2444815621437363	 -0.0859989597885025	 0.9658327726304663	 -0.09492577406358182	 
0.0	 0.0	 0.0	 1.0	 
6	 38	  37
0.9747120572178128	 -0.059079868383170746	 0.21551328187851168	 -0.07998761503933174	 
0.027830342817024747	 0.9890032826868714	 0.1452514332228088	 -0.06248507244433334	 
-0.22172477879773927	 -0.13558051477413868	 0.9656376372535783	 0.39192533709479066	 
0.0	 0.0	 0.0	 1.0	 
6	 39	  37
0.8913593283330692	 0.12474296196303394	 -0.43579552686358325	 0.5690838219027858	 
-0.05618048276081564	 0.9843785568188771	 0.16686105067374402	 -0.14552456991816357	 
0.4498025134994025	 -0.12424995096929857	 0.884443129055648	 0.6650811195718414	 
0.0	 0.0	 0.0	 1.0	 
6	 40	  37
0.8972857571678239	 0.3833147866089122	 -0.21897041889426266	 0.6180306474048473	 
-0.2043218550272436	 0.8003068658858326	 0.5637033794241637	 -0.5006906534995195	 
0.3913193702616714	 -0.46106257144010354	 0.7964235403822824	 0.672848011297437	 
0.0	 0.0	 0.0	 1.0	 
6	 41	  37
0.38683705748747627	 0.2649482130729383	 0.8832664011179685	 -0.9938415826757224	 
-0.6713231557840587	 -0.5757578036078341	 0.4667206574524157	 -0.37851146434384003	 
0.6322043273045221	 -0.7735020335940557	 -0.04485858405363461	 1.8621693356653894	 
0.0	 0.0	 0.0	 1.0	 
7	 8	  37
0.9629432901674394	 0.08935432828430387	 -0.25447204942462087	 0.0376521890177978	 
-0.02616831573912945	 0.9700259862737215	 0.2415880899487184	 -0.37035962591168087	 
0.2684314422210687	 -0.22597652526435932	 0.936418267045535	 0.08829373375211524	 
0.0	 0.0	 0.0	 1.0	 
7	 37	  37
0.9512580394078898	 -0.14101777297826748	 0.27426653125401035	 -1.0023135322948735	 
0.1523048756891543	 0.9881272927322721	 -0.020191042541199602	 -0.1069031912987213	 
-0.2681629491618271	 0.06097902148968013	 0.9614417255533443	 -0.12747457215406655	 
0.0	 0.0	 0.0	 1.0	 
7	 38	  37
0.9492924177560532	 -0.231751554373605	 0.21245028273995306	 -0.4253728117065623	 
0.23620442064102415	 0.9716927867744947	 0.004538700260538213	 -0.21572281187470807	 
-0.20748825812682994	 0.04587314220581624	 0.9771613365067509	 0.3423617378373274	 
0.0	 0.0	 0.0	 1.0	 
7	 39	  37
0.9250775190892222	 0.1584480409762274	 -0.34514605891785266	 0.026441671411926326	 
-0.15271093976694572	 0.9872936517542289	 0.043938753752199064	 -0.34847337042021864	 
0.3477225223525595	 0.012060825701246513	 0.9375199112190507	 0.6090291204684032	 
0.0	 0.0	 0.0	 1.0	 
7	 40	  37
0.9255354608631166	 0.2381040237896002	 -0.29443264856347195	 0.32235103377898305	 
-0.14574012216603266	 0.9416583142716801	 0.3033800190422053	 -0.48749673687878003	 
0.3494909547841398	 -0.2378783155695796	 0.9062394713903443	 0.5704372074954699	 
0.0	 0.0	 0.0	 1.0	 
7	 41	  37
0.9133215438853095	 0.35892127174195304	 -0.1924039452976338	 0.059917467296456244	 
-0.21492924189324655	 0.8261345147008009	 0.5208715624789557	 -0.7962761611090958	 
0.34590342359414433	 -0.4343699855091432	 0.8316691272583333	 0.6007805557598374	 
0.0	 0.0	 0.0	 1.0	 
8	 9	  37
0.9586478420677804	 0.18913587687433478	 -0.21265449672594167	 -0.2479324784410784	 
-0.21414895224785147	 0.9715343451918118	 -0.10129779051817892	 -0.029856060612249304	 
0.18744210079364385	 0.1426486459511411	 0.9718625533779824	 0.040427826233541506	 
0.0	 0.0	 0.0	 1.0	 
8	 36	  37
0.05748984734200278	 0.8098488102892706	 0.5838148866941016	 -1.6183635456367733	 
0.06153800119042499	 -0.586544663157587	 0.807575651274133	 -1.647745821288038	 
0.996447686465316	 -0.010500599716499236	 -0.08355684019584114	 2.8282157209433665	 
0.0	 0.0	 0.0	 1.0	 
8	 37	  37
0.865817088953543	 -0.18375139885622385	 0.4653989599197592	 -0.970793014387538	 
0.34761296766095695	 0.8899129975865488	 -0.2953304614164703	 0.33682577184881	 
-0.3598971980857246	 0.4174808739869453	 0.8343762500605714	 0.1262704263315095	 
0.0	 0.0	 0.0	 1.0	 
8	 38	  37
0.8849575387251541	 -0.2530001152853429	 0.3909489689449513	 -0.24264549969325538	 
0.31378894518038736	 0.9442963054084129	 -0.09920174128815144	 -0.0823640359654244	 
-0.3440736149955362	 0.21046479339220828	 0.9150507735673898	 0.3224768485794564	 
0.0	 0.0	 0.0	 1.0	 
8	 39	  37
0.9811359330665177	 0.17860924234060663	 -0.07396633961612437	 0.07872032893214509	 
-0.18799833985400918	 0.9706796357343738	 -0.14979208584808396	 -0.13403401155978667	 
0.04504336863323929	 0.16087194696744914	 0.9859469111575294	 0.5468530506843273	 
0.0	 0.0	 0.0	 1.0	 
8	 40	  37
0.9883928593975281	 0.11238605479011352	 -0.10222000871009393	 0.43763729022858205	 
-0.0981769970140311	 0.9860021677796396	 0.13476276337014798	 -0.27238171996222865	 
0.11593460548639083	 -0.12316289953782789	 0.9855912273494271	 0.3853594818249256	 
0.0	 0.0	 0.0	 1.0	 
8	 41	  37
0.9879120195144994	 0.14378750616521463	 -0.057922316679944956	 0.31548163459430173	 
-0.116232876231481	 0.9343242776004632	 0.3369392567946474	 -0.5583677272068367	 
0.10256588215259871	 -0.326133864168014	 0.9397430193734343	 0.3749242610187679	 
0.0	 0.0	 0.0	 1.0	 
8	 42	  37
0.5209070004101332	 0.7237839529535761	 -0.4525402593920393	 0.2522801579258968	 
-0.5541412159285972	 0.6899779907610794	 0.4656800243455587	 -0.49215089904532666	 
0.6492945477461628	 0.008195224963384968	 0.7604928852756657	 0.4445168582262968	 
0.0	 0.0	 0.0	 1.0	 
9	 10	  37
0.9184449641673593	 0.147091014274472	 -0.3671826266523586	 -0.15944505767723718	 
-0.19706347030122998	 0.9750359192871405	 -0.10232763445285276	 -0.04323488667927531	 
0.3429647743842719	 0.16634058320081546	 0.9245030956746215	 -0.039164457498941686	 
0.0	 0.0	 0.0	 1.0	 
9	 20	  37
-0.4467029352205611	 -0.8789082690702591	 0.16726249497498444	 -1.1988648928174317	 
0.5483267119412635	 -0.41667119301626443	 -0.7250675374626045	 0.9708782396780561	 
0.7069613176383962	 -0.2321753033169641	 0.6680571262195014	 0.3242272600445371	 
0.0	 0.0	 0.0	 1.0	 
9	 36	  37
0.9320838702011081	 -0.16713658539084203	 0.32137986983445727	 -1.566604460505128	 
0.24457840472906484	 0.9448093909456842	 -0.21798306980366414	 0.4201137428754205	 
-0.26720977312049893	 0.2817810792170635	 0.9215195931417615	 -0.14274605251934747	 
0.0	 0.0	 0.0	 1.0	 
9	 43	  37
0.6374494521187695	 0.5899649561818955	 -0.4955800101605941	 0.5711019864200945	 
-0.49578934880110354	 0.8064245918690007	 0.32229225749976265	 -0.20081078015655318	 
0.5897890450058044	 0.04025826755102026	 0.8065532557028905	 0.2270262557310185	 
0.0	 0.0	 0.0	 1.0	 
9	 44	  37
0.8335092887408517	 0.18356367102200905	 -0.5211205659572874	 0.5129494634337035	 
-0.2033645894744258	 0.978907967783759	 0.019545699203919412	 -0.21185674050663952	 
0.5137169544901337	 0.08968594812118291	 0.8532592345700022	 0.2614753045786056	 
0.0	 0.0	 0.0	 1.0	 
9	 45	  37
0.8555967977772987	 0.2831494024861395	 -0.4333365153145695	 -0.37508543497783453	 
-0.32050245916485093	 0.9471452217739925	 -0.01393206876163103	 -0.15802088543805248	 
0.406487752955135	 0.15080565222311176	 0.9011244985877627	 -0.15354945656105426	 
0.0	 0.0	 0.0	 1.0	 
10	 18	  37
-0.08212682976015125	 -0.1621879499484001	 0.9833362866919342	 -2.6134261643477124	 
0.4506523567000648	 0.8739933796489306	 0.18179115965996592	 -0.2851338678684793	 
-0.8889137400413059	 0.458072746647706	 0.0013120763706718434	 1.5306903594863013	 
0.0	 0.0	 0.0	 1.0	 
10	 19	  37
0.7859394479166778	 -0.031501952360395324	 0.6175004544175733	 -1.9623490657397116	 
0.1981704870487494	 0.9588499770056558	 -0.20331054979787574	 0.013279072859525004	 
-0.5856856172651737	 0.2821601470685338	 0.7598407788049908	 0.9915530159351859	 
0.0	 0.0	 0.0	 1.0	 
10	 20	  37
-0.9699484054899473	 0.015066240446243022	 0.24284377506191934	 -1.1484905111374486	 
-0.22260497274382499	 -0.45785545060860633	 -0.8607063450781056	 1.9388493738067463	 
0.0982197373099164	 -0.8888989789322558	 0.44744998430658695	 1.509701186621878	 
0.0	 0.0	 0.0	 1.0	 
10	 35	  37
-0.310846023429049	 0.7480911686236187	 0.5862886261438941	 -2.1650509516189227	 
-0.5778218158217242	 0.3410272240975876	 -0.7415000887287735	 1.7940710318919473	 
-0.7546500506054655	 -0.5692627125077157	 0.3262564409625132	 1.225054757245934	 
0.0	 0.0	 0.0	 1.0	 
10	 36	  37
0.7063229556817875	 -0.2989419547581933	 0.6416709358871518	 -1.3851831275981854	 
0.34419720986700786	 0.937122113339973	 0.05770983806067791	 0.06572561234840354	 
-0.6185759153060436	 0.18009956239417405	 0.7648058476690125	 0.3125701079588622	 
0.0	 0.0	 0.0	 1.0	 
10	 43	  37
0.7929383080793382	 -0.6073791725896561	 0.048367140545823986	 -1.0621447879605117	 
0.12920688420479584	 0.0900417984965865	 -0.9875211671643233	 2.842728467235938	 
0.5954447251041555	 0.7892927310116339	 0.14987516177750088	 3.2590439739023958	 
0.0	 0.0	 0.0	 1.0	 
10	 44	  37
0.9408136487724605	 -0.025689452961394542	 -0.33794930136041607	 0.9901910258299118	 
0.08253269080417734	 0.9844725068652589	 0.1549265573588164	 -0.20872276330052653	 
0.32872181739591155	 -0.17364888491717118	 0.9283253909782668	 0.08909114406565825	 
0.0	 0.0	 0.0	 1.0	 
10	 45	  37
0.9060600221920058	 0.0390655231431055	 -0.42134204761331195	 0.7920827175842561	 
-0.043872330725511374	 0.9990356716357471	 -0.0017162156110309046	 0.07460717761002805	 
0.42086869066507493	 0.02004025201607235	 0.9069001783641893	 0.08144397343986097	 
0.0	 0.0	 0.0	 1.0	 
10	 54	  37
0.6681584847838684	 0.28345030060089077	 -0.6879099986921176	 0.2826194082794472	 
-0.26745541147000834	 0.9542866970323164	 0.13343351431540415	 0.04471993643464023	 
0.6942851302503411	 0.09483051701016566	 0.7134250703170241	 0.25862247758377827	 
0.0	 0.0	 0.0	 1.0	 
11	 34	  37
0.8036651847229125	 -0.45453600140887784	 0.3840824055948354	 -1.6723596563432417	 
0.44123536600225444	 0.8882292770214952	 0.12790661918262505	 -0.006124019828988392	 
-0.3992914006751758	 0.06667664407497642	 0.9143963049366259	 -0.16069362903287288	 
0.0	 0.0	 0.0	 1.0	 
11	 35	  37
0.7705876058720058	 -0.3230369890014462	 0.5494013518488362	 -1.2504287448699103	 
0.4116529473810124	 0.9103675422365493	 -0.04210450040922396	 -0.09781351698855935	 
-0.4865558473484573	 0.2586078919504668	 0.8344970734711779	 0.13527275463888558	 
0.0	 0.0	 0.0	 1.0	 
11	 46	  37
0.9480004083932532	 -0.05787558572392269	 -0.31296268509734243	 0.6898698879161673	 
-0.001238671514200728	 0.9826488743051955	 -0.18547144125070117	 0.5407905153952464	 
0.3182666985078794	 0.17621466001398778	 0.9314798453090919	 -0.30432636811646674	 
0.0	 0.0	 0.0	 1.0	 
11	 47	  37
-0.48487767595424924	 0.8632549404008858	 0.1403016294797362	 -0.2243473151497207	 
-0.14916297299676606	 -0.23969744611475277	 0.9593203541116132	 -3.928921762573238	 
0.8617679773860084	 0.44422521562775835	 0.24498961396863264	 1.6825513335954903	 
0.0	 0.0	 0.0	 1.0	 
11	 53	  37
0.9801130641181991	 -0.11043671534518647	 -0.1648699895329666	 -0.1567369357459858	 
0.0833660977539425	 0.9831084980157763	 -0.16293487924457464	 0.16525139920725687	 
0.18007908065656703	 0.1459500360840319	 0.9727641603579742	 -0.1792748962673508	 
0.0	 0.0	 0.0	 1.0	 
11	 54	  37
0.9093989102659601	 -0.3594146912518347	 -0.2093196161840377	 0.4551713532959014	 
0.23606313100246393	 0.8603656632812484	 -0.45171354155917304	 1.095551225739059	 
0.34244389348971893	 0.36137515846965135	 0.8672601539634093	 0.053438983266318824	 
0.0	 0.0	 0.0	 1.0	 
12	 13	  37
0.8531135507368149	 0.3036511115141747	 -0.4242561396437667	 -0.18378803433493543	 
-0.2716939243579082	 0.9527832034595941	 0.13559711896745072	 -0.4291678843963837	 
0.44539833970977505	 -0.00041192411925272324	 0.895332423908738	 0.7323382772555378	 
0.0	 0.0	 0.0	 1.0	 
12	 32	  37
0.7508471674689038	 -0.536932901560087	 0.3846187597169295	 -1.427285084035872	 
0.46687353528163317	 0.8433849531610711	 0.2659528582947123	 -0.46562598109071246	 
-0.46718051453111037	 -0.02012163024616367	 0.8839329651272676	 1.1264615968647382	 
0.0	 0.0	 0.0	 1.0	 
12	 33	  37
0.6453335622112847	 -0.4791765706217367	 0.5949238671047629	 -1.748801005129323	 
0.45626186614305003	 0.8664012960439307	 0.20291353754015348	 -0.23303213880386145	 
-0.6126742225582491	 0.1404941578165784	 0.7777478310044038	 0.7501913392032444	 
0.0	 0.0	 0.0	 1.0	 
12	 47	  37
0.9408045405629655	 -0.11549979399738879	 0.3186637946844101	 -0.8843544324077551	 
0.1622815091424736	 0.9788823543393872	 -0.12431431194122199	 0.658357183959653	 
-0.2975760881632603	 0.16866871064171593	 0.9396804445150024	 -0.6527687685090824	 
0.0	 0.0	 0.0	 1.0	 
12	 48	  37
0.9946932453170356	 -0.09431670683459085	 -0.04110604009803098	 -1.0039052700981494	 
0.08711971508552384	 0.9846650805630007	 -0.1511450772048999	 0.5249700275216965	 
0.054731188220979846	 0.1467618408570013	 0.9876565491628064	 -0.4654485416391969	 
0.0	 0.0	 0.0	 1.0	 
12	 52	  37
0.9947568032199049	 -0.07833955148673159	 0.06574052875185245	 -1.1403268880755633	 
0.09172177536632102	 0.9677310923265053	 -0.23469906022010137	 0.36070531377736215	 
-0.04523293458715209	 0.23949832487390457	 0.9698425305229853	 -0.729729531552774	 
0.0	 0.0	 0.0	 1.0	 
12	 53	  37
0.1827120042552859	 -0.9636912139229645	 0.1947192022084627	 -0.12394673146413453	 
0.9061690486332296	 0.08823401653653634	 -0.4136090105703431	 1.6949987473864125	 
0.38141051217836713	 0.25201984551521717	 0.8893885645016592	 -0.818745480276512	 
0.0	 0.0	 0.0	 1.0	 
13	 14	  37
0.8260845970048153	 0.14763944301668483	 -0.5438628811172117	 0.3169421758250206	 
-0.24788240522526356	 0.961893217263438	 -0.11539389828898786	 -0.14909349340821335	 
0.5061013255970879	 0.2301391610489493	 0.8312023909858273	 0.3621117441874402	 
0.0	 0.0	 0.0	 1.0	 
13	 24	  37
0.6377879748385195	 0.2616778387665393	 -0.7243971340707073	 -0.08413848406234548	 
-0.43686599082435496	 0.8974946454151623	 -0.06042737386456128	 -0.18431641426738227	 
0.6343300443873325	 0.35500432412801125	 0.6867294406372706	 0.6750552174351555	 
0.0	 0.0	 0.0	 1.0	 
13	 25	  37
0.9142273234220649	 0.19180558691177718	 -0.35692999024732547	 -0.13081799158146024	 
-0.10033144255964066	 0.9605941983444586	 0.25921494505693315	 -0.2633012651221235	 
0.39258375251967426	 -0.20117008459608457	 0.8974455940730753	 0.7023027859081977	 
0.0	 0.0	 0.0	 1.0	 
13	 26	  37
0.9882404317670935	 -0.08497195535571073	 -0.12712441081010445	 -0.07858598482339405	 
0.07581218055845833	 0.9942791615368844	 -0.07524268876430415	 -0.416266638397684	 
0.13279067098166525	 0.06472028844602991	 0.9890287771160665	 0.9445932709159279	 
0.0	 0.0	 0.0	 1.0	 
13	 47	  37
0.689301563149156	 -0.5729740932786501	 0.44335543694832374	 -1.2178756331241383	 
0.7115381048626567	 0.6505529097402721	 -0.26550788492420674	 0.3557707094438455	 
-0.13629702993312254	 0.49847928749344733	 0.8561200380620905	 0.18135782106234133	 
0.0	 0.0	 0.0	 1.0	 
13	 48	  37
0.8291727688620143	 -0.29616455629307475	 0.4740876237294402	 -1.5468431645185026	 
0.40903757180874345	 0.899519918941673	 -0.15346719609080073	 0.6201402170715908	 
-0.38099971683258216	 0.32117047034696644	 0.866999852797335	 -0.4690496442772221	 
0.0	 0.0	 0.0	 1.0	 
13	 49	  37
0.9874952933751964	 -0.08589677984286853	 0.13219224173324143	 -2.03183984479056	 
0.11586598866998464	 0.9640559686226591	 -0.23910491846165088	 0.2879262810287041	 
-0.10690237710809292	 0.2514315663866637	 0.9619532468852043	 -0.32228435390831633	 
0.0	 0.0	 0.0	 1.0	 
13	 51	  37
-0.8333698531783209	 -0.037924375504231694	 0.5514131205876037	 -1.4502650461024034	 
-0.032259927158694336	 0.9992799563624557	 0.019971627674405405	 -0.6119535683698516	 
-0.5517734905858208	 -0.0011447946817528052	 -0.8339932281091235	 5.04393878951223	 
0.0	 0.0	 0.0	 1.0	 
13	 52	  37
0.8952530579824111	 -0.06037594103157051	 0.44144842044987975	 -1.450496186530043	 
0.1751913511005101	 0.9586738404305829	 -0.2241706006006455	 0.3474515009729147	 
-0.4096705416218249	 0.27802736091728225	 0.868833029936507	 -0.7898790127216874	 
0.0	 0.0	 0.0	 1.0	 
14	 15	  37
0.9365169115647594	 0.12478896155656853	 -0.3276641411977188	 0.16189250251800252	 
-0.1211895275513395	 0.9921304713712822	 0.03146785961072615	 -0.0059504373993501765	 
0.3290124203811893	 0.01023927977107635	 0.9442700802125846	 0.05787182128176017	 
0.0	 0.0	 0.0	 1.0	 
14	 16	  37
0.8741608467196276	 0.27478714852642133	 -0.40041832758646445	 0.12961372004010155	 
-0.2519926736267965	 0.9614920180249346	 0.10969408239626167	 0.14636924018183545	 
0.4151415499571703	 0.005012212990035062	 0.9097430248262974	 -0.39900344368799023	 
0.0	 0.0	 0.0	 1.0	 
14	 23	  37
0.8247662164906	 0.160244356505307	 -0.5422936790558984	 0.4068441799629284	 
-0.1738577372565208	 0.9844149448194554	 0.026470806790729967	 0.2074597793149265	 
0.5380837995441088	 0.07244972480492826	 0.8397719107256839	 0.16320449928729583	 
0.0	 0.0	 0.0	 1.0	 
14	 24	  37
0.9952246906954172	 0.025411818607231716	 -0.0942446523962131	 -0.2832597153249697	 
-0.028538595690513025	 0.999081023943008	 -0.03197899549711176	 -0.09567242301533939	 
0.09334539938434731	 0.03451589593309138	 0.9950353206503336	 0.48354967121350084	 
0.0	 0.0	 0.0	 1.0	 
14	 25	  37
0.9557280752265077	 -0.25613233132605523	 0.14484500361874847	 -0.20841283454454482	 
0.17817709941514775	 0.8954926829030577	 0.4078550920499696	 -0.09679540458664403	 
-0.23417251646561799	 -0.3639904994866818	 0.9014844140724767	 0.49844377385717903	 
0.0	 0.0	 0.0	 1.0	 
14	 26	  37
0.8268309253412482	 -0.33513151269762737	 0.4517050919530749	 0.08115012541421505	 
0.29207689696498706	 0.9421629522824905	 0.16437778927107263	 -0.17843692787196014	 
-0.4806679801678491	 -0.003980018007611252	 0.8768936379618797	 0.6998492818940683	 
0.0	 0.0	 0.0	 1.0	 
14	 49	  37
0.6742567558981315	 -0.24909454710650916	 0.6952191983306634	 -2.3681553240274025	 
0.32960592303622405	 0.9439365167416097	 0.018541517229076994	 -0.22337183884339157	 
-0.6608613792809852	 0.21664662232197499	 0.7185586116743109	 0.7170131987990392	 
0.0	 0.0	 0.0	 1.0	 
14	 51	  37
0.7628200283972169	 -0.16105109511690713	 0.6262333024023187	 -2.44035028959811	 
0.2971462481940339	 0.9474764584987896	 -0.1182897619187781	 -0.20488742908887833	 
-0.5742906158560132	 0.2763166758489911	 0.7706097476592709	 0.5896686629415406	 
0.0	 0.0	 0.0	 1.0	 
15	 16	  37
0.9851731991532258	 0.0843599115178269	 -0.1493893336182405	 -0.15128925371455332	 
-0.07538724485167075	 0.995049905281689	 0.06474912595992915	 0.10295869079671316	 
0.15411207280376135	 -0.05252705329261249	 0.9866561598087363	 -0.36014715914978535	 
0.0	 0.0	 0.0	 1.0	 
15	 22	  37
0.9285985636791092	 0.18598476523965335	 -0.3211142703646874	 -0.4277319274457149	 
-0.09737851437302412	 0.9571404934626465	 0.27276271869994245	 0.19862002777992782	 
0.3580811813982929	 -0.22201743821788458	 0.9069102076035807	 -0.5912209534256239	 
0.0	 0.0	 0.0	 1.0	 
15	 23	  37
0.99652871291913	 0.005895583203828646	 -0.08304075160081498	 -0.2915424748262075	 
-0.003547328196610559	 0.9995904138742262	 0.02839755189127368	 -0.0656931673596974	 
0.08317415939104553	 -0.028004403036643814	 0.996141462152918	 0.19607956660664952	 
0.0	 0.0	 0.0	 1.0	 
15	 24	  37
0.9679454634646614	 -0.11648919621421562	 0.22251257700082572	 -0.23039511896633957	 
0.1220089716546919	 0.9924660914790474	 -0.011174439586306675	 -0.19946902983536854	 
-0.21953448611538673	 0.03796477880443165	 0.9748657779286255	 0.5767785907818893	 
0.0	 0.0	 0.0	 1.0	 
15	 49	  37
0.40878024405112756	 -0.25915543403948327	 0.8750640965559646	 -2.1604727303603566	 
0.3878250501707523	 0.9172805496380756	 0.09048825181050739	 -0.49131933074461104	 
-0.8261297976308285	 0.30238196749058266	 0.4754731361527908	 1.4479707344920465	 
0.0	 0.0	 0.0	 1.0	 
15	 50	  37
-0.6790435605472541	 0.7147730041721273	 -0.16733019866736193	 0.47342193281074113	 
0.10447463820021108	 -0.13152425630896442	 -0.985792280338667	 3.465088863012303	 
-0.7266256896451169	 -0.6868776619669072	 0.0146350482962075	 2.86546818264926	 
0.0	 0.0	 0.0	 1.0	 
15	 51	  37
0.9010394110508242	 0.20762430192239376	 0.38081508502739553	 -1.4690399949382122	 
0.29117407301402565	 0.3611905150665482	 -0.8858662828160829	 1.940865391552985	 
-0.32147416527243183	 0.9090839131109952	 0.2649920753252695	 1.9100784889804885	 
0.0	 0.0	 0.0	 1.0	 
16	 17	  37
0.9162574273739658	 0.2051754282300343	 -0.3440572197072218	 -0.18245662683469047	 
-0.19739152155625167	 0.9786125543152272	 0.05791421029707406	 0.02501616508945276	 
0.3485812875065862	 0.014849652765230398	 0.9371609113770173	 -0.2671806298765392	 
0.0	 0.0	 0.0	 1.0	 
16	 22	  37
0.9686136082568444	 0.09859719010620004	 -0.22818034972981094	 -0.24588344202684223	 
-0.055652920089074	 0.9806844542936219	 0.18751200919509067	 0.15002296613020774	 
0.2422610789731117	 -0.1689277810485369	 0.955391529376727	 -0.17278047700586383	 
0.0	 0.0	 0.0	 1.0	 
16	 23	  37
0.9967060983291394	 -0.08054615162845803	 -0.009448333786955136	 0.09242758458726874	 
0.08043294548006612	 0.9966901046204121	 -0.011805788120727042	 -0.1960887473779966	 
0.010367971590674284	 0.01100694369914693	 0.9998856696420337	 0.5376763722686567	 
0.0	 0.0	 0.0	 1.0	 
16	 24	  37
0.9221994002006464	 -0.16551511853751405	 0.34950395105789656	 0.03906208324808425	 
0.19795841392955021	 0.978434782136295	 -0.05897324359738842	 -0.33456386461877674	 
-0.3322058588045443	 0.12357233768693097	 0.9350770795685897	 0.960353741324412	 
0.0	 0.0	 0.0	 1.0	 
16	 48	  37
-0.99384676582685	 0.08821680183785424	 0.06698060860434948	 0.009557794877401023	 
-0.10354134484982315	 -0.525139404066498	 -0.8446939068108471	 3.088347330812572	 
-0.03934203810427608	 -0.8464315696913618	 0.531042184640371	 1.2661923775263557	 
0.0	 0.0	 0.0	 1.0	 
16	 49	  37
0.5284668277942346	 -0.18640360082217766	 0.8282369887427296	 -1.6573339073342064	 
0.30268673630848403	 0.9528516924787639	 0.021316467889237144	 -0.37478841343902936	 
-0.793160482868389	 0.23943130484730038	 0.5599724088516345	 1.4221268659032666	 
0.0	 0.0	 0.0	 1.0	 
16	 51	  37
0.7737619989882433	 -0.163693966336583	 0.6119613176555477	 -1.4820976543048	 
0.2136150636530591	 0.9768783802102284	 -0.008788336494415693	 -0.7022046939025348	 
-0.5963731830843974	 0.13752423663790034	 0.7908388652784754	 0.8988037446544564	 
0.0	 0.0	 0.0	 1.0	 
17	 21	  37
0.9472457089144217	 0.16873510988221363	 -0.2724959259076206	 -0.26973180770290606	 
-0.1575409016722125	 0.9855252536012469	 0.06261660174829634	 0.02178608338046775	 
0.2791172356618639	 -0.01638405344338588	 0.9601172488551817	 -0.09612427330837964	 
0.0	 0.0	 0.0	 1.0	 
17	 22	  37
0.9979266862627385	 -0.041452407148923495	 0.04923440652866195	 0.18478044958643264	 
0.03263895971250467	 0.9852520566549662	 0.1679675062803652	 0.05448814488765948	 
-0.05547095774867472	 -0.16601229713102247	 0.9845622834781588	 0.13618416621809573	 
0.0	 0.0	 0.0	 1.0	 
18	 19	  37
0.7587129583022663	 0.13150018804912905	 -0.638014378715142	 -0.15583625671381685	 
-0.20879526474348054	 0.9768311745199569	 -0.04696162163577554	 -0.06265736600553089	 
0.6170568728447355	 0.1688447719919261	 0.7685910867594493	 0.0473324899312728	 
0.0	 0.0	 0.0	 1.0	 
18	 20	  37
0.9895994380991426	 0.03628524343370864	 -0.13919889806610003	 -0.1043161551085611	 
-0.061129722646952565	 0.9820207758436899	 -0.17860109971795765	 -0.13348837031380117	 
0.13021562549466414	 0.18525273795632186	 0.9740253148438794	 0.11523209175843867	 
0.0	 0.0	 0.0	 1.0	 
18	 36	  37
0.4724411775627603	 0.27048307406957023	 -0.8388314731726433	 1.2811061128142138	 
-0.15714641197531592	 0.9623451922278613	 0.2218033728309925	 -0.44171289826614596	 
0.8672394934194343	 0.027030309613383242	 0.49715694042807806	 1.5938984554199194	 
0.0	 0.0	 0.0	 1.0	 
18	 45	  37
-0.8608260227637806	 -0.4566984847268424	 -0.22451069591646858	 0.05582314225452985	 
0.469200676113022	 -0.5414364193320063	 -0.6976369610019375	 1.293178788746503	 
0.1970514756802745	 -0.7058846207909208	 0.6803657972466601	 0.7948077669987241	 
0.0	 0.0	 0.0	 1.0	 
19	 20	  37
