1	 2	  37
0.8740710951681967	 -0.14998519144763678	 0.4620651068170864	 -0.14836982712985747	 
0.12861215147773147	 0.9886523789593178	 0.07762337322193513	 -0.024439859022077362	 
-0.46846412358230644	 -0.008421159332213327	 0.8834423857794939	 0.24447131963837926	 
0.0	 0.0	 0.0	 1.0	 
2	 3	  37
0.8291011104818712	 -0.14762885206958942	 0.5392560343977084	 -0.5997348374132174	 
0.15160448787316536	 0.9877365957680572	 0.0373161712564994	 0.014731947766813677	 
-0.5381518631896038	 0.05081475589968323	 0.8413147049281927	 0.1499863688103207	 
0.0	 0.0	 0.0	 1.0	 
2	 5	  37
0.6988826502299632	 -0.153366712726767	 0.698599808642208	 -1.0507399819574263	 
0.11701854079943373	 0.9880969403513995	 0.09985538331695473	 -0.07253892859315986	 
-0.7055988253368304	 0.011961935277792688	 0.7085105572873956	 0.2476143033863355	 
0.0	 0.0	 0.0	 1.0	 
2	 7	  37
0.8509705055589467	 -0.11241051041040465	 0.5130429570884134	 -0.8853054137104764	 
0.1231711861586603	 0.9922987423935905	 0.013117345172279894	 -0.13297324648505793	 
-0.5105664085787666	 0.052029635722080345	 0.8582626983841298	 0.32517285668427554	 
0.0	 0.0	 0.0	 1.0	 
3	 4	  37
0.9585201691433511	 -0.023401645490370535	 0.28406240218259027	 -0.3577052933395663	 
-0.0036576413356353235	 0.9955317966729584	 0.09435604629789045	 0.0573882345004608	 
-0.285001240357407	 -0.09148117184127498	 0.954151711308682	 -0.35738260445192843	 
0.0	 0.0	 0.0	 1.0	 
3	 5	  37
0.9774121574075266	 0.00697168575929146	 0.21122705828003369	 -0.44498023399405484	 
-0.01139943024807176	 0.9997399301328542	 0.019751584442137187	 0.026472480290579633	 
-0.2110344226470705	 -0.021713306879174943	 0.9772374352031278	 -0.16466069710888184	 
0.0	 0.0	 0.0	 1.0	 
3	 6	  37
0.9870787672432678	 0.05304999720513175	 0.15119922306032738	 -0.4627653947955466	 
-0.01318039252259504	 0.9672879787457672	 -0.25333819969929217	 -0.008156897535850383	 
-0.159692781647955	 0.24807189274575953	 0.9554886454160904	 -0.007611549872887224	 
0.0	 0.0	 0.0	 1.0	 
3	 7	  37
0.9990964749061938	 0.03366812871139686	 -0.025936286146833926	 -0.34922885966259154	 
-0.03434934325219791	 0.9990642239392603	 -0.026283056572375823	 -0.08632442801061581	 
0.025027114259545978	 0.027150203566765268	 0.9993180224523738	 -0.004332481467632596	 
0.0	 0.0	 0.0	 1.0	 
3	 38	  37
0.3771613977243445	 -0.5188275738695013	 0.7671813531749233	 -2.2055442835887717	 
0.3964384538451844	 0.8390730101311317	 0.37254937388528936	 -0.5634007838467112	 
-0.8370100551244639	 0.16362894689561777	 0.5221491504909042	 1.4966626613641263	 
0.0	 0.0	 0.0	 1.0	 
3	 39	  37
0.06440703015306004	 -0.3083174791763406	 0.9491006619432995	 -2.170211711617359	 
0.26230332112133814	 0.9228631381014386	 0.28199396458484716	 -0.6060982330063435	 
-0.9628336835588888	 0.23078986192619064	 0.14031157271056055	 1.5836918632872847	 
0.0	 0.0	 0.0	 1.0	 
3	 40	  37
0.983058177924688	 -0.18066738912544608	 0.03091784795207266	 -0.4764551963100554	 
0.1796816863134462	 0.9831988667173605	 0.032163334548140736	 0.1077722856958023	 
-0.03620925874619833	 -0.0260630579996665	 0.9990043075926934	 0.01942914677956981	 
0.0	 0.0	 0.0	 1.0	 
3	 41	  37
-0.016621804158373377	 -0.5812547881392734	 0.8135518341763412	 -1.6152533494490653	 
0.30534291581705647	 0.7718437459139018	 0.5576943030495607	 -0.8552391621980603	 
-0.9520973791513445	 0.25768217470124943	 0.16465259625762502	 1.4643930776408294	 
0.0	 0.0	 0.0	 1.0	 
3	 45	  37
-0.21232070511386913	 -0.02320457732062233	 0.9769244933828409	 -2.0524221439865618	 
0.19475277414844164	 0.978658062164585	 0.06557251193713749	 -0.8165778793770263	 
-0.9575966139985231	 0.2041811571904497	 -0.20327021401802367	 1.8798264201469994	 
0.0	 0.0	 0.0	 1.0	 
3	 46	  37
0.10356189344549932	 -0.21043416547769273	 0.972107193793817	 -2.400094884257155	 
0.23263264226153196	 0.9553780760230614	 0.18202962838200543	 -0.6556702391943237	 
-0.9670351534356968	 0.2072925320752778	 0.14789461844644217	 1.4878033536107595	 
0.0	 0.0	 0.0	 1.0	 
3	 47	  37
-0.10346803026825949	 -0.46724538806526683	 0.8780524551780178	 -1.7547712250883207	 
0.13984838313216727	 0.8671868628981947	 0.4779428569945429	 -0.6907457492348604	 
-0.984752149755321	 0.1722460221558858	 -0.02438260453169792	 1.7768663466677228	 
0.0	 0.0	 0.0	 1.0	 
4	 5	  37
0.9961403886943643	 0.030768875489330657	 -0.08220463680938352	 -0.1207480658421261	 
-0.0355461249747958	 0.9977241731310618	 -0.05729700995003868	 -0.10308512362989167	 
0.0802545887231179	 0.05999792205619051	 0.9949670599260169	 0.15974779595075364	 
0.0	 0.0	 0.0	 1.0	 
4	 6	  37
0.9886502121164351	 -0.02586046172046299	 -0.14799322485077607	 -0.13644992077578347	 
-0.01879903740717227	 0.9560368662356785	 -0.2926433094926769	 -0.2402073754872334	 
0.14905487001333315	 0.2921040001743684	 0.9446998988077853	 0.28681591429796777	 
0.0	 0.0	 0.0	 1.0	 
4	 7	  37
0.9461740718075766	 0.031471071482260186	 -0.3221245062065743	 -0.0614418287601282	 
-0.07089682350756726	 0.9912433006279977	 -0.11140179251990888	 -0.17336114478172818	 
0.31579782496972275	 0.12824309189921468	 0.9401199089076465	 0.3192460993436371	 
0.0	 0.0	 0.0	 1.0	 
4	 38	  37
0.644099102450252	 -0.5583630043254233	 0.5228451985276977	 -2.1583537937228687	 
0.47377907582901013	 0.8278228230812811	 0.3004043290173233	 -0.7446984057176107	 
-0.6005578519421669	 0.05422295626785982	 0.7977406455008949	 1.0203995570092235	 
0.0	 0.0	 0.0	 1.0	 
4	 39	  37
0.38505534133820357	 -0.3389869576977604	 0.8583823312590583	 -2.268454731800831	 
0.3388145286632563	 0.9170764295044873	 0.2101797745121918	 -0.7199359797885422	 
-0.8584504058322846	 0.20990156016122688	 0.4679788838914297	 1.1650647927879476	 
0.0	 0.0	 0.0	 1.0	 
4	 40	  37
0.28291660257591544	 -0.5197622416801468	 0.8061050850295702	 -2.0617246383464227	 
0.37705723396286583	 0.8330461842658514	 0.4047985884317997	 -0.8780246391604102	 
-0.8819217869534544	 0.1894235122779995	 0.43166270940757945	 1.546468658140435	 
0.0	 0.0	 0.0	 1.0	 
4	 41	  37
0.1936897901586645	 -0.5604216975196646	 0.8052402039996954	 -1.813275827565973	 
0.34663821583559923	 0.8069356799660565	 0.4782224960413635	 -0.947262475094172	 
-0.9177833145740915	 0.18650021272614403	 0.35055877986793926	 1.38166691279793	 
0.0	 0.0	 0.0	 1.0	 
4	 46	  37
0.2745403098391805	 -0.32704899566168644	 0.9042491762285931	 -2.5692459548966395	 
0.39883851614814997	 0.8944066167063925	 0.20239723819401523	 -1.0362661619244942	 
-0.8749602598462106	 0.3050831991908196	 0.37599040581023596	 1.3243009117826614	 
0.0	 0.0	 0.0	 1.0	 
4	 47	  37
0.16885776743940206	 -0.5399624417841818	 0.8245772346104666	 -1.8690860920277812	 
0.2917387062308073	 0.8264843500621104	 0.4814687387455028	 -0.9165526528754244	 
-0.9414752156388155	 0.15926135929620408	 0.2970862463544377	 1.4953012768022076	 
0.0	 0.0	 0.0	 1.0	 
5	 6	  37
0.998521850173261	 -0.016391971186061335	 -0.051821018971092016	 -0.04291767350376801	 
0.00321846166548571	 0.969596920921605	 -0.24468643698384604	 -0.11530578825331479	 
0.0542563934580497	 0.2441579698063879	 0.968216468331823	 0.14175388720922838	 
0.0	 0.0	 0.0	 1.0	 
5	 7	  37
0.973974745312218	 -0.006348448011468312	 -0.22656763383556291	 0.035024236158254576	 
-0.01097648967313883	 0.9971136920080061	 -0.0751252413281905	 -0.040316077546790556	 
0.22639061855221723	 0.07565700508220685	 0.9710938705467845	 0.15828763822256986	 
0.0	 0.0	 0.0	 1.0	 
5	 38	  37
0.6285485275765403	 -0.5324820349195891	 0.5669123662165578	 -1.8996667445849886	 
0.4090666865893797	 0.8462631557031802	 0.3413255296957438	 -0.5462615251163633	 
-0.6615067606639781	 0.017365304120209726	 0.7497381221524374	 0.9743531633965474	 
0.0	 0.0	 0.0	 1.0	 
5	 39	  37
0.21978704620333006	 -0.38294322659762975	 0.8972447489532679	 -2.068915231497912	 
0.3211414175533716	 0.8968724919199437	 0.30411827167916455	 -0.712567464521562	 
-0.9211741660799141	 0.2213011939423461	 0.3200998864521297	 1.3945832183531264	 
0.0	 0.0	 0.0	 1.0	 
5	 40	  37
0.2679226425574172	 -0.4941498691836322	 0.8270630957737446	 -1.8227188798930805	 
0.28665727778156824	 0.8604558876435818	 0.4212401577655651	 -0.6657365173500069	 
-0.9198070790659919	 0.12422387936824468	 0.3721872715378544	 1.484913914060884	 
0.0	 0.0	 0.0	 1.0	 
5	 45	  37
-0.16583765812734913	 -0.12139180302418866	 0.9786531057046581	 -2.1479450004265757	 
0.26846259051858684	 0.9493562159483776	 0.1632501538505441	 -1.0830590639579702	 
-0.9489076396777958	 0.28980477118003656	 -0.12484985367392536	 2.0193045682664996	 
0.0	 0.0	 0.0	 1.0	 
5	 46	  37
0.2655209427538752	 -0.20969811600491622	 0.9410235539576475	 -2.317423518217875	 
0.2430805914955454	 0.9590868451949346	 0.1451352796951952	 -0.6190841394232898	 
-0.9329579063372948	 0.19020810581574957	 0.30563118539297607	 1.3066538245255834	 
0.0	 0.0	 0.0	 1.0	 
6	 7	  37
0.9798557846415902	 0.029612359651540125	 -0.1974987328067739	 0.14018707692052365	 
0.01054207299296616	 0.9798969776296644	 0.19922544498447067	 0.00017770732540899406	 
0.19942794689166454	 -0.19729425077309576	 0.9598455462262973	 0.013505564123983713	 
0.0	 0.0	 0.0	 1.0	 
6	 46	  37
0.20346702114582435	 -0.3690790500922579	 0.9068527036344106	 -2.1674693976697808	 
0.6866859246458884	 0.7140184765389691	 0.13652859061086517	 0.38690154066924926	 
-0.6978994284273807	 0.5949439216799891	 0.39872060124449227	 0.9208945552687173	 
0.0	 0.0	 0.0	 1.0	 
7	 38	  37
0.3243062318959323	 -0.5197534874441099	 0.7903681295720031	 -1.802280028455624	 
0.3103306696228572	 0.8477427542974649	 0.4301477630158926	 -0.49096714122342416	 
-0.8935996550160985	 0.10577587071649638	 0.436223706060636	 1.6792408372379442	 
0.0	 0.0	 0.0	 1.0	 
7	 46	  37
0.0159875517361554	 -0.2879721392477721	 0.9575053238528467	 -1.944787010708456	 
0.2190660595384093	 0.935369778562255	 0.2776570526939855	 -0.7677031552480015	 
-0.9755790381859362	 0.20531786178863806	 0.07803919452905582	 1.7225343498191232	 
0.0	 0.0	 0.0	 1.0	 
8	 9	  37
-0.575562578740787	 -0.2501113317308421	 0.7785705104183441	 -1.997753221721119	 
-0.23789887082161293	 -0.8596891862495637	 -0.45203830623893504	 1.5738696545199558	 
0.7823885513062272	 -0.44539737851203	 0.4353037215549106	 1.7777666466339759	 
0.0	 0.0	 0.0	 1.0	 
8	 35	  37
-0.9558708058300814	 -0.15325875248300072	 0.25064468346466934	 -1.137352475736777	 
-0.07191591673659686	 -0.705131314800402	 -0.7054203922540022	 2.240257497225929	 
0.28484926449209086	 -0.6923161009793211	 0.6629926944115628	 0.7465837083455134	 
0.0	 0.0	 0.0	 1.0	 
8	 36	  37
-0.9878093507733487	 0.15498990216877714	 -0.014519529966508203	 -0.9335534739841556	 
-0.07388852987333772	 -0.548918322975382	 -0.8326038432862604	 2.275511113328556	 
-0.13701522425589177	 -0.8213810351643183	 0.5536786282623706	 1.7488444455554328	 
0.0	 0.0	 0.0	 1.0	 
8	 37	  37
0.7929359145688459	 -0.4212922525783887	 0.44018799768314343	 -1.4155567886077425	 
0.3028307130942008	 0.8993867781896754	 0.315272869788145	 -0.6134472855597318	 
-0.5287212825239074	 -0.11668873611031266	 0.8407363107843338	 1.0381370375888146	 
0.0	 0.0	 0.0	 1.0	 
8	 38	  37
-0.06193071744365339	 -0.5726444211794791	 0.8174612854006815	 -0.9880940735102551	 
0.4583199204110569	 0.7112572267765296	 0.5329690496760235	 -0.7512559303278272	 
-0.8866269998095686	 0.40766594688565877	 0.21840567519756107	 1.327593496609986	 
0.0	 0.0	 0.0	 1.0	 
9	 10	  37
0.8340569856221377	 0.10364869650951596	 -0.5418541246929758	 0.35575120879240496	 
-0.19585800741920817	 0.9738427050204519	 -0.11519560238231921	 -0.09121535114292978	 
0.5157408124869414	 0.20220616605416913	 0.8325407381894198	 0.45482836664101783	 
0.0	 0.0	 0.0	 1.0	 
9	 11	  37
0.649900955853467	 -0.0009142582062659979	 -0.7600183627470343	 0.8100234332545972	 
-0.3001577244389781	 0.9183998381703228	 -0.25777330681887983	 0.3891912075647683	 
0.6982364127144649	 0.3956525007890865	 0.5965945110198199	 1.001692302378289	 
0.0	 0.0	 0.0	 1.0	 
9	 32	  37
-0.4831386854050276	 -0.8398515835494238	 -0.2474395446864268	 -0.6714086205876866	 
0.5831366312419163	 -0.5194742384370721	 0.6245784057298588	 -0.554708081989416	 
-0.6530916321381945	 0.15746692735221574	 0.7407263238344647	 0.9831871893413873	 
0.0	 0.0	 0.0	 1.0	 
9	 33	  37
0.9294804103644428	 0.3493609516027368	 -0.11837690756214178	 -1.4430717233693897	 
-0.26873250074259125	 0.8611680890202982	 0.4314769582466254	 -1.4289800856986232	 
0.2526836159971174	 -0.36923765781452667	 0.8943235109613655	 0.11107580449276151	 
0.0	 0.0	 0.0	 1.0	 
9	 35	  37
0.8694704398883667	 -0.2727626974595334	 0.41185150847717983	 -1.8395024298552074	 
0.21405071364743403	 0.9594272897750749	 0.18352538685936046	 -0.47972359871406184	 
-0.44520045614010073	 -0.07141278953697824	 0.8925787177292505	 0.19417224702081357	 
0.0	 0.0	 0.0	 1.0	 
9	 36	  37
0.5598452984929997	 -0.43717699262314436	 0.7038817506344854	 -1.4296589030107665	 
0.4173556093057226	 0.8826381869385581	 0.21625014760426126	 -0.596155497735482	 
-0.7158125013831019	 0.1727023684805712	 0.6765991093586124	 0.487135381300297	 
0.0	 0.0	 0.0	 1.0	 
9	 37	  37
-0.9267752332817732	 -0.07947742926774924	 0.36711170672222504	 -0.48332417977981923	 
-0.25487630009538687	 -0.5848547589710602	 -0.7700538828930023	 2.083392291868236	 
0.27590893176046544	 -0.8072349404887609	 0.5217719925685025	 1.197153533927326	 
0.0	 0.0	 0.0	 1.0	 
10	 11	  37
0.9985290844507378	 -0.05243511102478339	 -0.01379226731872883	 0.03456592528202047	 
0.043950078551413946	 0.9317519786944135	 -0.36042563836992797	 -0.011347414692603572	 
0.03174993072901351	 0.3592893114620364	 0.9326859774692869	 -0.05176492311936349	 
0.0	 0.0	 0.0	 1.0	 
10	 12	  37
0.9300866445370279	 -0.06739129415024736	 -0.36110558999634307	 0.23030347819734096	 
-0.039846940660117416	 0.9587179696520088	 -0.28155297190112916	 -0.0972341141147179	 
0.36517263721955046	 0.2762576119115705	 0.8890054425519763	 0.37322949088589863	 
0.0	 0.0	 0.0	 1.0	 
10	 32	  37
-0.8553131418417391	 -0.2626225382443644	 0.4466193365707533	 -1.5175691984576365	 
-0.4803231157975284	 0.0787553980191725	 -0.8735486773577044	 1.609314159358291	 
0.19423988731299915	 -0.9616792550996034	 -0.1935042027649637	 2.4149072687518727	 
0.0	 0.0	 0.0	 1.0	 
10	 33	  37
0.9600115625764961	 0.23660277297938476	 0.14965603074350098	 -1.5649099493624277	 
-0.2224913310282909	 0.9692500975726263	 -0.1051278077994315	 -0.22304601663177714	 
-0.16992765324305967	 0.06762674155924137	 0.9831333665832858	 -0.04140220641736873	 
0.0	 0.0	 0.0	 1.0	 
10	 35	  37
0.6153017130431372	 -0.4246235807831376	 0.6641525551927708	 -1.6090396811549104	 
0.2529551062003499	 0.9043216901970096	 0.34382552971877045	 -0.49757805392471405	 
-0.7466039888544332	 -0.04355565729190191	 0.6638413880924566	 0.562410951752306	 
0.0	 0.0	 0.0	 1.0	 
10	 36	  37
-0.4300210424816159	 0.898301086540628	 0.09020565915146518	 -0.9655824115172588	 
0.8350560104405138	 0.43373309983779235	 -0.3384627860375076	 1.5352095629054716	 
-0.3431666686177377	 -0.07021934224290152	 -0.9366460812520263	 3.852520795819102	 
0.0	 0.0	 0.0	 1.0	 
11	 12	  37
0.9548157669284798	 -0.02126924789839874	 -0.2964362837417425	 0.09945631228639655	 
0.04913601836713461	 0.9950067568258197	 0.08687465435895617	 0.05042305813105988	 
0.29310834673172137	 -0.09751498841101269	 0.951093225773056	 0.3782013680636395	 
0.0	 0.0	 0.0	 1.0	 
11	 32	  37
-0.7029678058294673	 -0.6667006225026091	 -0.24768234479255483	 -0.5603233618485354	 
0.27028067997844296	 -0.5725437947633948	 0.774042606778414	 -1.0302625888510877	 
-0.6578636773661357	 0.4771832803363563	 0.5826761527381566	 1.2824595846548383	 
0.0	 0.0	 0.0	 1.0	 
11	 33	  37
-0.3019727237415087	 0.9515533614305356	 -0.057954072043155884	 -0.9636035660836243	 
-0.3884626690182037	 -0.17833793154105992	 -0.904042220780042	 2.636473910973685	 
-0.8705798233909332	 -0.250483098279914	 0.42349614942842984	 1.6863440121532045	 
0.0	 0.0	 0.0	 1.0	 
13	 14	  37
0.9188166836744991	 0.05757041450054728	 -0.3904632494558614	 -0.029931649549730353	 
-0.037157734860562744	 0.9975281720147852	 0.059639322404548376	 -0.09343135085094027	 
0.3929315519800199	 -0.0402888745322667	 0.918684713080335	 0.4500704541716535	 
0.0	 0.0	 0.0	 1.0	 
13	 15	  37
0.8862038335193629	 0.19106667766169497	 -0.4220619505983768	 0.044843858150077416	 
-0.07696638943290539	 0.9590563279873104	 0.27255666318246297	 -0.10797697446552301	 
0.4568576806328718	 -0.20905617530897838	 0.8646251067439195	 0.5958123995625891	 
0.0	 0.0	 0.0	 1.0	 
13	 16	  37
0.8679428474816225	 0.1501779006608719	 -0.47341505220956576	 -0.1663034645156076	 
-0.06506903607912103	 0.9793570321623967	 0.19137874515681316	 -0.09392929458033353	 
0.4923832186917283	 -0.13530115190624128	 0.8597978624325706	 0.9821769498481634	 
0.0	 0.0	 0.0	 1.0	 
14	 15	  37
0.9996903048959891	 0.024039005011493794	 0.006435878729616151	 -0.03030188906314409	 
-0.02483724504758024	 0.979921350942121	 0.1978313858471767	 0.02316195087794342	 
-0.0015509853034143338	 -0.1979299679326642	 0.9802149367555888	 0.10720272552585335	 
0.0	 0.0	 0.0	 1.0	 
14	 16	  37
0.999832071081575	 0.009754074827840182	 -0.015514111672264963	 -0.11066145762999126	 
-0.0076605210050991815	 0.9915238342520467	 0.1296988917764888	 -0.029881769015205072	 
0.016647704185774444	 -0.12955826540353105	 0.9914320500220728	 0.5410414609767161	 
0.0	 0.0	 0.0	 1.0	 
15	 16	  37
0.9996035887021227	 -0.02336588014438852	 -0.01570672145661193	 -0.0802122337896707	 
0.022710646374908088	 0.9989143029175913	 -0.04067483211884795	 -0.17918495938523793	 
0.016640071967134202	 0.04030199835914585	 0.9990489762435012	 0.4089064411627751	 
0.0	 0.0	 0.0	 1.0	 
15	 57	  37
-0.6697230351757346	 -0.7092812621720204	 0.2199798792768721	 -0.5275294927160827	 
0.6929118791157051	 -0.7034018165509703	 -0.1584266778454228	 -0.25050288543327376	 
0.2671033207119366	 0.04632467597793858	 0.9625538117218146	 0.5231573619408084	 
0.0	 0.0	 0.0	 1.0	 
16	 24	  37
0.9858016483390326	 0.11358665172270399	 -0.12366560832531814	 -0.2526626342804673	 
-0.03887560054999543	 0.870861923073676	 0.4899879576298746	 -0.4883814836622718	 
0.16335176097588583	 -0.47822336150677913	 0.8629128685419137	 1.327348756337701	 
0.0	 0.0	 0.0	 1.0	 
16	 55	  37
0.6961954201333127	 -0.16084430529218854	 0.699600633533499	 -1.7963005842857565	 
0.18573187494714546	 0.9817495054975784	 0.04088494935641301	 -0.2482721158269941	 
-0.6934086872934441	 0.10147422288607075	 0.713363423842049	 0.15958815721572364	 
0.0	 0.0	 0.0	 1.0	 
16	 56	  37
-0.943360031405186	 -0.3047753596750367	 0.13108711333368575	 -0.3968987292234002	 
-0.32451713514013464	 0.7654849304157781	 -0.5556270784499175	 0.8549849370479194	 
0.06899623285112182	 -0.5666963926489239	 -0.8210327145802719	 4.377083503495374	 
0.0	 0.0	 0.0	 1.0	 
16	 57	  37
0.7981355686264524	 -0.2173805217418648	 0.5618944054362549	 -2.092896287004601	 
0.3203891304310726	 0.9429738536347229	 -0.0902835337306828	 -0.7142342984702654	 
-0.510225851162942	 0.2520833594835504	 0.822267329204156	 -0.2672900881427101	 
0.0	 0.0	 0.0	 1.0	 
16	 58	  37
0.8660479069907238	 -0.3353563400493275	 -0.3708060786795507	 1.288383438654785	 
0.02419411431928843	 0.7689126709135953	 -0.63889588302072	 0.8510262060025887	 
0.4993752773509017	 0.5443431176172251	 0.6740288589322189	 1.5593936856571722	 
0.0	 0.0	 0.0	 1.0	 
17	 18	  37
0.9963169613224457	 0.0649971193167173	 -0.05592751614131209	 -0.30824290985052505	 
-0.06508942018797294	 0.9978794205463031	 0.00017155106620215269	 -0.1647915676517691	 
0.05582006772480527	 0.0034693703612018833	 0.9984348168551089	 0.2958547212004169	 
0.0	 0.0	 0.0	 1.0	 
17	 19	  37
0.9996546833235717	 -0.01553923545075934	 0.02119071190061292	 -0.6073621509420272	 
0.015880980495160905	 0.9997449778598095	 -0.016055332528497293	 -0.25778854348119834	 
-0.02093582020751155	 0.016386317636801522	 0.9996465275418824	 0.5044520947878195	 
0.0	 0.0	 0.0	 1.0	 
17	 20	  37
0.8618601416671675	 -0.200480341906807	 0.46583766347771877	 -0.5664262599072539	 
0.15339542615600626	 0.9785738682724887	 0.1373427375897099	 -0.1679611291647232	 
-0.4833910833268108	 -0.04691286436734105	 0.8741465802238113	 0.46791453427390095	 
0.0	 0.0	 0.0	 1.0	 
17	 21	  37
0.8157110440396692	 -0.35465125220921273	 0.45698794506873985	 -0.49978515276572216	 
0.18646886338815127	 0.9090493683601562	 0.3726373691281259	 -0.26846077688835984	 
-0.5475809123941802	 -0.21875039472064506	 0.8076530252473016	 0.484435882462811	 
0.0	 0.0	 0.0	 1.0	 
17	 22	  37
0.8068477677009233	 -0.39073911398455635	 0.44307970452120876	 -0.582059568375317	 
0.15149842832889437	 0.8617918061727413	 0.4841106371764616	 -0.3653462210129617	 
-0.5710034202786464	 -0.32347770806670545	 0.7545311566887077	 0.6774331511856095	 
0.0	 0.0	 0.0	 1.0	 
17	 54	  37
0.9563212499822359	 -0.16019847837424436	 0.24451199226007642	 -1.484782369118164	 
0.10304588948425347	 0.9675137715666222	 0.23086499624093648	 0.3161173915457349	 
-0.2735529409324886	 -0.19558514605027053	 0.9417617740977173	 -0.9607780597074249	 
0.0	 0.0	 0.0	 1.0	 
17	 55	  37
0.9053695794631552	 -0.03873099150501053	 0.4228543896895796	 -1.7356763162760358	 
0.11559762905046775	 0.9807011142654977	 -0.15767851038210767	 0.40684859673232376	 
-0.4085867260944957	 0.19163829151672357	 0.8923741661903556	 -0.8821968416415604	 
0.0	 0.0	 0.0	 1.0	 
17	 56	  37
0.9893037628365752	 0.045416008350373356	 0.13861980746960628	 -1.1767268709897767	 
0.0096873946421569	 0.9277431253195701	 -0.37309361802009083	 0.34644496738800834	 
-0.14554799628452125	 0.37044578497776576	 0.9173798020284548	 -1.2090211002757691	 
0.0	 0.0	 0.0	 1.0	 
17	 57	  37
0.9808875652841367	 0.03391030699113212	 0.19159769140239064	 -1.8256015527429468	 
0.03841324119666037	 0.9315678006894711	 -0.361532648068399	 0.4812803670318639	 
-0.19074592308022123	 0.3619827672671015	 0.9124606671138903	 -1.3972064350626412	 
0.0	 0.0	 0.0	 1.0	 
17	 58	  37
0.7820937923557694	 0.2444557146702311	 0.5732108717772512	 -2.4578705963730063	 
-0.12529200114583633	 0.9627457167360904	 -0.23963013031583189	 0.3816637186969144	 
-0.6104352663529864	 0.11559450017789505	 0.7835857943589715	 -1.260961920718561	 
0.0	 0.0	 0.0	 1.0	 
18	 19	  37
0.993651689662499	 -0.040052826748808654	 0.10512892418497327	 -0.2988302190931579	 
0.04076324066806306	 0.9991581675728323	 -0.004616750235493476	 -0.10986446619160609	 
-0.10485550935023628	 0.008872837309974657	 0.9944478844650301	 0.2275392208298451	 
0.0	 0.0	 0.0	 1.0	 
18	 20	  37
0.8339996484753046	 -0.2540825592868348	 0.48978223672293336	 -0.24171873277879177	 
0.17833408278077642	 0.9641494081423727	 0.19650158701000797	 -0.043004391196281036	 
-0.5221508797864906	 -0.07653738854288482	 0.8494118476294222	 0.19097693178671893	 
0.0	 0.0	 0.0	 1.0	 
18	 21	  37
0.764307804828694	 -0.44133515994679595	 0.4701668385506134	 -0.16549472663503578	 
0.23766499912202027	 0.8705720185113295	 0.43083605788912344	 -0.14984880498476302	 
-0.5994571941934409	 -0.21754916037494962	 0.7702749088149518	 0.22993819686652392	 
0.0	 0.0	 0.0	 1.0	 
18	 22	  37
0.7261996312173274	 -0.4639589469853458	 0.5073225710847761	 -0.297682718436731	 
0.2554633790243628	 0.8672139216830066	 0.42740902659704616	 -0.1548156952236855	 
-0.6382574383407316	 -0.1807819392290869	 0.748294950438193	 0.3659675520701198	 
0.0	 0.0	 0.0	 1.0	 
18	 23	  37
0.9680003272250831	 -0.1776947660011697	 0.17720027265193727	 -0.35964947992275065	 
0.10501566426908986	 0.9281551043678968	 0.357071158866045	 -0.21521824072156764	 
-0.22791901357774705	 -0.3270361942837642	 0.9171151786325086	 0.49187012749111886	 
0.0	 0.0	 0.0	 1.0	 
18	 54	  37
0.9163402890948795	 -0.129950645591319	 0.37872589598799644	 -1.3533194781200912	 
0.04113967123201676	 0.9714187652400292	 0.23378004617686887	 0.4845185875615045	 
-0.3982813101721353	 -0.198641416250329	 0.8954962790082545	 -1.1178283442961183	 
0.0	 0.0	 0.0	 1.0	 
18	 55	  37
0.8890573882003108	 -0.11688791627400087	 0.44262193293550534	 -1.4460138753348057	 
0.1485114843030709	 0.9882056099336148	 -0.03733646375637138	 0.28776952128273053	 
-0.4330372957570047	 0.09892869919722143	 0.89593069651542	 -1.2176559074114264	 
0.0	 0.0	 0.0	 1.0	 
18	 56	  37
0.9379715864138043	 -0.027123473404159458	 0.3456495628101745	 -1.307318229921706	 
0.13151009004391526	 0.9502682324655641	 -0.2823037062870648	 0.2198132134058011	 
-0.3208027420347467	 0.3102492603653812	 0.894891611954052	 -1.3603974555165523	 
0.0	 0.0	 0.0	 1.0	 
18	 57	  37
0.9632466391365304	 -0.03017165594244679	 0.2669186830663387	 -1.6590543265751831	 
0.09968152751671629	 0.9628702712865828	 -0.2508872929114508	 0.23884651949090294	 
-0.24943837969348703	 0.26827320374982017	 0.930489109493332	 -1.6620460323762918	 
0.0	 0.0	 0.0	 1.0	 
18	 58	  37
0.7798481852522477	 -0.18909964723551256	 0.5967228262553572	 -2.0009907660397093	 
0.2773820034428964	 0.9589702271224525	 -0.058611668281302556	 -0.19424995659117766	 
-0.561155978427372	 0.21122837619059898	 0.8003040303329115	 -1.7386645286481812	 
0.0	 0.0	 0.0	 1.0	 
19	 20	  37
0.9026891929413197	 -0.21728505947507942	 0.3714019707484864	 0.10875655012413078	 
0.17173188608599926	 0.9733391331164152	 0.15204963415125217	 0.08605065160397664	 
-0.39453818604577834	 -0.07347200060632178	 0.915937489613025	 -0.03380728945846287	 
0.0	 0.0	 0.0	 1.0	 
19	 22	  37
0.8051910740270308	 -0.4014032320952918	 0.436512061197224	 0.005166597965062525	 
0.1880667700689631	 0.8709381016177228	 0.45397985984660494	 -0.06845689697608438	 
-0.5624039689609446	 -0.28344711749102175	 0.7767621948080417	 0.1462023925983009	 
0.0	 0.0	 0.0	 1.0	 
19	 23	  37
0.9896868569616734	 -0.12096750708970115	 0.07672540248070932	 -0.08878711068636042	 
0.08338248252145689	 0.9220024697469207	 0.378098938624715	 -0.11735738710290801	 
-0.11647869661823454	 -0.3678019956567399	 0.9225802974403021	 0.25959139611314863	 
0.0	 0.0	 0.0	 1.0	 
19	 54	  37
0.957649429091476	 -0.14515143172401102	 0.24867374776851675	 -0.8864757549434292	 
0.07843449270628432	 0.9624849634907826	 0.2597512760470184	 0.5331699818601834	 
-0.2770480126524601	 -0.22924606195661554	 0.9331080547089418	 -1.4850958688387985	 
0.0	 0.0	 0.0	 1.0	 
19	 55	  37
0.9509311217630344	 -0.051283923479328315	 0.3051228619016631	 -0.8562927292721793	 
0.07018178152673461	 0.9962150202239682	 -0.05128499801979997	 0.45151476798474904	 
-0.30133788212607565	 0.07018256672937827	 0.9509310638122233	 -1.6006279638207694	 
0.0	 0.0	 0.0	 1.0	 
19	 56	  37
0.9723567685703939	 -0.05150614456020204	 0.22774861511738126	 -0.766161743192035	 
0.11625883348111316	 0.9526664672601347	 -0.2809101026942715	 0.3428974569686217	 
-0.20249987222947108	 0.2996226280350649	 0.9323197319141163	 -1.7099784036038093	 
0.0	 0.0	 0.0	 1.0	 
19	 57	  37
0.9941288125433678	 -0.09790131981596255	 0.04607858124341741	 -0.8090009186246542	 
0.10352243547349793	 0.9844670975357411	 -0.14180140769113708	 0.03265489631880207	 
-0.03148030217054824	 0.14573903199845037	 0.9888220897246404	 -2.1968787273628663	 
0.0	 0.0	 0.0	 1.0	 
19	 58	  37
0.6926905484202466	 -0.6745147975968449	 0.25536168849720836	 -0.3996141160437031	 
0.15145852264868104	 0.48220810071675857	 0.8628648002556455	 -1.5381921396688405	 
-0.7051525509039425	 -0.5590215876207503	 0.4361820084868691	 -0.010713886018709585	 
0.0	 0.0	 0.0	 1.0	 
20	 21	  37
0.991181784427214	 -0.057504288064433695	 0.11938143521454896	 -0.014506347154810556	 
0.03015809843784499	 0.9751824705213455	 0.21933909429579157	 -0.10004947704403044	 
-0.12903162138908508	 -0.21380459780390013	 0.9683173212535322	 0.040677656065518784	 
0.0	 0.0	 0.0	 1.0	 
20	 22	  37
0.9971883726520709	 -0.0347656366771499	 0.06638297939944511	 -0.11458507569605993	 
0.01747000666391744	 0.9693121957181635	 0.24521147220143424	 -0.11534910196139608	 
-0.0728707644716138	 -0.24336231782768755	 0.9671942069444258	 0.1027645581775504	 
0.0	 0.0	 0.0	 1.0	 
20	 23	  37
-0.6702433542708959	 -0.7146588381066764	 -0.20009145701831968	 -0.020044867053961992	 
0.3487100702992335	 -0.06526755754625252	 -0.934955310591822	 0.6687050534263905	 
0.6551145952637617	 -0.6964214895075842	 0.29295388037101683	 0.5627376565611146	 
0.0	 0.0	 0.0	 1.0	 
20	 54	  37
0.90929008672005	 -0.21296395007622898	 -0.3575442548280886	 0.026349350622683697	 
-0.22515800141414144	 -0.9742917931760687	 0.007705592057058389	 -1.1694141777789757	 
-0.3499934464984067	 0.07349733136440922	 -0.9338644064801251	 3.1325890455508487	 
0.0	 0.0	 0.0	 1.0	 
20	 55	  37
0.9322921288437346	 -0.32671352141774956	 0.15520844506286022	 -0.8852105100289311	 
0.2506916846262155	 0.8929643124719931	 0.37385614333683365	 -0.9130180911329174	 
-0.26073945952864	 -0.3096336731917815	 0.914407962930375	 -1.549867522003447	 
0.0	 0.0	 0.0	 1.0	 
20	 56	  37
-0.43908676540655955	 0.07815356632639092	 0.895039011728132	 -2.526977414296164	 
-0.27968515653335474	 -0.9585997851899357	 -0.05350387881941659	 0.8049144268905548	 
0.8538026854371671	 -0.27382197118616425	 0.4427668714301078	 -0.5670498682637206	 
0.0	 0.0	 0.0	 1.0	 
20	 57	  37
-0.04382108518499923	 -0.07811699341277749	 -0.9959806463146548	 3.0283322140915607	 
-0.9253383593090642	 0.3789830789377264	 0.010988478970744533	 0.6723053865248277	 
0.37660142496334065	 0.922100624237414	 -0.08889210030454045	 0.3272272898860526	 
0.0	 0.0	 0.0	 1.0	 
20	 58	  37
0.016740042320914427	 0.45626939012204487	 0.8896842218566942	 -3.5098396196550934	 
-0.9434874045556005	 -0.28734662084199897	 0.16511643448070715	 -0.4152356349270906	 
0.33098532962660315	 -0.8421699134547269	 0.4256742280707479	 -0.09939863527493832	 
0.0	 0.0	 0.0	 1.0	 
21	 22	  37
0.9960406088627592	 0.010761813118876135	 -0.08824561674496231	 -0.08547179244481694	 
-0.005000994567428455	 0.997856766135884	 0.06524464982028087	 -0.046858652954872244	 
0.0887586364791671	 -0.06454500488208918	 0.9939596806687535	 0.043947544261119485	 
0.0	 0.0	 0.0	 1.0	 
21	 54	  37
0.07855370753667401	 0.3963604402559674	 0.9147282199824917	 -1.7707798557110248	 
0.023873523147685972	 -0.9180483883437676	 0.3957489248904254	 -1.9523286916628295	 
0.9966239862278848	 -0.009249759970201858	 -0.08157862474774921	 0.8257218398943098	 
0.0	 0.0	 0.0	 1.0	 
21	 55	  37
0.9593972558453115	 0.011143411126545445	 -0.28183812706046313	 0.17384147475609035	 
-0.13986444055352773	 0.8865135983551561	 -0.44105734117010365	 1.266562445141706	 
0.2449384488910094	 0.4625683347569924	 0.8520772804945624	 -1.499279718344844	 
0.0	 0.0	 0.0	 1.0	 
21	 56	  37
0.3086071293250824	 -0.30805703846300875	 -0.8999236083041342	 2.3634515321368075	 
-0.40620894415211556	 -0.8981742419679278	 0.16815862974037885	 -0.062160955405940736	 
-0.8600906541874265	 0.31366206675136676	 -0.4023184987801406	 1.592438886117162	 
0.0	 0.0	 0.0	 1.0	 
21	 57	  37
0.36611241077913953	 0.05416878936877721	 0.9289927044556421	 -1.3218263486077535	 
0.7529247926875149	 -0.6039175067697654	 -0.26151080584452707	 1.0192897562144736	 
0.5468692341227014	 0.7952039909830132	 -0.26188671882082626	 0.9253954766485885	 
0.0	 0.0	 0.0	 1.0	 
21	 58	  37
-0.7569277999345059	 -0.5652651257622765	 -0.32792627720764705	 0.5256832480093604	 
0.36782008715314896	 -0.7832821225634755	 0.5011761167085943	 -0.25491889606425566	 
-0.5401561710958775	 0.25873626353763085	 0.8008038815825178	 -1.1505796596593574	 
0.0	 0.0	 0.0	 1.0	 
22	 23	  37
0.8670349665070811	 0.29633550191046965	 -0.40054417629212036	 -0.14639680614236023	 
-0.3072200352187787	 0.950861172865831	 0.038456207514353004	 -0.039625244124961725	 
0.39225784480904363	 0.08971231935294592	 0.9154700885021199	 0.02331824010848127	 
0.0	 0.0	 0.0	 1.0	 
22	 54	  37
0.9414462590077542	 0.33419017243543175	 -0.044675161419751454	 -0.055020022988157655	 
-0.33564463204775624	 0.9415038354829321	 -0.030219343944798468	 1.0939131651653606	 
0.0319628280637173	 0.04344486642290572	 0.9985444012179254	 -1.6458077421239459	 
0.0	 0.0	 0.0	 1.0	 
22	 55	  37
0.9630156416549096	 0.16561099207031638	 -0.21254146238667812	 0.1821069408136808	 
-0.2449815198538716	 0.8665813602215038	 -0.43476522520405664	 1.2825570377667612	 
0.1121825693147966	 0.4707544428065791	 0.8751030372017896	 -1.5411519950558028	 
0.0	 0.0	 0.0	 1.0	 
22	 56	  37
0.8735099917155195	 0.05310617803004087	 -0.48390084545100176	 0.7218601287349726	 
-0.3721184542286551	 0.7137271856205418	 -0.5933981467182522	 1.2393001783827577	 
0.31386008092082857	 0.6984076448330315	 0.6432096168770715	 -1.4959157398439626	 
0.0	 0.0	 0.0	 1.0	 
22	 57	  37
0.9254232423725135	 0.002035029220054451	 -0.37892965195774486	 0.11991662642103423	 
-0.287986683703789	 0.6537031170667423	 -0.6998113351086263	 1.929999111904383	 
0.24628335811832255	 0.756748368609604	 0.6055381194612478	 -1.6841392141877436	 
0.0	 0.0	 0.0	 1.0	 
22	 58	  37
0.9932382389307699	 0.016025910298831176	 -0.11498248094730228	 0.19672581235087222	 
-0.06585058714292355	 0.8934538087622036	 -0.4443016900499515	 1.0392006406059227	 
0.09561119651293505	 0.4488690920607088	 0.8884678031836376	 -2.4521097414006396	 
0.0	 0.0	 0.0	 1.0	 
23	 24	  37
0.5776413994411302	 0.5919594647428589	 -0.5620626350799709	 0.1920811310941173	 
-0.5229072220152198	 0.7970714819606391	 0.3020680218252099	 0.11391906808283661	 
0.6268161220134802	 0.119419616254694	 0.7699613655486637	 0.03510514158835673	 
0.0	 0.0	 0.0	 1.0	 
23	 54	  37
0.929510988042056	 0.03613729074671036	 0.3670196443333357	 -0.9268777142698453	 
-0.06057452364677154	 0.9966317110689354	 0.05528073422786846	 0.942929891005842	 
-0.3637857201623605	 -0.07361609001633557	 0.9285691256425984	 -1.5529832794112113	 
0.0	 0.0	 0.0	 1.0	 
23	 55	  37
0.8764451005208733	 -0.39459650657525397	 0.27593039479470555	 -0.8665442179864273	 
0.46094336141994907	 0.8532537126428947	 -0.24390432432409914	 0.7053274682542511	 
-0.1391948394727151	 0.34095703374431585	 0.929716676092476	 -1.725234918001598	 
0.0	 0.0	 0.0	 1.0	 
23	 56	  37
0.9726281034635808	 0.07584070392603293	 0.2196423456003929	 -0.7651020960298855	 
0.05544354095835924	 0.8421922413011725	 -0.536319161002203	 0.9650161697213019	 
-0.22565590202526845	 0.5338168378012363	 0.8149349652340677	 -1.714855565993808	 
0.0	 0.0	 0.0	 1.0	 
23	 57	  37
-0.9725320488618283	 -0.20023427561475776	 0.11869140156576953	 0.6194958487812794	 
-0.2326084150156654	 0.817083075788152	 -0.5275116799886735	 1.2951580628127979	 
0.00864518365989045	 -0.5406306337321315	 -0.8412156552691348	 3.371954818836586	 
0.0	 0.0	 0.0	 1.0	 
23	 58	  37
-0.5417498647270388	 0.6159052542704734	 0.5719858405854631	 -1.4686610748282443	 
0.8076959088819645	 0.1930884120609221	 0.5570854368076128	 -0.8367324297930071	 
0.232668009927391	 0.7637915834112178	 -0.6020697752475302	 1.3567457464899426	 
0.0	 0.0	 0.0	 1.0	 
24	 25	  37
0.9214053415017593	 0.14005895574636787	 -0.3624854280757552	 -0.14695231682538543	 
-0.23137989021073763	 0.9471530611373205	 -0.22218106396421497	 -0.02300055774069341	 
0.3122107350141788	 0.28859065766833175	 0.9051187155552943	 -0.09255787223095888	 
0.0	 0.0	 0.0	 1.0	 
25	 26	  37
0.9373336938250373	 0.20994746794791194	 -0.27807841901623914	 -0.11314127239118604	 
-0.2168553111313854	 0.9761850220266651	 0.006047876065916635	 0.05514626628229022	 
0.27272572385900984	 0.054633904062028504	 0.9605393360360207	 -0.15021574968328696	 
0.0	 0.0	 0.0	 1.0	 
26	 27	  37
0.9756061745824044	 0.0840864520600884	 -0.20278575072384616	 -0.1262145279614852	 
-0.09450816962260052	 0.9946270549754048	 -0.042251951263094466	 0.09475561613403005	 
0.19814337735910678	 0.06038617466688583	 0.9783111529149748	 -0.10270473595165017	 
0.0	 0.0	 0.0	 1.0	 
26	 28	  37
0.8956379262506708	 0.0426804080700879	 -0.44273139467217487	 -0.11894018852676877	 
-0.11574482959386166	 0.9834566126539853	 -0.1393421165672363	 0.14647998200987863	 
0.4294599393234321	 0.17604395415384252	 0.8857610776739936	 -0.17552311773457438	 
0.0	 0.0	 0.0	 1.0	 
26	 50	  37
0.9507294236675928	 -0.2913189390321893	 -0.10605111377937639	 -1.714260802247857	 
0.29249377990398995	 0.9562561223890018	 -0.004649420504428114	 0.2513369494532025	 
0.10276649108616581	 -0.02659895025579468	 0.9943498097526476	 -0.44131528426816297	 
0.0	 0.0	 0.0	 1.0	 
26	 51	  37
0.8714534542355347	 -0.16912936109113907	 0.4603956302115151	 -1.773371818990701	 
0.2168644986978712	 0.9747948001438925	 -0.052391667438143615	 0.3298977583453369	 
-0.4399302970988426	 0.14550036711064016	 0.8861664498643546	 -0.39028621490530646	 
0.0	 0.0	 0.0	 1.0	 
27	 28	  37
0.9706410125750577	 0.030727187685070736	 -0.23856207712927463	 -0.006770214606631371	 
-0.05723788642966806	 0.9928228788929303	 -0.10500740689979313	 0.008414930986679722	 
0.23362330591003097	 0.1155792848382471	 0.9654333637553386	 -0.09525139482268401	 
0.0	 0.0	 0.0	 1.0	 
27	 50	  37
0.9387491533061743	 -0.19578527878423824	 0.28358094396189565	 -2.0790718270926813	 
0.19798799724789432	 0.9799757806121925	 0.021171262581455425	 0.2397437428826551	 
-0.2820474784725254	 0.03627111832991867	 0.9587145695473643	 0.221570638690691	 
0.0	 0.0	 0.0	 1.0	 
27	 51	  37
0.6707520854045587	 -0.2998489382178639	 0.6783673445671264	 -1.9330353413754449	 
0.31740993173626897	 0.9426955977908175	 0.1028394143360876	 -0.06650491884142719	 
-0.6703301986041001	 0.14634078090345154	 0.7274900691308133	 0.17855356674345735	 
0.0	 0.0	 0.0	 1.0	 
28	 50	  37
0.8381113983846645	 -0.3400523140451669	 0.42653687719847816	 -1.7746008170680065	 
0.26560309588627584	 0.9373603294309376	 0.22541208544519006	 -0.1491498310294773	 
-0.47647064899459274	 -0.07563092305169195	 0.875931323863361	 0.6467717355717558	 
0.0	 0.0	 0.0	 1.0	 
28	 51	  37
-0.5382648327077157	 -0.36610348995421554	 -0.7591042118928578	 1.620719339160059	 
-0.6852878156654629	 0.714419345475157	 0.14137046548450974	 -0.04707173143155165	 
0.4905625134175994	 0.5962996171843413	 -0.6354330704135686	 3.73729219896134	 
0.0	 0.0	 0.0	 1.0	 
29	 41	  37
0.6595667159877802	 0.7043819731751997	 -0.26233143735913245	 1.5742779424702156	 
0.08005911155021933	 -0.4128580359948089	 -0.9072699602501447	 2.134355006699264	 
-0.7473702468113679	 0.5774030463898873	 -0.3286996139346577	 3.2133851835366634	 
0.0	 0.0	 0.0	 1.0	 
29	 42	  37
0.7756057535678127	 -0.6214339500745062	 0.1107048360610345	 0.08005801138722793	 
0.3420788810446016	 0.26641742573147353	 -0.9011125314908716	 3.0989573980915472	 
0.5304882224666051	 0.7367778504823618	 0.41921431853267066	 1.2675008883435568	 
0.0	 0.0	 0.0	 1.0	 
29	 43	  37
0.6312603479776049	 -0.7360915333134748	 -0.24429414167230776	 1.9185350719910415	 
0.5224593947044137	 0.17080651501939934	 0.835380940237461	 -2.8655556478932733	 
-0.5731898062215431	 -0.6549766324161067	 0.4924013170499903	 2.141360087964568	 
0.0	 0.0	 0.0	 1.0	 
29	 45	  37
0.10194387577766398	 -0.9918555516136848	 -0.07635450821360784	 2.1816669057785347	 
0.23818483785608488	 0.09885848400306087	 -0.9661754411886524	 2.925642485521593	 
0.9658547661045624	 0.08030918299752651	 0.24632297075053936	 1.8052198403037798	 
0.0	 0.0	 0.0	 1.0	 
29	 47	  37
0.21260465859542382	 -0.9628342633523649	 -0.1665816330158642	 1.5426697466904031	 
0.7906091170161668	 0.06931765950043929	 0.6083849818760306	 -0.919969812457724	 
-0.5742268569428292	 -0.2610464391561202	 0.7759628041146495	 1.8061526016015144	 
0.0	 0.0	 0.0	 1.0	 
29	 48	  37
-0.6442236506379249	 -0.2218561438115652	 -0.731953372430108	 1.7837448374915836	 
0.687417139562842	 0.2516053213027666	 -0.6812873391803005	 1.6663672347147178	 
0.3353111453471039	 -0.9420587103494108	 -0.009582382836207815	 2.678694371369718	 
0.0	 0.0	 0.0	 1.0	 
29	 49	  37
0.5778529135073455	 0.47520771541790224	 0.6635236525990396	 0.3056369519970234	 
0.4884045342307305	 -0.8527047505181955	 0.18535268918082948	 -0.12902502138984795	 
0.6538707986245724	 0.21696136902914315	 -0.7248315273600237	 3.8738674676138296	 
0.0	 0.0	 0.0	 1.0	 
29	 50	  37
0.6914395168721775	 -0.4028150895212061	 0.5997094281079738	 -1.1641669761989664	 
