0	 1	  37
0.8118089370699074	 -0.35386708780758136	 0.4644828671329107	 -0.245418579347193	 
0.26048335632934877	 0.9313830336169451	 0.2543109627324284	 0.008325760981319937	 
-0.5226037416330129	 -0.08546185615277747	 0.8482815572521285	 -0.024381587047177695	 
0.0	 0.0	 0.0	 1.0	 
0	 14	  37
0.9535387470118147	 0.07032018672055414	 -0.2929486802952434	 0.7065224222403638	 
-0.04904220194913579	 0.9956385250934865	 0.07936491528154284	 -0.09357617058884539	 
0.2972519476388984	 -0.06131067353448901	 0.9528285684925849	 0.13471224061536097	 
0.0	 0.0	 0.0	 1.0	 
0	 24	  37
0.48483985333532903	 -0.37779426698581203	 0.7887976980509198	 -1.3123083706569683	 
0.31149507981560026	 0.917342523432784	 0.24789818464975838	 -0.35883590848162084	 
-0.8172521837648711	 0.1255156824250499	 0.562445269868033	 1.1140477970745384	 
0.0	 0.0	 0.0	 1.0	 
0	 25	  37
0.6026515730809794	 -0.3657346922255738	 0.7092596255009065	 -1.2859124696136326	 
0.3157399185343873	 0.9255455448797092	 0.20898265046941306	 -0.05260816224908733	 
-0.7328842918953302	 0.09799785332336185	 0.6732585205083507	 0.4072560027341136	 
0.0	 0.0	 0.0	 1.0	 
0	 26	  37
0.8578618392854908	 -0.312833399168553	 0.4076865573726505	 -1.864006243088863	 
0.2787551833763055	 0.9497711169374939	 0.14223351634600137	 0.11293003058514327	 
-0.43170431135043963	 -0.008371964880155826	 0.9019763288276966	 -0.10292135040406149	 
0.0	 0.0	 0.0	 1.0	 
1	 2	  37
0.6974250656214596	 -0.05324342906894003	 0.7146771404654572	 -0.4772877557451489	 
0.4343313308346301	 0.8246295902162082	 -0.3624118292706058	 -0.06254029767722168	 
-0.5700478689534073	 0.5631617673464951	 0.5982426354756482	 -0.12814376721851958	 
0.0	 0.0	 0.0	 1.0	 
1	 14	  37
0.6019818278947329	 0.3246075078406894	 -0.7295531815693587	 0.6753537413459587	 
-0.40288249074548294	 0.9122969882878308	 0.0734840378018889	 -0.41065524364258055	 
0.6894226407184729	 0.24968814752488805	 0.6799648898659085	 0.5829250528322372	 
0.0	 0.0	 0.0	 1.0	 
1	 15	  37
0.8969416749982021	 -0.27073677637066174	 0.3495672032268485	 0.07239292232079883	 
0.2813386147548246	 0.9593754201271045	 0.021151527220924848	 -0.3162932500760725	 
-0.3410926787535249	 0.07937506646525366	 0.9366725059082177	 0.4707367642865852	 
0.0	 0.0	 0.0	 1.0	 
1	 16	  37
0.5529450006960541	 -0.29679437871115544	 0.7785659400273686	 -0.5384333627509836	 
0.428259528270464	 0.9027705903027149	 0.03998796981653148	 -0.08929454876977096	 
-0.7147346379257131	 0.31131713420553525	 0.6262875053034773	 0.05572209775873244	 
0.0	 0.0	 0.0	 1.0	 
1	 23	  37
0.15461565368761843	 -0.3983638113683328	 0.9041019153982841	 -1.8512572984881217	 
0.5024731738712142	 0.8196220867756918	 0.2752096372027143	 -0.45304667624993916	 
-0.850655458558011	 0.41173524097598946	 0.32689353337731336	 0.8569942614294971	 
0.0	 0.0	 0.0	 1.0	 
1	 24	  37
0.8932692431467545	 -0.15482465125329845	 0.4220182301895474	 -1.5822780647590524	 
0.22437160096906814	 0.9670706806248193	 -0.12013194144117137	 -0.031204556530124834	 
-0.38952207116747634	 0.2019990743546667	 0.89859274982233	 0.3975455346174759	 
0.0	 0.0	 0.0	 1.0	 
1	 25	  37
0.953701784194272	 -0.14748726321958913	 0.2621076382188391	 -1.0511884482256826	 
0.179265209131196	 0.9785349183751482	 -0.1016533241743245	 0.23652813240967624	 
-0.24148890579033	 0.14393373721451574	 0.9596698326360228	 -0.16434137145939778	 
0.0	 0.0	 0.0	 1.0	 
2	 15	  37
0.9434691607587383	 0.17427438721741742	 -0.2819474785437805	 -0.051292050226503086	 
-0.0008217600777916915	 0.8518493299054009	 0.5237862577904223	 0.10430814079759576	 
0.3314592997753666	 -0.4939444878725884	 0.8038367841127382	 0.8489858256244064	 
0.0	 0.0	 0.0	 1.0	 
2	 16	  37
0.9702579038895366	 0.0024964117105034205	 0.24206066980915217	 -0.2354041537857569	 
-0.08433090090018973	 0.940793401842639	 0.32832312468468916	 0.10832680999114684	 
-0.22690945130876775	 -0.3389713011125381	 0.9130227587135095	 0.06148416416283421	 
0.0	 0.0	 0.0	 1.0	 
2	 23	  37
0.8662076646123215	 -0.18617907665774122	 0.4637042518478126	 -1.4270561976723948	 
0.009900355462765378	 0.9342070786778324	 0.3565937704306413	 0.36138873818682893	 
-0.4995860934099141	 -0.3042934201771392	 0.8110605709244657	 -0.3996832002701303	 
0.0	 0.0	 0.0	 1.0	 
3	 4	  37
0.9576433303587306	 0.04182431006438317	 0.28490345541441925	 0.005139459613821289	 
0.16729887564828586	 0.7244719492306744	 -0.6686938619313958	 0.3477586074498962	 
-0.23437222110620756	 0.6880342446895679	 0.6867885701642085	 -0.48773673783970434	 
0.0	 0.0	 0.0	 1.0	 
3	 12	  37
0.8223632443902189	 0.2877920440752749	 -0.49080997712247915	 -0.01344853592999705	 
-0.3607770166988817	 0.930802814358794	 -0.058703194151635385	 -0.01904635939773382	 
0.43995299578233166	 0.225348308510902	 0.8692867773947947	 -0.07706473856974927	 
0.0	 0.0	 0.0	 1.0	 
3	 16	  37
0.8050580909362051	 0.29554219622723066	 -0.5143309056116864	 -0.018392314266948172	 
-0.36862506886098406	 0.9285633014595378	 -0.043425266721097075	 -0.11372440362282582	 
0.46475480505895556	 0.22455512782332246	 0.8564916612220251	 0.03711341889745858	 
0.0	 0.0	 0.0	 1.0	 
3	 17	  37
0.968717933152631	 -0.04251544687389907	 0.2444954043854494	 -0.2131775691086303	 
0.07937535908536945	 0.9865428080606523	 -0.1429434861540375	 0.4331097076258003	 
-0.2351278766087941	 0.15787882898258898	 0.9590563888534002	 -0.5649289930976954	 
0.0	 0.0	 0.0	 1.0	 
4	 17	  37
0.9979058150195056	 0.06396182502494824	 0.009636871366576524	 -0.2474980699235878	 
-0.05893971914669008	 0.8377655117112723	 0.5428398077647405	 0.08785140067822006	 
0.02664758632910918	 -0.5422709952843037	 0.8397809677625497	 -0.20912480987694823	 
0.0	 0.0	 0.0	 1.0	 
5	 6	  37
0.8546860202783458	 -0.026294060813315655	 0.5184789572458163	 -0.07054887085391852	 
0.3203569961003215	 0.8125990572891721	 -0.48688208751434603	 -0.0028255596696246882	 
-0.4085134046642074	 0.5822296750069463	 0.702940540693851	 -0.07551064655197377	 
0.0	 0.0	 0.0	 1.0	 
5	 11	  37
0.8510831465300294	 -0.23764170130462484	 0.468170801624351	 -0.8054676852220954	 
0.4433473169418381	 0.8029548998195712	 -0.3983799510721085	 0.9166860475817913	 
-0.2812483497783004	 0.546616731043595	 0.7887391933270443	 -0.7503633020941455	 
0.0	 0.0	 0.0	 1.0	 
5	 13	  37
0.5637904405067123	 -0.3412224129345752	 0.7521353628864645	 -1.7028432125448545	 
0.4938441035589209	 0.8692147806973095	 0.024159188674592016	 0.24045406079067264	 
-0.6620108311601355	 0.35781689441449677	 0.6585656607341686	 -0.04026305212490924	 
0.0	 0.0	 0.0	 1.0	 
5	 17	  37
0.5772007309570182	 0.4846364544339112	 -0.6572418300872306	 0.15508699492791117	 
-0.466178593824594	 0.856367889236266	 0.22206205651742375	 -0.045346506709050834	 
0.6704601664844889	 0.1782176908130922	 0.7202233124794285	 -0.06040432052923864	 
0.0	 0.0	 0.0	 1.0	 
5	 18	  37
0.873972833361962	 -0.22287690631740428	 0.4318534139909581	 0.04185021856480607	 
0.2535382011393493	 0.9672251487260161	 -0.013924519200240532	 0.14265897114593812	 
-0.41459602881393604	 0.12166098923779173	 0.9018363136342402	 -0.2503005705790756	 
0.0	 0.0	 0.0	 1.0	 
5	 22	  37
0.9854496231262432	 -0.08183753002620639	 0.1489686509288293	 0.349606995526698	 
0.08550347487656	 0.9961686539789368	 -0.018362151666596452	 0.38798555443389043	 
-0.1468951873424689	 0.030832312741722514	 0.9886714178262759	 -0.6666208426800514	 
0.0	 0.0	 0.0	 1.0	 
5	 32	  37
-0.22869105004362195	 0.7875192812761255	 -0.5722882012135841	 1.7940106663738355	 
-0.2745958615919122	 0.5118125170643042	 0.8140301346835358	 -0.9247596112560622	 
0.9339686913524132	 0.3433093779590584	 0.0992025936093559	 1.0648831316954483	 
0.0	 0.0	 0.0	 1.0	 
6	 18	  37
0.9996794340568319	 -0.009202619851677467	 -0.023586880075104517	 0.2073893331936209	 
0.019807851056611817	 0.8645157363197956	 0.5022152832122496	 0.023559634881319583	 
0.0157695326605109	 -0.502521495503731	 0.8644208861407513	 -0.1199168176694455	 
0.0	 0.0	 0.0	 1.0	 
7	 8	  37
0.7250600305912474	 0.13427871018238766	 0.6754681191816335	 -0.4723822264665067	 
0.35589095264916687	 0.7666381321405931	 -0.5344226830613116	 0.5102110122120735	 
-0.5896012057836112	 0.6278815193487833	 0.5080700894549638	 -0.15540634924350327	 
0.0	 0.0	 0.0	 1.0	 
7	 19	  37
0.9421839834686593	 0.07517769099478996	 -0.3265542161292994	 1.0478151781999743	 
-0.22777710354957922	 0.858439825912739	 -0.4595635498877942	 -0.30874986235887436	 
0.2457782178991735	 0.5073749895921147	 0.8259320114529458	 0.16437515935642869	 
0.0	 0.0	 0.0	 1.0	 
8	 9	  37
0.9601820770247587	 -0.1802742024169019	 0.21342818675931882	 0.38039358909992554	 
0.10690545568778434	 0.9428936356193525	 0.3154723687626336	 -0.005059630947216087	 
-0.25811160862039456	 -0.28009427672030357	 0.9246218652205466	 0.20159374733319307	 
0.0	 0.0	 0.0	 1.0	 
9	 10	  37
0.8319619875751475	 0.2435726886022423	 -0.4985093746331001	 1.0979639223205935	 
-0.28748994943532646	 0.9577103135988665	 -0.011852603091103637	 -0.17128742199121355	 
0.4745405991100055	 0.1531773501319201	 0.8668032759530159	 -0.027368215981701364	 
0.0	 0.0	 0.0	 1.0	 
9	 25	  37
0.23624310995960532	 -0.4345453275887118	 0.8691142337273233	 -0.7694005711786079	 
0.42993714495361396	 0.8488610311462838	 0.3075532493575757	 -0.38618286871026586	 
-0.8714030321187486	 0.30100715618085766	 0.38736474741793897	 0.6806939583107487	 
0.0	 0.0	 0.0	 1.0	 
9	 26	  37
0.6218116345905741	 -0.4623206873019154	 0.6321470344630926	 -2.0179701191299855	 
0.4797137576098306	 0.8628642992759172	 0.15918514941708134	 -0.19956847488645632	 
-0.6190516956181086	 0.2042664513026206	 0.7583206544889697	 0.5625603282245488	 
0.0	 0.0	 0.0	 1.0	 
10	 26	  37
0.015870172422286218	 -0.4224599089101528	 0.9062426623101082	 -2.0271256963042874	 
0.4063817247418098	 0.8308459346100806	 0.3801959057351523	 -0.4576764154411274	 
-0.9135655594554549	 0.3622466815659271	 0.1848656546557936	 1.8921940564873159	 
0.0	 0.0	 0.0	 1.0	 
10	 29	  37
0.40585145082271545	 0.451897584544643	 -0.7944011410791239	 1.1412017309416915	 
-0.3966947147856062	 0.870160198003809	 0.2923260731976186	 -0.7408199913158657	 
0.8233577005932863	 0.19649377316518238	 0.5324211622212682	 1.6499347438342518	 
0.0	 0.0	 0.0	 1.0	 
11	 13	  37
0.9890607869885992	 -0.08768538102476775	 0.11861717243314313	 -0.28853814610252043	 
0.056208335799477885	 0.9675041759600029	 0.24652848210016226	 -0.07622872161740529	 
-0.13637955355604425	 -0.23716438066138462	 0.9618490910311016	 0.25745465383019117	 
0.0	 0.0	 0.0	 1.0	 
12	 16	  37
0.42901352133531123	 0.4036672702959203	 -0.8080842365764327	 1.338292301008108	 
-0.28908235706983887	 0.9088997543009454	 0.3005538678217731	 -0.2742577925712204	 
0.8557913234792829	 0.10466122263532988	 0.5066233701025398	 0.32407862372391305	 
0.0	 0.0	 0.0	 1.0	 
12	 17	  37
0.91064644410913	 0.1762956932544907	 -0.37368821545683717	 1.918850746671575	 
-0.14134053785782935	 0.9827581049158238	 0.1192030183356047	 0.0853794274729947	 
0.3882601012072402	 -0.05573451141059194	 0.9198629017676307	 -0.18956165623512178	 
0.0	 0.0	 0.0	 1.0	 
13	 18	  37
0.8661575199780697	 0.29688847024678666	 -0.40203033072140476	 1.1552235529875987	 
-0.2313135341968481	 0.9512290202289371	 0.2041014452953705	 -0.8498633048280437	 
0.44301828346333816	 -0.083788945027482	 0.8925884904077458	 1.3059916805183278	 
0.0	 0.0	 0.0	 1.0	 
13	 22	  37
0.7187121616824701	 0.40692494131456125	 -0.5637951053227155	 1.6143813431851217	 
-0.3059253917968009	 0.9132212012194707	 0.26914065522926944	 -0.7600056436867001	 
0.624389688659001	 -0.020955423627494457	 0.7808318557262546	 1.1284979836064117	 
0.0	 0.0	 0.0	 1.0	 
13	 27	  37
-0.9265984202369417	 -0.3754136485884314	 -0.02190799096047806	 0.4716877842272695	 
-0.04573658888284427	 0.17032954935222175	 -0.984325154130905	 1.7339163926781482	 
0.3732606757371638	 -0.9110721360413729	 -0.17499723105593695	 2.918674489286869	 
0.0	 0.0	 0.0	 1.0	 
13	 29	  37
-0.9265820421104014	 -0.12232962072333214	 0.35564193106579073	 -0.37117666831631035	 
-0.22565375013645703	 -0.5756729037092635	 -0.7859269005348392	 1.4279388755118938	 
0.30087556279610517	 -0.8084776878978365	 0.5058040370375632	 1.1990608604027886	 
0.0	 0.0	 0.0	 1.0	 
13	 32	  37
-0.37351805586812065	 -0.8016296348223116	 0.4667699545977075	 -1.1679406939868904	 
0.9252956692374655	 -0.35759681559947565	 0.12630297685923594	 -0.9290298516101032	 
0.06566724016501128	 0.4790766598862452	 0.8753132967808437	 0.8742035177920914	 
0.0	 0.0	 0.0	 1.0	 
14	 15	  37
0.16173282256259133	 -0.5415030326855123	 0.8249951270755063	 -0.4274721034595248	 
0.4882504496082056	 0.7704169706889727	 0.40996242478038364	 -0.18166550060507589	 
-0.8575861429403593	 0.33649986161485895	 0.38899081039255706	 0.3754329689286902	 
0.0	 0.0	 0.0	 1.0	 
14	 23	  37
-0.6199213534547533	 -0.27021198240008465	 0.7366702112195397	 -1.3995847581259928	 
0.37797507962257365	 0.7198996704147712	 0.5821334071508099	 -0.6258838108465287	 
-0.6876280642288632	 0.6393199113934416	 -0.3441477824725109	 1.8608102318861497	 
0.0	 0.0	 0.0	 1.0	 
14	 24	  37
0.2200279015623358	 -0.34325135525751144	 0.9131080054670186	 -1.66514599884567	 
0.3619758335771208	 0.8979472225025565	 0.25032834738817245	 -0.41314897182383103	 
-0.9058483418543214	 0.27544381044747884	 0.3218221385267792	 1.506892333802069	 
0.0	 0.0	 0.0	 1.0	 
14	 25	  37
0.3608777501670371	 -0.36076376470537774	 0.8600097415203963	 -1.814407412634671	 
0.4147822459036444	 0.888014219559298	 0.19846015807616804	 -0.08375848611761552	 
-0.8352981132012118	 0.28509691674252113	 0.47010297823604796	 0.803681303838495	 
0.0	 0.0	 0.0	 1.0	 
14	 26	  37
-0.014232506158816155	 0.42356246718904633	 0.9057550839808555	 -2.6757928891166562	 
-0.08221904752639259	 0.9022835247992151	 -0.4232309878774897	 1.816568856553898	 
-0.9965126511953031	 -0.08049395793866183	 0.021983146796508975	 2.7185979088168675	 
0.0	 0.0	 0.0	 1.0	 
15	 16	  37
0.8465391954860693	 -0.13360661018309072	 0.5152869726872418	 -0.39632739081422763	 
0.23479324184963624	 0.9624591799636505	 -0.13617804700257197	 0.3847614606648436	 
-0.4777483899371474	 0.2362659531525436	 0.8461293490320397	 -0.5921495550897258	 
0.0	 0.0	 0.0	 1.0	 
15	 23	  37
0.6294109874630083	 -0.3040617372303234	 0.7151141648809075	 -1.7159766410121806	 
0.4536595226483499	 0.8909399900341249	 -0.020468797435706614	 0.6172544291212521	 
-0.630900028824941	 0.33730163668513446	 0.6987079214651983	 -0.4547772633523138	 
0.0	 0.0	 0.0	 1.0	 
16	 17	  37
0.6786410694664509	 -0.322114223174402	 0.6600672132913311	 -0.5236859794529343	 
0.2918557479658555	 0.9429674662158969	 0.16010178024513727	 0.29445394246232853	 
-0.673992968222016	 0.08399276687383637	 0.7339473372798312	 -0.5344645047438786	 
0.0	 0.0	 0.0	 1.0	 
16	 23	  37
0.9187319489364678	 -0.22628021626615066	 0.3236184014081145	 -1.3372875528812898	 
0.2198219558836682	 0.973879503412539	 0.056894820013997004	 0.4043983345396849	 
-0.3280395002356852	 0.01886734108162867	 0.944475573916886	 -0.5712253200277826	 
0.0	 0.0	 0.0	 1.0	 
18	 22	  37
0.9499217399539687	 0.18176801684269175	 -0.2541831544691695	 0.45403982940412807	 
-0.16503322445847846	 0.9825429730111903	 0.08586816063690958	 0.06887768541774052	 
0.26535395755040103	 -0.039619366973785625	 0.9633366924253093	 -0.25285550528644124	 
0.0	 0.0	 0.0	 1.0	 
19	 21	  37
0.8984968067966445	 -0.11313768189836686	 0.4241501539677878	 0.29255538086902494	 
0.06005594194879521	 0.9888129727331362	 0.13653640097535166	 -0.057155923049660516	 
-0.4348525865312028	 -0.09720478326359773	 0.8952398885761294	 0.043830874221442	 
0.0	 0.0	 0.0	 1.0	 
19	 31	  37
-0.1606654737533474	 0.07728728331582044	 0.9839782931453688	 -1.4460839047233047	 
0.4224384591428035	 0.9063888983422431	 -0.0022165737047980917	 -0.3702239031156455	 
-0.8920383140766248	 0.41531414712190456	 -0.17827452263219962	 2.301914342333311	 
0.0	 0.0	 0.0	 1.0	 
20	 21	  37
0.980984109189444	 0.0572938130769607	 -0.1854389293026009	 0.01701002655481565	 
-0.1217883506319407	 0.9256362529219964	 -0.3582807906194209	 0.02099068234000873	 
0.1511217230187111	 0.3740520635681994	 0.9150121740021975	 -0.16557323838022744	 
0.0	 0.0	 0.0	 1.0	 
20	 30	  37
-0.7515270214532023	 0.35757677251474157	 0.5543879397891136	 -1.2375252821384868	 
-0.4576473750407735	 0.32268223034083576	 -0.8285137647260626	 1.7503788925662258	 
-0.4751484148599955	 -0.8763646672363078	 -0.07886034412700142	 0.900346085234957	 
0.0	 0.0	 0.0	 1.0	 
20	 31	  37
0.9802974402295039	 -0.19560359061886107	 -0.02749843661901901	 -0.2171643716280989	 
0.11507417746972204	 0.6786846242426477	 -0.7253586109616968	 1.5463497267605069	 
0.16054551491445637	 0.7079028295985433	 0.6878217221687803	 -1.5684723163036751	 
0.0	 0.0	 0.0	 1.0	 
21	 30	  37
-0.9360790864122449	 -0.1767175425420288	 0.30418227124460023	 -0.5603251180703331	 
0.19448683074472575	 0.46054792366368486	 0.8660660960203569	 -1.5482302996621098	 
-0.29313958560469056	 0.8698658058384496	 -0.3967400448461629	 2.359412832562731	 
0.0	 0.0	 0.0	 1.0	 
21	 31	  37
-0.9621223457390294	 -0.2221151546528573	 0.15806786486558302	 -0.05131920774994635	 
0.1743903866292642	 -0.947108982694201	 -0.2693929619556731	 0.19244497368614172	 
0.20954375409666243	 -0.23162347241480602	 0.9499694637963817	 -0.7521478884521066	 
0.0	 0.0	 0.0	 1.0	 
24	 25	  37
0.9895833458658153	 0.02148290106172239	 -0.14234917121989119	 0.6878489481425136	 
-0.014910686699273201	 0.9987799852576128	 0.0470766658861822	 0.08961690040822042	 
0.1431868464879844	 -0.044463760645894086	 0.9886963644021607	 -0.3130875335105566	 
0.0	 0.0	 0.0	 1.0	 
24	 26	  37
0.888275916389112	 0.1490721073988425	 -0.43444608774708915	 0.7454823001436508	 
-0.12534194248366692	 0.9886392406066548	 0.08295691283502885	 0.48642737874123726	 
0.4418770120944339	 -0.019234311226697106	 0.8968694149396161	 -1.0498758257358474	 
0.0	 0.0	 0.0	 1.0	 
25	 26	  37
0.9336636573572193	 0.16118573532518518	 -0.3198301637713677	 0.022407713106319546	 
-0.13989782839431095	 0.9861924205771281	 0.08861775898080888	 0.28924621959606966	 
0.32969800202745614	 -0.03799563559021146	 0.943321556594144	 -0.7116331360402083	 
0.0	 0.0	 0.0	 1.0	 
25	 29	  37
0.9483293069502992	 -0.10172067812250726	 0.3005402289568946	 -0.2959033596271601	 
0.13864077149507495	 0.9848524235502808	 -0.10413664247703433	 0.8604852866417398	 
-0.28539492297238894	 0.14042295919626727	 0.9480670495656665	 -1.5513000165748716	 
0.0	 0.0	 0.0	 1.0	 
26	 29	  37
0.8211268204535666	 -0.2113407977282757	 0.5301752653108129	 -0.35623044060443837	 
0.2905486776486979	 0.9543271085297723	 -0.06957898994521527	 0.42544095558621103	 
-0.49125574871792366	 0.21117489704218928	 0.8450283736128698	 -0.7102050949100519	 
0.0	 0.0	 0.0	 1.0	 
27	 28	  37
0.9483687021451452	 -0.017333040950867237	 0.3166960222088807	 -0.020060888222180676	 
0.14832172279226064	 0.906834180154517	 -0.3945281184547201	 0.09313120525155386	 
-0.28035240562454256	 0.42113101927414637	 0.8625840209890577	 -0.30287714651513065	 
0.0	 0.0	 0.0	 1.0	 
27	 29	  37
0.9444947336087117	 0.15378265068667799	 -0.2903112029067919	 0.20487638267382757	 
-0.2036251085725767	 0.9674940330292926	 -0.14997370173307048	 0.11615499491192632	 
0.2578110031480728	 0.20076402167841953	 0.9451070279366734	 -0.2714395521043675	 
0.0	 0.0	 0.0	 1.0	 
27	 32	  37
0.9937327300347623	 0.016977215826094225	 -0.11048545334320012	 -0.0002469509916269965	 
0.002173683762334418	 0.9852775553362395	 0.17094857135859437	 0.36407874798384215	 
0.11176106816132171	 -0.17011735094762417	 0.9790656518078872	 -0.5731865240041208	 
0.0	 0.0	 0.0	 1.0	 
28	 29	  37
0.8888378125241121	 -0.02416053562506246	 -0.45758454032633306	 -0.24080798696052594	 
0.11000317299393426	 0.9806571842177304	 0.16189746438230065	 0.20225834153758346	 
0.4448220374021707	 -0.1942363394436319	 0.8743029220361329	 0.029564532456874917	 
0.0	 0.0	 0.0	 1.0	 
28	 32	  37
0.907278785486076	 0.18323328698988126	 -0.37851125207290076	 0.17583920862864322	 
0.05509390798626669	 0.8405331618978897	 0.5389514496248581	 0.18833209638462603	 
0.4169051051614886	 -0.5098328807450726	 0.7525028684340473	 -0.33391103242297876	 
0.0	 0.0	 0.0	 1.0	 
29	 32	  37
0.9589981407945086	 -0.2576667550095761	 0.11802715499202508	 -0.3484528090532522	 
0.2124454499058942	 0.9292063178393737	 0.30239469192046825	 0.27281257662963404	 
-0.18758863709446463	 -0.2649216152944637	 0.9458472609162716	 -0.2718228417806727	 
0.0	 0.0	 0.0	 1.0	 
30	 31	  37
0.9733891933062667	 0.0217388346043362	 -0.22812474969766183	 -0.021606323950854878	 
-0.17280163221546868	 0.7234610784375527	 -0.6683888567964332	 0.0882705029168572	 
0.15050938262528846	 0.6900228192284792	 0.7079657016309024	 -0.22067444455278248	 
0.0	 0.0	 0.0	 1.0	 
33	 35	  37
0.9478164756858224	 -0.19727528325832056	 0.25045237278543886	 -0.09148268090763262	 
0.2550002764561616	 0.9406051515035675	 -0.22413569098256692	 -0.03814520373893259	 
-0.19136036012139018	 0.2763049250018916	 0.9418263114788793	 -0.002300877406467984	 
0.0	 0.0	 0.0	 1.0	 
36	 37	  37
0.9374286140694068	 -0.16746874706976442	 0.3052569610652553	 -0.22621016375321518	 
0.2149226276196366	 0.9680860804687831	 -0.12890928957860193	 0.15082250724611437	 
-0.27392673776209253	 0.1864498848416704	 0.943504415878138	 -0.2300451036663162	 
0.0	 0.0	 0.0	 1.0	 
38	 39	  37
0.7536368405963219	 0.4545417450653989	 -0.4747876519970758	 0.5507156246793038	 
-0.4076683108747458	 0.8898626054936062	 0.2048196564118362	 -0.2780138987238525	 
0.5155948611114404	 0.03919624136359388	 0.8559355080018826	 0.34148606515508034	 
0.0	 0.0	 0.0	 1.0	 
38	 40	  37
0.6731885390112391	 0.02597109613167407	 -0.739014677195002	 0.7570954316037757	 
-0.4574068852702584	 0.7998777753958702	 -0.3885543536432391	 -0.2753154912352199	 
0.5810302335087858	 0.5996007393203192	 0.5503479091949491	 0.08836706575148551	 
0.0	 0.0	 0.0	 1.0	 
38	 41	  37
0.9690261903975206	 -0.24412410124652886	 0.0373050333633584	 0.24251537991248698	 
0.2325672064076133	 0.9528995455858815	 0.19466625420441577	 -0.3750035258008914	 
-0.08307067369069156	 -0.17996077131640212	 0.9801598767342903	 0.5612384414561428	 
0.0	 0.0	 0.0	 1.0	 
38	 56	  37
0.2253180518059791	 0.15779813141479507	 -0.9614216168010558	 2.312871272508937	 
-0.5696738013796557	 0.8218697228725045	 0.0013851523833403928	 0.013671347593080816	 
0.7903818922217347	 0.5473846073351633	 0.2750755461696254	 -0.3170594272870604	 
0.0	 0.0	 0.0	 1.0	 
39	 40	  37
0.9943785322703471	 -0.04975453536669957	 -0.09346561276915588	 0.03112432111311131	 
-0.032053259225884215	 0.6998535386419935	 -0.7135668244973816	 0.18955785235721112	 
0.10091542564379456	 0.7125514091353151	 0.6943245395392615	 -0.280871568568226	 
0.0	 0.0	 0.0	 1.0	 
39	 41	  37
0.5444007629219095	 -0.6810776818244184	 0.4896539601092993	 -0.13136100022842415	 
0.6750315181172682	 0.7022374803034525	 0.22626305665166163	 -0.20826484964607475	 
-0.49795608127458246	 0.20735407538250486	 0.8420475215472861	 0.32960774309034896	 
0.0	 0.0	 0.0	 1.0	 
39	 56	  37
0.8196948740050106	 0.09787992414064924	 -0.5643756142677763	 0.7888009785036239	 
-0.39001262798313036	 0.8169873502730645	 -0.4247608968672713	 1.0471227101385883	 
0.41951217329608115	 0.5682879463300419	 0.7078547495866517	 -1.327008627130128	 
0.0	 0.0	 0.0	 1.0	 
40	 56	  37
0.8690901512345148	 0.17462702857525791	 -0.4628041809644159	 0.572920683718661	 
-0.03923889879895436	 0.9570023893283512	 0.2874138751711066	 -0.34796163641801575	 
0.4930949379665267	 -0.2316286418187594	 0.8385735235749953	 -1.372612304627936	 
0.0	 0.0	 0.0	 1.0	 
41	 56	  37
-0.04407673125844287	 0.5811890581285568	 -0.8125740092282122	 1.6218411739597465	 
-0.7832164749093427	 0.48482436282358454	 0.38925221983090563	 -0.29583660737305456	 
0.6201848072890476	 0.6535783165959118	 0.43382737221560835	 -1.0846049030215557	 
0.0	 0.0	 0.0	 1.0	 
42	 43	  37
0.777551357604417	 -0.4373757923215073	 0.4517923223989786	 -0.09018303333679378	 
0.4906082390163039	 0.8713799094704997	 -0.0007805001631365874	 -0.296365490646654	 
-0.39334138111423006	 0.2222599146547066	 0.8921227988572159	 0.2387835990927504	 
0.0	 0.0	 0.0	 1.0	 
43	 44	  37
0.9326290281763576	 0.11999830087355534	 -0.34029913839191733	 -0.08075619392497302	 
-0.3411483591739474	 0.6004894860426185	 -0.7232082509106178	 -0.30916260594079564	 
0.11756229342669827	 0.7905775009066047	 0.6009711492447228	 0.022989847844709053	 
0.0	 0.0	 0.0	 1.0	 
44	 48	  37
0.9900341934194924	 -0.04017941444332185	 0.13497374009489985	 0.23899633944184637	 
0.039817656479172285	 0.9991924801224623	 0.005379767581225652	 -0.0010243116291298086	 
-0.13508090202808257	 4.818415874481863e-05	 0.9908345712507027	 0.41995081060410583	 
0.0	 0.0	 0.0	 1.0	 
45	 47	  37
0.6805657078199956	 -0.3868179935425985	 0.6222557008265545	 -0.06972167179003279	 
0.4690898419843999	 0.8824362977801619	 0.035509160889724174	 -0.03255830122822153	 
-0.5628365992777291	 0.2677275111596116	 0.7820082750724325	 0.06964130743072883	 
0.0	 0.0	 0.0	 1.0	 
46	 47	  37
0.9478816266917881	 0.1030447237018655	 -0.3014999281879466	 -0.0015162348923396841	 
-0.0801376619595807	 0.9929431211112968	 0.08741803803226045	 -0.036530693289039635	 
0.3083802472853649	 -0.058700452766260486	 0.9494503040861348	 0.09609931161205401	 
0.0	 0.0	 0.0	 1.0	 
46	 56	  37
0.7324364261644432	 -0.01459933764456054	 0.6806788824165169	 -0.8945436158508341	 
0.38318216459035803	 0.8352344855391772	 -0.3944043393599429	 0.36365407040216574	 
-0.5627684340537459	 0.5497001123398518	 0.6173503673978408	 -0.5851376008262614	 
0.0	 0.0	 0.0	 1.0	 
49	 50	  37
-0.39573064497061283	 -0.1192248326137903	 0.910594693548867	 -2.274955058839175	 
0.6561589766868839	 0.6570234662395867	 0.3711813062692384	 -0.8090942235123894	 
-0.6425361110041693	 0.7443827000264924	 -0.18177387589229002	 2.104211678674957	 
0.0	 0.0	 0.0	 1.0	 
49	 51	  37
0.724730613466189	 0.2477563447780612	 -0.6429481561736806	 0.21618325714849818	 
-0.4796629599031122	 0.8512995578510467	 -0.21263232985507702	 -0.2715228854276431	 
0.4946604722452633	 0.4624995745131316	 0.7358023924759052	 0.1277033297408483	 
0.0	 0.0	 0.0	 1.0	 
49	 52	  37
0.9656865276430766	 0.17281034193797426	 -0.19387139048332733	 0.22617144626097951	 
-0.2409350683782954	 0.8747836337940952	 -0.4203616144125726	 -0.15434578333361026	 
0.09695268513148358	 0.45264796449921046	 0.8864028413089149	 0.0065390276732392	 
0.0	 0.0	 0.0	 1.0	 
49	 53	  37
0.5557977222188415	 0.6389852344091282	 -0.5317769853834015	 -0.0045819043908882934	 
-0.46489886796959407	 0.76921072714903	 0.4383878417559618	 -0.25428538697089653	 
0.6891719194344306	 0.0035675546206292152	 0.7245890821818186	 0.3687997718441811	 
0.0	 0.0	 0.0	 1.0	 
49	 55	  37
0.21019442564020271	 0.8312367103362083	 -0.5146492347407348	 -0.00773707142955362	 
-0.519871412914013	 0.540847822134811	 0.6612241279073388	 -0.2879502045316894	 
0.8279806866494979	 0.12856579903485404	 0.5458194004008619	 0.3520385206607523	 
0.0	 0.0	 0.0	 1.0	 
50	 51	  37
-0.927692466063253	 0.23442461765568667	 -0.2905714835397056	 0.48886197414815985	 
-0.02687133038931087	 0.7343478788467384	 0.6782411993062676	 -1.6322244906093168	 
0.3723769864164389	 0.6370072931060373	 -0.6749496933232355	 2.478301584513654	 
0.0	 0.0	 0.0	 1.0	 
50	 52	  37
-0.5884273285386178	 0.2505529692457403	 -0.7687499519551519	 0.7953563064700176	 
-0.344642692514525	 0.7823553566277873	 0.5187885026213921	 -1.6028534385625774	 
0.7314196425618084	 0.5702133859862909	 -0.3740080225300058	 2.5250394653059116	 
0.0	 0.0	 0.0	 1.0	 
50	 53	  37
0.9978226736421208	 -0.028912158229916288	 -0.05927899351522983	 0.0530016359257209	 
0.04233924827701409	 0.9699455741619077	 0.2396100398962148	 -0.03866566025514524	 
0.05056975401391351	 -0.24159815866478906	 0.9690578051430971	 0.2223927137359477	 
0.0	 0.0	 0.0	 1.0	 
50	 54	  37
0.9301155661659756	 0.13731272528206032	 -0.3406321315603676	 0.16344378805880702	 
-0.17871403117458975	 0.9794818251351629	 -0.09314853348935587	 -0.12987090886720865	 
0.3208525029309791	 0.1475146423427292	 0.9355710030016012	 0.07538304836987936	 
0.0	 0.0	 0.0	 1.0	 
51	 52	  37
0.8665310465124065	 -0.048238528266753795	 0.496786664294414	 -0.12871599492962083	 
0.07148947552746197	 0.9970515697835621	 -0.027882289736365272	 0.08481921729524737	 
-0.49397692286069567	 0.05967588778385982	 0.867424687277395	 -0.15122311737710878	 
0.0	 0.0	 0.0	 1.0	 
51	 53	  37
-0.88155965251176	 0.033446374172569245	 0.4708863123069666	 -0.551833842745793	 
0.39856788390237924	 0.5872676387306577	 0.7044574951132945	 -0.23419183475945243	 
-0.25297474376886925	 0.8087014656561632	 -0.5310421061089686	 2.8228633537957997	 
0.0	 0.0	 0.0	 1.0	 
51	 54	  37
0.6259365650164318	 -0.2910291302362861	 0.7235367730318487	 -0.8196569433829328	 
0.1594388459291573	 0.9559198974281219	 0.2465692683806863	 -0.12900791762674071	 
-0.7634020375819082	 -0.038976852809316925	 0.6447465656836588	 0.4912652674368674	 
0.0	 0.0	 0.0	 1.0	 
53	 54	  37
0.9113676882899244	 0.2685117556004401	 -0.31194610727728045	 0.109411209774978	 
-0.36371017021885166	 0.8801717300738273	 -0.3049797331925829	 -0.023826582738782003	 
0.19267550134994543	 0.3914066461919301	 0.8998205312707261	 -0.15902583831952022	 
0.0	 0.0	 0.0	 1.0	 
53	 55	  37
0.9450680427586085	 0.2991272853641693	 -0.13179249488144587	 -0.11204722871397645	 
-0.29027085047661016	 0.9533904980005468	 0.08239776505376302	 0.09543539227866638	 
0.15029713210836285	 -0.03961597497137176	 0.9878468234534485	 -0.03433707898304915	 
0.0	 0.0	 0.0	 1.0	 
