0	 1	  37
0.9975535523442394	 0.055230351748146445	 -0.04285461995123416	 -0.11983326288263915	 
-0.054298915232281024	 0.9982688564204758	 0.022603497639814715	 -0.04419189709402665	 
0.044028831576438096	 -0.020221239989958176	 0.9988255921046889	 0.11458649543341155	 
0.0	 0.0	 0.0	 1.0	 
0	 2	  37
0.9627505605227943	 0.1193466361191612	 -0.24262674761881944	 -0.3967203127277457	 
-0.10461636497570234	 0.9918472711145387	 0.07276267560990762	 -0.21353109060776393	 
0.24933265809419436	 -0.04466957834681865	 0.9673871274613912	 0.3431095979981737	 
0.0	 0.0	 0.0	 1.0	 
0	 3	  37
0.9289285357945967	 0.11700906673527188	 -0.35128429183248155	 -0.28451781837874107	 
-0.1484755898866122	 0.9868483300189997	 -0.06391692065904311	 -0.5007298487385914	 
0.3391854575218843	 0.111531393968033	 0.9340845644614936	 0.5898258197216398	 
0.0	 0.0	 0.0	 1.0	 
0	 4	  37
0.9782845015847708	 -0.08525081836365589	 0.18892255536955602	 -0.10793223300762628	 
0.09682185448673505	 0.993896377474649	 -0.052872670979611916	 -0.5119240043302946	 
-0.18326200493497125	 0.07001634674199857	 0.9805675645951781	 0.5193593048838727	 
0.0	 0.0	 0.0	 1.0	 
0	 5	  37
0.9457768204689979	 -0.21748072957919892	 0.2412640423379597	 0.13207544078824304	 
0.2480829559322615	 0.9631027233007894	 -0.10434553822044994	 -0.22038486140731872	 
-0.20966891242972804	 0.15854108815163098	 0.9648334936807658	 0.3285504333890441	 
0.0	 0.0	 0.0	 1.0	 
0	 6	  37
0.9600248019271822	 -0.15742620677021923	 0.23145057594790042	 0.42558845600428286	 
0.17657741748339145	 0.9821798535532642	 -0.06436731242630336	 -0.003204510542238218	 
-0.2171929909540607	 0.10266316133857117	 0.9707149324000328	 0.30889582416288563	 
0.0	 0.0	 0.0	 1.0	 
0	 10	  37
0.999620585865253	 -0.01555304224440187	 -0.02273295386333852	 0.7488564742042549	 
0.014132922105618619	 0.9980163491445309	 -0.06134840953911934	 -0.1900731976585122	 
0.02364201402514912	 0.06100385001921446	 0.9978574975695016	 0.19336467705769333	 
0.0	 0.0	 0.0	 1.0	 
0	 11	  37
0.9737893061616932	 -0.22215360218730074	 0.048807419931126035	 0.48499969885670163	 
0.2236772391256914	 0.9742526119591022	 -0.028290294943213532	 -0.2303415938234395	 
-0.04126596542230799	 0.03846589562290442	 0.9984074794249549	 0.37342474718831997	 
0.0	 0.0	 0.0	 1.0	 
0	 12	  37
0.983813478671567	 -0.16132137001654845	 -0.07801573405495035	 0.19434924473714058	 
0.15961679585413088	 0.9867916449340821	 -0.02765371529374439	 -0.3360783007392999	 
0.08144640977605848	 0.014753476345272434	 0.9965685211114782	 0.6608849036730345	 
0.0	 0.0	 0.0	 1.0	 
0	 13	  37
0.9794703023195444	 -0.10213087283223714	 -0.1738022200335354	 -0.11489706966150338	 
0.10228504314759038	 0.9947222042686628	 -0.008093595195480483	 -0.4526006504868186	 
0.1737115333602107	 -0.009849931442307861	 0.9847473188733374	 0.6807338606349351	 
0.0	 0.0	 0.0	 1.0	 
0	 14	  37
0.9752418489064092	 -0.21292717097251015	 -0.059710602100899575	 -0.2743372937697469	 
0.2147416559614049	 0.9763313660688395	 0.02575043349357158	 -0.5292675258028725	 
0.052814366762862185	 -0.03793525394401222	 0.9978835398841099	 0.9615036116232532	 
0.0	 0.0	 0.0	 1.0	 
0	 15	  37
0.8715508723906438	 -0.4261387833970573	 0.2424970394045716	 -0.11589115944386442	 
0.3814506377685569	 0.9000553579333113	 0.21070302228847787	 -0.6694674288629503	 
-0.3080494891751454	 -0.09113775255300775	 0.9469949431113759	 1.056498025816313	 
0.0	 0.0	 0.0	 1.0	 
0	 19	  37
0.8216819292373037	 -0.3624156779980716	 0.4398791692113409	 0.14649342540112406	 
0.40020232869923006	 0.9163965200306953	 0.0074507838073560335	 -0.17109259175151034	 
-0.4058040207644264	 0.16991849345150298	 0.8980260588171125	 0.2870669775911553	 
0.0	 0.0	 0.0	 1.0	 
0	 26	  37
0.01513139492017036	 0.40420025897381623	 -0.9145453468982654	 1.3929654682668553	 
-0.41967158139553473	 0.8327529553982909	 0.3611070188245885	 -1.121558633762326	 
0.9075498910014475	 0.37834463908044313	 0.18223207572309677	 1.8136514641318442	 
0.0	 0.0	 0.0	 1.0	 
0	 27	  37
0.24562720274426175	 0.38775626392314944	 -0.888432528141778	 2.0377615609468123	 
-0.3672268620554424	 0.885420131862362	 0.28491335854563155	 -0.8521100531639173	 
0.8971129856695548	 0.2562738181734524	 0.35987778628564754	 1.336952946051143	 
0.0	 0.0	 0.0	 1.0	 
0	 28	  37
0.16416643884464444	 0.33263759158345335	 -0.9286558097716434	 1.5563958773264464	 
-0.2603094053051646	 0.922666224894822	 0.28447504450831573	 -0.9625459235799118	 
0.9514664438994882	 0.19503658657774042	 0.23805952203044609	 1.7450360329726466	 
0.0	 0.0	 0.0	 1.0	 
0	 29	  37
-0.9472532425863186	 -0.11668180560377454	 0.29849062070816773	 -0.7219974313675352	 
-0.21957993756490038	 -0.4421245530147967	 -0.8696611585212142	 2.234248252183557	 
0.23344366649943363	 -0.8893319042194028	 0.3931829328808567	 2.3495572882311686	 
0.0	 0.0	 0.0	 1.0	 
0	 31	  37
0.8575487117738566	 0.5143974708129958	 -0.0023342999361385024	 -0.42880866928832173	 
-0.5095451900479067	 0.8500641687328023	 0.1332464195978716	 -0.8845350939047193	 
0.07052592597081885	 -0.11307586417004487	 0.9910801898474997	 0.8482318023188806	 
0.0	 0.0	 0.0	 1.0	 
0	 32	  37
-0.491618064649045	 0.5916669794419809	 -0.6389380752066114	 0.33804926053142753	 
-0.44227618102995986	 0.46240022917733853	 0.7684906035536794	 -1.2380654824592652	 
0.7501356265398155	 0.66039095503705	 0.03435590634769304	 1.8956774063129846	 
0.0	 0.0	 0.0	 1.0	 
0	 37	  37
0.3816396303866854	 -0.6849867741647221	 0.6205999611164362	 -0.23147968623954732	 
0.5154305412802477	 0.7150481406691304	 0.472268476230598	 -1.1139409565196396	 
-0.7672565083685279	 0.13963980716481728	 0.6259538118911866	 1.165935837271369	 
0.0	 0.0	 0.0	 1.0	 
0	 38	  37
0.647437215865987	 -0.6097881970012996	 0.4571470292035183	 -0.3934762796522919	 
0.4229289885210545	 0.7864733851541459	 0.45010074995797994	 -0.8753118706532116	 
-0.6340000963566623	 -0.09807124574553865	 0.7670892442067354	 0.7168248700784796	 
0.0	 0.0	 0.0	 1.0	 
0	 39	  37
0.6819321549000863	 -0.47867649707907767	 0.5530256298377392	 -0.390964703488876	 
0.30388955731009687	 0.8731788901714995	 0.38106398769332717	 -0.6728769686422253	 
-0.665296680490139	 -0.09180107245000232	 0.7409135509800254	 0.39050053408342583	 
0.0	 0.0	 0.0	 1.0	 
0	 41	  37
0.9680795884708984	 -0.04811955645670271	 -0.24598052498607537	 -0.5232636624600963	 
-0.05172301028237116	 0.9219206976457964	 -0.38391009033316437	 -0.2203040167882687	 
0.24524812046852623	 0.3843783754826734	 0.890003721266353	 0.004115436927467326	 
0.0	 0.0	 0.0	 1.0	 
1	 2	  37
0.967211601485836	 0.05886259596102758	 -0.24705649707695038	 -0.1939160387777899	 
-0.05169995710819865	 0.9980355683036882	 0.03538529123442331	 -0.17393439199892752	 
0.2486540415642074	 -0.021452253901708993	 0.9683547740452991	 0.23957423732589844	 
0.0	 0.0	 0.0	 1.0	 
1	 3	  37
0.9527056992165945	 0.03214530306907303	 -0.3021895599963998	 -0.11510141664067941	 
-0.06402272456911064	 0.9933027575484327	 -0.0961806767777533	 -0.5003385367400417	 
0.29707396624236254	 0.11097887788798509	 0.9483832280485328	 0.4798182753941081	 
0.0	 0.0	 0.0	 1.0	 
1	 4	  37
0.9680590010833371	 -0.14926681686462487	 0.2014477297083133	 0.12008463852643204	 
0.16578067906695337	 0.9838384831779479	 -0.0676653934165265	 -0.44975370893534583	 
-0.18809183094869084	 0.09890023458625465	 0.9771592535145698	 0.3757531824862015	 
0.0	 0.0	 0.0	 1.0	 
1	 5	  37
0.9227861919466354	 -0.24502188581520337	 0.29737168564641314	 0.2441514741025455	 
0.2893070614989828	 0.950336870464426	 -0.11472252090459313	 -0.14831551581947922	 
-0.2544937486844256	 0.19189608674343137	 0.9478443035504862	 0.19919834813257561	 
0.0	 0.0	 0.0	 1.0	 
1	 10	  37
0.9964890464974278	 -0.0818232637283528	 0.017735098632026235	 0.8592090748447015	 
0.08293692938401179	 0.9936925166921563	 -0.07547614202090697	 -0.1039596499801677	 
-0.011447530519666323	 0.07668204341858136	 0.9969898787160039	 0.03837555391297287	 
0.0	 0.0	 0.0	 1.0	 
1	 11	  37
0.9603229850907385	 -0.2631015779873357	 0.09250580504480616	 0.6083109975086194	 
0.26753918140658367	 0.9627507835043742	 -0.039162677053658966	 -0.1539875092553373	 
-0.07875627415456372	 0.06235774628935886	 0.9949416871148801	 0.23013006055479138	 
0.0	 0.0	 0.0	 1.0	 
1	 12	  37
0.974435907684864	 -0.22141797422540999	 -0.03806235022027502	 0.36255287052973756	 
0.21978344520175142	 0.9746074441058974	 -0.04284351886364514	 -0.28745687234462625	 
0.046582175020322164	 0.033382788728421965	 0.9983564946386085	 0.5214085766030183	 
0.0	 0.0	 0.0	 1.0	 
1	 13	  37
0.9807410655644686	 -0.16307515295284888	 -0.10748700760964323	 -0.0022391649773263827	 
0.15825439338823752	 0.9860278096966556	 -0.05200678300122659	 -0.37412416949049626	 
0.11446619277669506	 0.03399489659082276	 0.992845324165344	 0.5604684386086446	 
0.0	 0.0	 0.0	 1.0	 
1	 14	  37
0.959055756255965	 -0.28306995897523585	 -0.009135355387616232	 -0.12292492952505066	 
0.2831730375096124	 0.9578363589398824	 0.04860597000748992	 -0.5791583938240079	 
-0.0050087143938754245	 -0.04920272165792887	 0.9987762537032873	 0.8210775010704867	 
0.0	 0.0	 0.0	 1.0	 
1	 26	  37
-0.7861506857610056	 0.3257424791123316	 -0.5252227494875432	 0.3150588400977877	 
-0.3988775246799569	 0.3817185334159752	 0.8337791563429418	 -1.9714510280114623	 
0.47208454707042913	 0.8649756057534278	 -0.17015693306121457	 2.053119865848434	 
0.0	 0.0	 0.0	 1.0	 
1	 27	  37
0.6004306049151634	 0.2438608103150652	 -0.761587154483117	 2.15814001623626	 
-0.25521782163366524	 0.9610002217424644	 0.10650087948698556	 -0.4121400420211252	 
0.7578568151054512	 0.13042422705699522	 0.6392515692548653	 0.5918739891024036	 
0.0	 0.0	 0.0	 1.0	 
1	 28	  37
0.16948605713205442	 0.30584743062948894	 -0.9368734309474095	 1.7809668899141695	 
-0.25385306267771923	 0.9320977599550075	 0.2583648359510222	 -0.904797745506384	 
0.952277847588072	 0.1940389524404739	 0.23561788117380142	 1.6362068196753685	 
0.0	 0.0	 0.0	 1.0	 
1	 29	  37
-0.9282623742848622	 0.11991730011725955	 -0.3520636385933879	 0.22440115686214884	 
-0.291836512651551	 0.3519725819881625	 0.889351871540149	 -1.6115072588105013	 
0.23056542318918868	 0.9282969043690561	 -0.2917266579666947	 1.8169571237439834	 
0.0	 0.0	 0.0	 1.0	 
1	 31	  37
-0.3972703789038242	 0.44814783061342	 -0.8008369172073031	 0.20934030215886543	 
-0.4113905055995018	 0.6930909882476931	 0.591931359122341	 -1.278466448293433	 
0.8203256048351761	 0.564613499596247	 -0.09098075689661239	 1.962212807174131	 
0.0	 0.0	 0.0	 1.0	 
1	 32	  37
-0.6433586094241249	 0.18642223286903112	 -0.7425203369416769	 0.9662210496915937	 
-0.7028749669439893	 0.24055436277046402	 0.6694030022307805	 -1.0902176000334907	 
0.3034081088622104	 0.9525651419426502	 -0.023731199557467223	 2.374635150145305	 
0.0	 0.0	 0.0	 1.0	 
1	 40	  37
0.9810439457195721	 -0.06636920091107264	 -0.1820656632575145	 -0.2940317641002736	 
-0.009174396755291145	 0.922561565226148	 -0.3857408311439894	 0.007194733121910739	 
0.1935680939905888	 0.3800990496408865	 0.9044645407371952	 -0.3672089149405741	 
0.0	 0.0	 0.0	 1.0	 
1	 41	  37
0.9590329142697746	 -0.19950996346088212	 -0.20112594021423463	 -0.31492483301172863	 
0.0947871359040779	 0.8950148825665974	 -0.43584832092300285	 -0.16134586934095002	 
0.26696679234377485	 0.3989287335654535	 0.8772597091634489	 -0.09063720040161678	 
0.0	 0.0	 0.0	 1.0	 
2	 3	  37
0.9975544296079504	 0.02970799255652075	 -0.06326606632167328	 0.14931198651179772	 
-0.037478423734845966	 0.9913965020983174	 -0.12541269226665913	 -0.33929847666612456	 
0.05899599752447594	 0.1274770991413051	 0.9900853808993495	 0.197055546829163	 
0.0	 0.0	 0.0	 1.0	 
2	 11	  37
0.9046875815222747	 -0.35612824614921157	 0.2339082130538905	 1.0051696701176256	 
0.38440441540168335	 0.9190020466747278	 -0.08756987853909534	 0.18693372151468918	 
-0.18377601927092596	 0.16913873152636674	 0.9683070092891944	 -0.14234182261256842	 
0.0	 0.0	 0.0	 1.0	 
2	 12	  37
0.9385849893708732	 -0.26852231335510707	 0.216688682118146	 0.5834911579117442	 
0.28770944633740975	 0.9557166069171993	 -0.06187925137634498	 -0.08175835778110234	 
-0.1904770123030558	 0.12042231725513906	 0.9742776674495846	 0.14069869362608767	 
0.0	 0.0	 0.0	 1.0	 
2	 13	  37
0.9713086249498444	 -0.22081048310987336	 0.08833054764251963	 0.370045766330847	 
0.22852305354227637	 0.9694108081992473	 -0.08955388850405084	 -0.18539940185268297	 
-0.0658541501938698	 0.10717003077011135	 0.9920573649779421	 0.2446100490080737	 
0.0	 0.0	 0.0	 1.0	 
2	 14	  37
0.9165595288489209	 -0.35175845538165207	 0.19022255161719318	 0.3063685827879145	 
0.3553024527893514	 0.9346092435030819	 0.016301196289409858	 -0.40189757489892813	 
-0.18351783869180713	 0.05264552237474232	 0.9816056498695271	 0.5162851686693373	 
0.0	 0.0	 0.0	 1.0	 
2	 26	  37
-0.3212202108252996	 0.390760518586713	 -0.8626261028227654	 2.4816044810724516	 
-0.49077550164500466	 0.7103437469142966	 0.5045306414925168	 -1.6876540875335562	 
0.8099117131777038	 0.5854211973729682	 -0.036401078609787224	 2.5425795166268172	 
0.0	 0.0	 0.0	 1.0	 
2	 27	  37
0.502065636534036	 0.3127262485707151	 -0.806307875483404	 2.849087780800276	 
-0.3003876742202502	 0.9373436484457577	 0.1765053254010905	 -0.47901595196865465	 
0.810985414041598	 0.15358768887278507	 0.5645471459838362	 0.3902718410141643	 
0.0	 0.0	 0.0	 1.0	 
2	 28	  37
0.45492365569576226	 0.2731061509856611	 -0.847618721939411	 2.319974797401138	 
-0.3042936819811054	 0.9421952308959753	 0.14026226143642948	 -0.5664863598376909	 
0.8369288037789028	 0.19411640108624675	 0.5117313750734243	 0.7803586314925236	 
0.0	 0.0	 0.0	 1.0	 
2	 29	  37
0.48423692346391506	 0.2930747014118587	 -0.8243917887427991	 1.9153667674081347	 
-0.32812902288219375	 0.9342898506307757	 0.139405234301655	 -0.8651958897262116	 
0.8110770285839558	 0.20300171033927908	 0.5485839582987716	 1.0468592696244297	 
0.0	 0.0	 0.0	 1.0	 
2	 30	  37
0.30183648680977376	 0.33425582358811384	 -0.892842527900506	 1.4403499854370294	 
-0.38683119220238865	 0.8989036645482664	 0.20575186657956812	 -1.0539393597224014	 
0.8713531798126479	 0.2832759189538171	 0.4006225028268615	 1.3509524016400687	 
0.0	 0.0	 0.0	 1.0	 
2	 31	  37
0.08947874321659811	 0.5541509518971987	 -0.8275930624550975	 0.9902423055387549	 
-0.5142208202179727	 0.737319012023072	 0.4381068620367363	 -1.06715012937262	 
0.8529774337968932	 0.38636433197274933	 0.35093033555467573	 1.3143812582767096	 
0.0	 0.0	 0.0	 1.0	 
2	 40	  37
0.9953887639506601	 -0.06485632397001372	 0.07067436481407151	 -0.23529498497460447	 
0.08878000599922165	 0.901887874279451	 -0.42274859285687844	 0.18857370836712434	 
-0.036322432952020194	 0.42707366983787304	 0.903487001232257	 -0.5703079451552883	 
0.0	 0.0	 0.0	 1.0	 
2	 41	  37
0.9956672171858537	 -0.08571874839858264	 0.03604287439090227	 -0.2123656554480723	 
0.09279302926525983	 0.8908092722503107	 -0.44480140983662386	 -0.03279988104618791	 
0.006020493431151566	 0.44621870943053443	 0.8949036914735533	 -0.31338226463166846	 
0.0	 0.0	 0.0	 1.0	 
2	 42	  37
0.9869600849771547	 -0.09671516433661165	 0.12866999513961588	 -0.08630678784770088	 
0.14160717830539035	 0.9017590125352031	 -0.40838473326499397	 -0.2798681432942314	 
-0.0765323311697227	 0.42128002599088044	 0.9036957131617095	 0.11644304607063406	 
0.0	 0.0	 0.0	 1.0	 
3	 4	  37
0.8427705463946692	 -0.21015325249451178	 0.4955536465364864	 0.16466922021727007	 
0.2041791644496201	 0.9766426986297884	 0.06693211499556932	 0.03292943197102222	 
-0.49804485233188184	 0.04477331436361547	 0.8659946162572902	 -0.15744012413156802	 
0.0	 0.0	 0.0	 1.0	 
3	 5	  37
0.7786125612282734	 -0.22622516721438204	 0.5853073151912365	 0.19612597876700638	 
0.26683398797744584	 0.9635841118328231	 0.01747232907773877	 0.29854312500185304	 
-0.5679455100250382	 0.14257571021100765	 0.8106232568217034	 -0.37700003390409126	 
0.0	 0.0	 0.0	 1.0	 
3	 10	  37
0.9330104478269254	 -0.13006973116936368	 0.33551955126241195	 0.7352554404783512	 
0.11873024171414925	 0.9914468914432807	 0.05418663257626987	 0.38086232834359857	 
-0.33969785684973114	 -0.010720376905009545	 0.9404735188035408	 -0.7633092989113629	 
0.0	 0.0	 0.0	 1.0	 
3	 11	  37
0.8621934224239443	 -0.36119242863542517	 0.355193653976714	 0.638719745721617	 
0.3474803520012277	 0.9318849404059039	 0.10415307397185958	 0.31309775839032555	 
-0.3686189188063864	 0.03362272060865887	 0.9289723383163153	 -0.5003154638719814	 
0.0	 0.0	 0.0	 1.0	 
3	 12	  37
0.9218394275116599	 -0.2837706129299317	 0.2639816454270013	 0.44505489729171016	 
0.2734981915271016	 0.9588891496377779	 0.0756989956230938	 0.23506035219280297	 
-0.2746102858896243	 0.0024161838322326644	 0.9615525741941048	 -0.11433658292611343	 
0.0	 0.0	 0.0	 1.0	 
3	 13	  37
0.9567161302351095	 -0.23989065687869696	 0.16476261375161394	 0.19051971842813617	 
0.23237967256197997	 0.9705347850523479	 0.06373318431852609	 0.12228974232323798	 
-0.1751968433732282	 -0.022687083234725337	 0.9842719961099965	 0.01350416029542718	 
0.0	 0.0	 0.0	 1.0	 
3	 14	  37
0.8937718319779834	 -0.366998095226076	 0.2578455166628888	 0.16390179807311558	 
0.3387672590971131	 0.9291282473790017	 0.14818044434490846	 -0.015731480584893508	 
-0.29395349381585806	 -0.045089888255094815	 0.9547555946160219	 0.3140113286665513	 
0.0	 0.0	 0.0	 1.0	 
3	 26	  37
0.9655993230637183	 0.06501792134420074	 -0.25177493362717285	 2.403460361248634	 
-0.043558985043533845	 0.9949986346562235	 0.08989066611293602	 0.3604030198480085	 
0.25636021945860743	 -0.07583130578019506	 0.9636021227367674	 -0.941259252442749	 
0.0	 0.0	 0.0	 1.0	 
3	 27	  37
0.6305186972953597	 0.23537052358065716	 -0.7396261819259308	 2.516837211324687	 
-0.17962975460594707	 0.971292417611882	 0.15596214524644356	 0.17106812383844788	 
0.7551021941573007	 0.03452182091131128	 0.654697579237771	 -0.16650497532162392	 
0.0	 0.0	 0.0	 1.0	 
3	 28	  37
0.5124566362230651	 0.2845146834161053	 -0.8102095969016748	 2.211035953900003	 
-0.17743426222325243	 0.9582380702684019	 0.22426966642321416	 -0.19541508853242642	 
0.8401816937902378	 0.02883046321033837	 0.5415381111342453	 0.48428476370000484	 
0.0	 0.0	 0.0	 1.0	 
3	 29	  37
0.5687317859154623	 0.23773912698969896	 -0.7874161943899712	 1.7973143198680945	 
-0.1792341378493116	 0.9701337344001056	 0.1634492618775628	 -0.331707321063573	 
0.8027572980165449	 0.04817307211588241	 0.594356858801255	 0.757901249614179	 
0.0	 0.0	 0.0	 1.0	 
3	 30	  37
0.35851264916922326	 0.31222918176447545	 -0.8797622510885265	 1.3688133530401168	 
-0.2341864168091074	 0.9423540345229773	 0.23900961445175883	 -0.5456572920313316	 
0.9036732830884052	 0.12034039917232209	 0.4109656746728005	 1.176460025328696	 
0.0	 0.0	 0.0	 1.0	 
3	 40	  37
0.9851064967948625	 -0.06285370611906317	 0.16004562349421306	 -0.5059731583303196	 
0.10853420064613709	 0.9492324452825303	 -0.2952593641411767	 0.40771517099674087	 
-0.1333623532435478	 0.3082323416678511	 0.9419168255675743	 -0.7739879466945814	 
0.0	 0.0	 0.0	 1.0	 
3	 41	  37
0.9907510367620601	 -0.08478187690004584	 0.10594534677940415	 -0.4105269511347372	 
0.1150722624645373	 0.9387228600190115	 -0.3248965473639567	 0.2401871742953615	 
-0.07190797985060722	 0.33408296189274994	 0.9397966891869601	 -0.5024103626887301	 
0.0	 0.0	 0.0	 1.0	 
3	 42	  37
0.9751475321974333	 -0.09341607644636989	 0.20089979370477512	 -0.25720799933538174	 
0.1521660173585825	 0.9414596801452418	 -0.3008308059724701	 0.08763095378489008	 
-0.1610366219543954	 0.32392453954923606	 0.932276836067127	 -0.06744544964311103	 
0.0	 0.0	 0.0	 1.0	 
3	 43	  37
0.9859686700866757	 -0.1271617379167337	 0.10814653955401468	 -0.09490977150675999	 
0.15263845521238345	 0.9490547093464318	 -0.2756749184415169	 -0.15013570692624162	 
-0.06758168093418078	 0.28831415344612454	 0.9551479808515301	 0.30774188105994704	 
0.0	 0.0	 0.0	 1.0	 
3	 44	  37
0.9147076432374824	 -0.12712114903728222	 0.38360153919186873	 -0.08320516065819032	 
0.2194161849033969	 0.953360008607068	 -0.20727091400186812	 -0.23875549423102635	 
-0.33936184995571944	 0.2737606755108784	 0.8999381241721337	 0.6782185382318078	 
0.0	 0.0	 0.0	 1.0	 
3	 45	  37
0.8317875482177807	 -0.13073235946245268	 0.5394798650730483	 0.06954035522818579	 
0.23611153921121436	 0.9628953089179552	 -0.13070564301172438	 -0.3673953138072859	 
-0.5023751742285499	 0.23609674765480565	 0.8317917468126611	 0.9113265275086275	 
0.0	 0.0	 0.0	 1.0	 
4	 5	  37
0.9874139086497035	 -0.14071869093502695	 0.07219434206810327	 0.24070329528064233	 
0.14343565338493908	 0.989078312598282	 -0.033916144913147865	 0.21812127483685284	 
-0.06663322251812197	 0.04384451584025534	 0.9968137599810624	 -0.1636375830737201	 
0.0	 0.0	 0.0	 1.0	 
4	 6	  37
0.9936396678126107	 -0.09732431135601552	 0.05664087718530932	 0.5636431580896878	 
0.09799628181635978	 0.9951442274615305	 -0.009203004952865567	 0.44194427099671374	 
-0.05547016584987468	 0.014695066147220024	 0.99835220024374	 -0.15127363285802903	 
0.0	 0.0	 0.0	 1.0	 
4	 7	  37
0.9984944400799765	 -0.04276211760720382	 -0.03435483120497817	 1.070726282883607	 
0.04440989051927948	 0.9978244468456227	 0.04872509519017292	 0.49142021015670434	 
0.03219650219263857	 -0.0501774309323767	 0.9982212233125408	 -0.3032318025153132	 
0.0	 0.0	 0.0	 1.0	 
4	 9	  37
0.991315529202914	 0.09417989871899071	 0.09178054389917344	 1.37469391050256	 
-0.09664776796382926	 0.9950571057006896	 0.022815901081836093	 0.2455228972559508	 
-0.08917808311887732	 -0.03148814176554326	 0.9955178383230485	 -0.2696754245013491	 
0.0	 0.0	 0.0	 1.0	 
4	 10	  37
0.9781099111249775	 0.07238805227839652	 -0.19509221318758463	 0.8819803139673824	 
-0.07148107573174589	 0.9973733939429887	 0.011694822225105605	 0.2282354928294267	 
0.1954263482013678	 0.002506579738314671	 0.9807151775549786	 -0.18200176774179289	 
0.0	 0.0	 0.0	 1.0	 
4	 11	  37
0.982693954886814	 -0.13671005539840553	 -0.12499180685899781	 0.589634119172107	 
0.14334041122312066	 0.9886202146555013	 0.04564644219320503	 0.21714620341160934	 
0.11732909928614801	 -0.06277285980004267	 0.9911071841800084	 -0.04951053849914736	 
0.0	 0.0	 0.0	 1.0	 
4	 12	  37
0.9701027391488226	 -0.0548361480306515	 -0.2364184264500361	 0.23049910030105367	 
0.07209813613120522	 0.995277773900882	 0.06499239605762316	 0.12767622720735627	 
0.23173807253525883	 -0.08009462933346562	 0.9694752787408132	 0.18904562538350106	 
0.0	 0.0	 0.0	 1.0	 
4	 13	  37
0.9411000262411744	 0.0023393341541202363	 -0.33812019774715796	 -0.03482849338534483	 
0.02196133282969466	 0.9974417699025767	 0.0680265794668553	 0.08558358700356762	 
0.33741434538146914	 -0.07144538592052235	 0.9386411009333994	 0.16979121890639615	 
0.0	 0.0	 0.0	 1.0	 
4	 14	  37
0.9692742653252148	 -0.09701891827947469	 -0.2260414299949173	 -0.24553521376861037	 
0.12326337277233282	 0.9868019885571542	 0.10501417195995984	 0.038598574581019424	 
0.21286977124771678	 -0.1296501634226808	 0.9684406515700476	 0.39457265333996877	 
0.0	 0.0	 0.0	 1.0	 
4	 15	  37
0.9497781377181187	 -0.2984918272931937	 0.09393677741903428	 -0.10201278547558788	 
0.2694257474136878	 0.9327192484197029	 0.23967596929596754	 -0.06825618228766955	 
-0.15915795846667133	 -0.2023300093079525	 0.9662977344432542	 0.5426627567773858	 
0.0	 0.0	 0.0	 1.0	 
4	 18	  37
0.7479450130754647	 -0.37869303609710564	 0.5451328662143743	 0.0847177835090384	 
0.3423298921644896	 0.9237046122145982	 0.1719884714279622	 0.002257330984271319	 
-0.5686725792107368	 0.057977355795469185	 0.8205182044712805	 0.1335791612601364	 
0.0	 0.0	 0.0	 1.0	 
4	 19	  37
0.900070777636466	 -0.3318685267650123	 0.2823754171093993	 0.2712864823281452	 
0.3323841674098148	 0.9419437317593847	 0.047568597356757114	 0.29155607184418975	 
-0.28176827447420544	 0.051042013498934884	 0.9581238710927749	 -0.20399821504975416	 
0.0	 0.0	 0.0	 1.0	 
4	 20	  37
0.9248486688778909	 -0.24664947703185552	 0.2895150689596418	 0.4804390246492609	 
0.20313103384858816	 0.963878133334794	 0.1722693448255863	 0.20715904246210945	 
-0.3215473880509649	 -0.10051357897789219	 0.9415435718428848	 -0.9097767152154878	 
0.0	 0.0	 0.0	 1.0	 
4	 25	  37
0.8697677583489133	 0.024711328803141773	 -0.49284216212240733	 2.530960477665435	 
0.051645727647056806	 0.9887017107326234	 0.14071832151567468	 0.2333295874504256	 
0.4907512255231895	 -0.14784545114126965	 0.8586646360624854	 0.18736588296140932	 
0.0	 0.0	 0.0	 1.0	 
4	 26	  37
0.6511406239337315	 0.21571715549612677	 -0.7276551358218063	 2.406375584273873	 
-0.13843985742956577	 0.9764302038385472	 0.16558521343011118	 -0.03589558792068311	 
0.7462240238280146	 -0.007082785926020624	 0.6656572244071669	 0.637604312220193	 
0.0	 0.0	 0.0	 1.0	 
4	 27	  37
0.13472369339426868	 0.3630608130208248	 -0.92197417126884	 2.010823974767829	 
-0.24251704645587355	 0.9142401218419441	 0.32457738952790044	 -0.3176689399305472	 
0.9607471096061265	 0.17986618821525183	 0.21121824192145153	 1.1678476396190114	 
0.0	 0.0	 0.0	 1.0	 
4	 37	  37
0.5266083653953949	 -0.6313903582754267	 0.5692361943626023	 -0.3237363418102585	 
0.42679721081384464	 0.7754623673566814	 0.4652980310028122	 -0.5501894343961765	 
-0.7352059373652479	 -0.002081415479840524	 0.6778406135460516	 0.6807621873691627	 
0.0	 0.0	 0.0	 1.0	 
4	 38	  37
0.7854807301582443	 -0.5193715128127715	 0.33656092201657145	 -0.3759547256677178	 
0.3403796803166163	 0.8167212591347377	 0.46594855735899443	 -0.3259750548470974	 
-0.5168768671333918	 -0.25143511400745705	 0.8183023204576826	 0.12280244136848646	 
0.0	 0.0	 0.0	 1.0	 
4	 39	  37
0.8219780916173169	 -0.3994771522063553	 0.4059187378851274	 -0.2256152856630083	 
0.23949657798738436	 0.8891122804504585	 0.3900265912531065	 -0.15938052650472956	 
-0.5167140466771604	 -0.22337716449378991	 0.8265042264557566	 -0.19823793115663546	 
0.0	 0.0	 0.0	 1.0	 
4	 41	  37
0.8708501237924626	 -0.08395116098864613	 -0.48432660928273463	 -0.10548106987990283	 
-0.0933255641168717	 0.9391477123998868	 -0.33059327485042334	 0.40538000279882663	 
0.48260791640100564	 0.3330972483565698	 0.810022112145317	 -0.5244051686907634	 
0.0	 0.0	 0.0	 1.0	 
5	 6	  37
0.9969765750115817	 0.07690570461469738	 0.011100516920054666	 0.33455901570619084	 
-0.07720607354578103	 0.9965698577962909	 0.029794978427983083	 0.16359373771685182	 
-0.008771036758500363	 -0.030561922871400613	 0.9994943910720979	 0.03164952998327099	 
0.0	 0.0	 0.0	 1.0	 
5	 7	  37
0.9932108339058925	 0.10111356162806989	 -0.05751771089713662	 0.7844057072832767	 
-0.0966975590075907	 0.9924855476855491	 0.07498012881616625	 0.18481920924940604	 
0.06466700467729765	 -0.0689092540244185	 0.9955248330483093	 -0.09782965729878725	 
0.0	 0.0	 0.0	 1.0	 
5	 8	  37
0.9810709125534645	 0.16347134001954483	 0.10381226099901271	 1.0916699020678529	 
-0.1803134591723809	 0.9666476437932339	 0.1818774015381778	 0.1305619466227498	 
-0.07061813494282522	 -0.19715337618515014	 0.9778259688083526	 -0.10034732005426827	 
0.0	 0.0	 0.0	 1.0	 
5	 9	  37
0.9618487298395755	 0.26631567236591164	 0.0626337254064222	 1.0749919254476357	 
-0.2693913429883774	 0.9618779185724786	 0.047108110613715795	 -0.16611740257106186	 
-0.04770036927438996	 -0.06218385976254609	 0.9969241908771792	 -0.053630912748684575	 
0.0	 0.0	 0.0	 1.0	 
5	 10	  37
0.9418063151784315	 0.21872392834084153	 -0.2552659551549616	 0.6396577916538717	 
-0.1998221194333582	 0.974908758986751	 0.09810215204608622	 -0.11018851945986406	 
0.27031830362590187	 -0.04138544215135384	 0.9618811048683467	 0.020937571794147722	 
0.0	 0.0	 0.0	 1.0	 
5	 11	  37
0.9834348540060854	 0.021989142737085802	 -0.179923221202035	 0.34962485165709434	 
0.0005776806830364117	 0.9922292412479609	 0.12442185940389659	 -0.07894595642652803	 
0.1812610112822302	 -0.122464731307355	 0.9757801163042619	 0.14049265308961265	 
0.0	 0.0	 0.0	 1.0	 
5	 12	  37
0.9546609696312557	 0.04446143117682981	 -0.29435627086987104	 -0.056142811778113776	 
0.0008316389108792746	 0.9883818919741842	 0.15198863113487526	 -0.11625681131503988	 
0.29769403997969285	 -0.14534241210066415	 0.9435326395018506	 0.3466599475932484	 
0.0	 0.0	 0.0	 1.0	 
5	 15	  37
0.9851124813769783	 -0.1610264513488014	 0.06019867939834317	 -0.4459062797507726	 
0.13450255082309504	 0.940029682732359	 0.3134537595949062	 -0.30321393931513413	 
-0.10706289206523945	 -0.30069033497622194	 0.9476934417808927	 0.6828673616384855	 
0.0	 0.0	 0.0	 1.0	 
5	 16	  37
0.8405615822159723	 -0.35078097253825863	 0.41280617220154714	 -0.37780562187788713	 
0.24705309273272785	 0.9264020652636354	 0.2841548571579667	 -0.23335061183077857	 
-0.482100607626431	 -0.13686461478550283	 0.8653595098835174	 0.6082907830361574	 
0.0	 0.0	 0.0	 1.0	 
5	 17	  37
0.6427648394339966	 -0.29180355485357207	 0.7083106991724791	 -0.3069683134275393	 
0.23721953080417785	 0.9549801653902679	 0.17815661064417787	 -0.21767289249280752	 
-0.7284094009500653	 0.05351232648646445	 0.6830491750390834	 0.5212088423783181	 
0.0	 0.0	 0.0	 1.0	 
5	 18	  37
0.8110066491475433	 -0.24082144174767853	 0.5331728127287088	 -0.27769881389514695	 
0.20947598747904195	 0.9704594836833723	 0.11970046448816331	 -0.17482151877042032	 
-0.5462490509906205	 0.014609028837374902	 0.8374954033117286	 0.29615635543477564	 
0.0	 0.0	 0.0	 1.0	 
5	 19	  37
0.9561848670093872	 -0.1696407755902225	 0.23860533807814932	 0.006271386233040172	 
0.1619793832055033	 0.9854489352982044	 0.051508012347587825	 0.054040944613027234	 
-0.24387123552933612	 -0.010602036445057125	 0.9697496673392637	 -0.04216931088445303	 
0.0	 0.0	 0.0	 1.0	 
5	 20	  37
0.962540412668995	 -0.06852718073795434	 0.262335623732478	 0.2781069743271168	 
0.02576104288335664	 0.9862710305002969	 0.16311291507861866	 -0.06344912292906402	 
-0.2699116941678557	 -0.15024473333861138	 0.9510910563428966	 -0.7087990463131582	 
0.0	 0.0	 0.0	 1.0	 
5	 21	  37
0.8618509463906339	 -0.19152675071049857	 0.4696066971071097	 0.3907323838637375	 
0.0949475827249433	 0.9705121996739687	 0.22156494943624436	 -0.08014182734445424	 
-0.4981946434279077	 -0.14636794063685504	 0.8546218597797898	 -0.588836653427511	 
0.0	 0.0	 0.0	 1.0	 
5	 25	  37
0.8375187834737188	 0.2587635557670272	 -0.48125223068107137	 2.18044143514518	 
-0.10010572292332856	 0.9385124153736945	 0.3304138169438919	 -0.6069488909443493	 
0.5371602475674272	 -0.22855167554896272	 0.8119254892150273	 0.46747830318019695	 
0.0	 0.0	 0.0	 1.0	 
5	 26	  37
0.5718093873175072	 0.35823906347020945	 -0.7380371250686266	 2.032862573068247	 
-0.21340504452948025	 0.9336030411344579	 0.28782572601117784	 -0.5262679856893954	 
0.7921441229630803	 -0.007080606504988998	 0.610293006240915	 0.9340058072258143	 
0.0	 0.0	 0.0	 1.0	 
5	 36	  37
0.4220286215099817	 -0.5475337169338448	 0.7225639566481246	 -0.5526888909982	 
0.4206876371179137	 0.8242889202987356	 0.37890590896539306	 -0.8026862294228626	 
-0.8030652243762838	 0.1440645851462186	 0.5782141823789148	 1.336491616048539	 
0.0	 0.0	 0.0	 1.0	 
5	 37	  37
0.6448316228148564	 -0.515824868592291	 0.5640185131356097	 -0.7040718168247065	 
0.3053320657082953	 0.8503382399717557	 0.4285991218983559	 -0.6616098181819843	 
-0.7006885955032113	 -0.10416132959732168	 0.7058228598935106	 0.8002134443743034	 
0.0	 0.0	 0.0	 1.0	 
5	 38	  37
0.8485059854936348	 -0.3613495911999112	 0.3866058270656729	 -0.7659974664421126	 
0.17255836162684302	 0.8795659177156088	 0.4433817860780468	 -0.4210740450459425	 
-0.5002611362220093	 -0.30950003123223796	 0.8086708392498824	 0.28398061965718624	 
0.0	 0.0	 0.0	 1.0	 
5	 39	  37
0.873442286628957	 -0.23049170206848754	 0.4289197444813563	 -0.5563390735453045	 
0.06854821568908381	 0.9303017277412877	 0.36033295365178475	 -0.30065525774401913	 
-0.48207853515192184	 -0.28532835582736576	 0.8283646632411537	 -0.042469413324488635	 
0.0	 0.0	 0.0	 1.0	 
6	 7	  37
0.9970936101984756	 0.007910308573735213	 -0.07577439884049211	 0.465030611422647	 
-0.005835399570155475	 0.9996029780549441	 0.027565093425275806	 0.08179452550530378	 
0.07596236313613693	 -0.027042804624443816	 0.9967439019652029	 -0.12273351477115718	 
0.0	 0.0	 0.0	 1.0	 
6	 8	  37
0.9940687646171817	 0.06927881751151009	 0.08383159700660389	 0.7528128986777661	 
-0.08094991745783094	 0.9861199528886798	 0.14496395889461275	 0.057498287614758045	 
-0.07262507883672903	 -0.15089030439042622	 0.9858791578915355	 -0.0996126293375119	 
0.0	 0.0	 0.0	 1.0	 
6	 9	  37
0.9794078946434298	 0.19696203442996907	 0.044341097227436274	 0.7723843210454502	 
-0.19802387634715424	 0.9799734622490105	 0.020941768887420126	 -0.2679649667196901	 
-0.03932836516526216	 -0.029291129730601054	 0.99879693101878	 -0.07399752727178996	 
0.0	 0.0	 0.0	 1.0	 
6	 10	  37
0.9563898544333679	 0.14969347587055531	 -0.2508192768084485	 0.2795328075042682	 
-0.14275628689362582	 0.9887006112610219	 0.045735586193094986	 -0.2365926135888933	 
0.2548314911647826	 -0.007935021983120235	 0.9669529184695911	 -0.01922759466597049	 
0.0	 0.0	 0.0	 1.0	 
6	 11	  37
0.9773996989841754	 -0.05837693597082256	 -0.20317962932415962	 0.0356453690920869	 
0.07326152325282945	 0.9950919191103674	 0.06651933351982739	 -0.21940482110166812	 
0.19829921239460233	 -0.07990122569714014	 0.9768793254521135	 0.1114282618264233	 
0.0	 0.0	 0.0	 1.0	 
6	 12	  37
0.9497957895664217	 -0.01788364886661873	 -0.31235898134216317	 -0.3357390105960567	 
0.043901682611007777	 0.9961055091605503	 0.07646212712136434	 -0.25463719457187894	 
0.30977508031767315	 -0.08633649126074533	 0.9468819408410761	 0.3227605819959547	 
0.0	 0.0	 0.0	 1.0	 
6	 15	  37
0.9735456699885994	 -0.2151763156172738	 0.07686339599460608	 -0.7946575029272535	 
0.18836531467909332	 0.9462112387294341	 0.2630642505699975	 -0.4604055711002418	 
-0.12933420534527867	 -0.2416266642973897	 0.9617116087623258	 0.6618458294564796	 
0.0	 0.0	 0.0	 1.0	 
6	 16	  37
0.8429026986935596	 -0.3690880334627091	 0.3915214733443674	 -0.6381885146371289	 
0.27583492774837304	 0.9211637232361483	 0.2745405027091007	 -0.4237771166876768	 
-0.46198499236356544	 -0.1234156333223069	 0.878258759297332	 0.5682066751254718	 
0.0	 0.0	 0.0	 1.0	 
6	 17	  37
0.6111498648594565	 -0.368603630581106	 0.700447861160769	 -0.6190829076376735	 
0.30837455523341045	 0.9259046810526094	 0.21818720239615555	 -0.4574197517521819	 
-0.7289725484316015	 0.08265521839117211	 0.6795345013359098	 0.4839930572033945	 
0.0	 0.0	 0.0	 1.0	 
6	 18	  37
0.7991490298035197	 -0.28574102161862863	 0.5288789055430696	 -0.5835568301490434	 
0.25753454086854355	 0.9577147867302792	 0.12829009134693165	 -0.3769623999249511	 
-0.5431728899933443	 0.03368168408078692	 0.8389450254538501	 0.26577041187409095	 
0.0	 0.0	 0.0	 1.0	 
6	 19	  37
0.9430829592065567	 -0.24874701172403726	 0.2207248427625739	 -0.2921656430285036	 
0.24608833682128778	 0.9684250127575188	 0.03991898227823774	 -0.13081955523376376	 
-0.22368518622102418	 0.0166708975151079	 0.9745188652054434	 -0.08190599779688834	 
0.0	 0.0	 0.0	 1.0	 
6	 20	  37
0.9597956819277015	 -0.1252838767543062	 0.25118956821164085	 -0.05493541355833789	 
0.08782405984319581	 0.9839726615825712	 0.15519257640354317	 -0.2384404765369407	 
-0.2666067956103099	 -0.12689267702874996	 0.9554156504113169	 -0.734594949415575	 
0.0	 0.0	 0.0	 1.0	 
6	 21	  37
0.851007089720793	 -0.277100918985781	 0.4460964177643454	 0.07217567844735837	 
0.19065548994231626	 0.9545224658628669	 0.2292102666067274	 -0.20488015974064186	 
-0.4893234282147147	 -0.1100088308287447	 0.8651361972197738	 -0.6352472696651614	 
0.0	 0.0	 0.0	 1.0	 
6	 24	  37
0.9960704090673956	 0.002379662312020785	 0.08853291697210983	 1.4514581392824433	 
-0.01366195451430026	 0.9918022120890859	 0.1270500810469801	 -0.3576706680333535	 
-0.08750480660603127	 -0.12776035888520243	 0.9879373459477907	 -0.12644125480692406	 
0.0	 0.0	 0.0	 1.0	 
6	 25	  37
0.8474222760580151	 0.15808229289714426	 -0.5068387068023067	 1.8707829997820966	 
-0.0645433973017137	 0.9782371734486155	 0.19719579698365072	 -0.4104081001666335	 
0.526981627673495	 -0.13439501908793136	 0.839183140285211	 0.4357786307258725	 
0.0	 0.0	 0.0	 1.0	 
6	 26	  37
0.5904389147538976	 0.3111366296569335	 -0.7446985199595633	 1.7359894988388926	 
-0.18704836951486023	 0.9503349886370567	 0.2487495061985789	 -0.6562212721163018	 
0.7851081424912574	 -0.00757674454689148	 0.6193123586171995	 0.8852754062183092	 
0.0	 0.0	 0.0	 1.0	 
6	 35	  37
-0.37238227555839376	 0.5367698903719945	 -0.7571060200790832	 2.6479280709105635	 
-0.7574839716393424	 0.2955647202475545	 0.5821164220793567	 -2.2586005261450577	 
0.5362363970856879	 0.7902655129353807	 0.2965315253148285	 2.6337351772314483	 
0.0	 0.0	 0.0	 1.0	 
6	 36	  37
0.4563416939781252	 -0.5959526388972841	 0.6607516254452485	 -0.7313107976114676	 
0.3985542829724788	 0.80082357966946	 0.4470302873068938	 -1.1207886789100276	 
-0.7955543613490332	 0.05934683173307531	 0.6029686656052518	 1.2420477449974203	 
0.0	 0.0	 0.0	 1.0	 
6	 37	  37
0.6204837028553541	 -0.5746173535439714	 0.5336804957060267	 -0.9816780443306324	 
0.38117977808585174	 0.8157122189304356	 0.4351040710749619	 -0.9065729989463561	 
-0.6853480511895607	 -0.06654677222606094	 0.7251686533744849	 0.7392799263084406	 
0.0	 0.0	 0.0	 1.0	 
6	 38	  37
0.8321855377221226	 -0.43136317470241453	 0.3484150431838382	 -1.0398326592055749	 
0.25769509189059137	 0.8572308331087901	 0.4458122232320565	 -0.672503910544798	 
-0.4909790936706384	 -0.28121363814414035	 0.8245352747457775	 0.23482170598410498	 
0.0	 0.0	 0.0	 1.0	 
6	 39	  37
0.8659446298810898	 -0.2889194083171535	 0.40824682910926413	 -0.8693141806781035	 
0.1374765957111861	 0.9223255854790923	 0.36113113961871723	 -0.5195709443932381	 
-0.4808742908617241	 -0.25659518675983806	 0.8384025444378842	 -0.07964070664305603	 
0.0	 0.0	 0.0	 1.0	 
6	 53	  37
0.7110130708636838	 -0.24553491747414252	 0.6589180657425939	 -0.9110617714578224	 
0.12601646536055203	 0.9663786074671955	 0.22412549495271034	 -0.8882001274943563	 
-0.6917949577143708	 -0.0763216308180761	 0.7180492637349075	 1.6678535439245703	 
0.0	 0.0	 0.0	 1.0	 
6	 54	  37
0.4488637421629253	 -0.43129326741332674	 0.7826285571428065	 -0.6412758761172987	 
0.3972605688212929	 0.880820811127449	 0.2575630779917146	 -0.843080750994029	 
-0.800440741986112	 0.19529673875597636	 0.5667043341990622	 1.2603285101309696	 
0.0	 0.0	 0.0	 1.0	 
6	 59	  37
0.45801604317336997	 -0.5201987367752797	 0.720842963795314	 -0.9843933909148186	 
0.3090233356892648	 0.8534974718427882	 0.41957912669417735	 -0.41508469950367594	 
-0.8335021788785492	 0.03058332577355868	 0.5516690837715474	 0.8433064455683079	 
0.0	 0.0	 0.0	 1.0	 
7	 8	  37
0.9896412669768057	 0.03449161432505305	 0.13935742261463543	 0.3227105670876605	 
-0.05303888042824798	 0.9898757138301513	 0.13165465556586287	 -0.024727597219184508	 
-0.13340554658431716	 -0.13768224181244235	 0.9814512521924049	 -0.014889898943735514	 
0.0	 0.0	 0.0	 1.0	 
7	 9	  37
0.9774729104604456	 0.18435883578291176	 0.10275470298119899	 0.3607443033236293	 
-0.1839637739611044	 0.9828418066335086	 -0.013390780536157287	 -0.3261347412264935	 
-0.10346032662800148	 -0.005814017728658365	 0.9946165884459587	 0.013444113547044938	 
0.0	 0.0	 0.0	 1.0	 
7	 10	  37
0.9747195473110392	 0.12161574399375595	 -0.18743376137347315	 -0.13610830053142647	 
-0.12186740588350546	 0.992493730673435	 0.010223989297365697	 -0.30485780961183434	 
0.18727023114469593	 0.012876544053932367	 0.982224035106166	 0.0953773600102823	 
0.0	 0.0	 0.0	 1.0	 
7	 11	  37
0.9912389564610153	 -0.06405833025317995	 -0.11550697606315173	 -0.4091379169148303	 
0.06801378933762323	 0.9972140642245386	 0.030630614958175206	 -0.3074768017857614	 
0.11322303499737309	 -0.038218325943885814	 0.9928342781693381	 0.25922520906164304	 
0.0	 0.0	 0.0	 1.0	 
7	 15	  37
0.9517630841366276	 -0.2919248773397166	 0.0944822611124713	 -1.096289601217679	 
0.26094481742092207	 0.9320807753785855	 0.25126326916367253	 -0.6303507197170651	 
