0	 1	  37
0.9793327023686006	 -0.042062721263960344	 0.19783373208653046	 -0.49832513667030137	 
0.04235187745480193	 0.9990989134333376	 0.002771218572762635	 0.02023248188573652	 
-0.19777203176250202	 0.005664685004036932	 0.9802316740425893	 0.10860287395247079	 
0.0	 0.0	 0.0	 1.0	 
0	 2	  37
0.8615092229155186	 -0.02925336552992518	 0.5068985099965002	 -0.628923907188545	 
0.06282957157504426	 0.9968080052800826	 -0.04925693398130137	 -0.06035966688871435	 
-0.5038395615344188	 0.07428351913254032	 0.8605972664481858	 0.09611354003370504	 
0.0	 0.0	 0.0	 1.0	 
0	 5	  37
0.4120409450164365	 -0.01889610672772129	 0.9109693720320662	 -0.890676546332246	 
0.29233654054633984	 0.9496719465383773	 -0.11252795661260652	 0.12743414490577865	 
-0.862995716496531	 0.31267576034695227	 0.396827748777848	 0.0014793712870696141	 
0.0	 0.0	 0.0	 1.0	 
0	 6	  37
0.7383282459274403	 -0.10027930915964003	 0.6669448713500806	 -0.7331493542216184	 
0.20498521488943544	 0.9754690520695203	 -0.0802570254328254	 0.14323435096104442	 
-0.6425359623728797	 0.19596986658427507	 0.7407721299080439	 0.16704217870557847	 
0.0	 0.0	 0.0	 1.0	 
0	 7	  37
0.6840747758827479	 -0.024995994346342244	 0.728983471189578	 -0.7294638050713506	 
0.03588687261894894	 0.9993556841730731	 0.0005906645413131422	 -0.1616761635134454	 
-0.7285285398490579	 0.02575687825817894	 0.6845310437429362	 0.475450894476283	 
0.0	 0.0	 0.0	 1.0	 
0	 34	  37
0.6104942107688711	 0.44423281538295883	 -0.6557087953921482	 0.7240329087182258	 
-0.3159099444531289	 0.8957645698108011	 0.3127406952529368	 -0.19849137994468727	 
0.726290386562643	 0.016218545206011997	 0.6871966481132503	 0.5417245239311642	 
0.0	 0.0	 0.0	 1.0	 
0	 35	  37
0.8831851169802146	 0.27101183448479266	 -0.3828010380260648	 0.9664052469233624	 
-0.19628842957623593	 0.9548242666256673	 0.2231176198269685	 -0.2610304073970414	 
0.4259752358519686	 -0.12191474657293835	 0.8964830690029323	 0.5480460154443049	 
0.0	 0.0	 0.0	 1.0	 
0	 36	  37
0.9910868964482407	 0.0769700657769458	 -0.10873073467463915	 0.9056397054169308	 
-0.061051255659238544	 0.9878640379139121	 0.14281942017404847	 -0.17966281227373854	 
0.11840400276605705	 -0.13490830801219678	 0.9837582226127826	 0.4185024721378548	 
0.0	 0.0	 0.0	 1.0	 
0	 37	  37
0.9890836883141886	 0.13253689876893157	 -0.06440052775804612	 1.0824822128708707	 
-0.12317350943690279	 0.9835194607139114	 0.13235466357485764	 -0.12426554845703015	 
0.08088104897810103	 -0.12297739980065642	 0.9891080906829504	 0.3938025573706636	 
0.0	 0.0	 0.0	 1.0	 
0	 38	  37
0.9872486296694379	 0.02412770170572375	 0.15734674202606602	 0.8140496756041677	 
-0.04469247978689081	 0.990701794319114	 0.12850111666201663	 -0.15215459541982848	 
-0.1527832630438169	 -0.13389476742310155	 0.9791473156733866	 0.38964792478161586	 
0.0	 0.0	 0.0	 1.0	 
0	 45	  37
0.830558213478121	 -0.10848047741747714	 0.5462646245578309	 0.3402042339669007	 
0.21595814832813648	 0.9668354700224685	 -0.1363497417566831	 -0.393968753616588	 
-0.5133567299595029	 0.23121669473830736	 0.8264403837419715	 0.0728643383326573	 
0.0	 0.0	 0.0	 1.0	 
0	 46	  37
0.85244753527333	 -0.10351324330680092	 0.512462884574613	 0.20681325242553797	 
0.1443323717758534	 0.9887051465442178	 -0.04037696935796224	 -0.12297020131337513	 
-0.5024951403386732	 0.10838423158875077	 0.8577595772003561	 0.24569463797882934	 
0.0	 0.0	 0.0	 1.0	 
0	 47	  37
0.6769964287982493	 -0.41560404395736766	 0.6074118158553536	 -0.37522993511831093	 
0.256163369139888	 0.9067593194220716	 0.3349147129525978	 -0.15285420441492806	 
-0.6899682338378464	 -0.07113940741601507	 0.7203353531565555	 0.45665344681632053	 
0.0	 0.0	 0.0	 1.0	 
0	 48	  37
0.6619772246068922	 -0.4725505740749923	 0.5817921527858135	 -0.6653220139114369	 
0.22186766301451363	 0.8649709012262162	 0.4501111864199628	 -0.019685821601422775	 
-0.715933582261815	 -0.16888248865203098	 0.6774347280856381	 0.33201736444791236	 
0.0	 0.0	 0.0	 1.0	 
0	 49	  37
0.7638158825143982	 -0.30499762961351107	 0.5688248795094064	 -0.5509967255659574	 
0.18342094785993748	 0.9475420899258636	 0.26176467237785955	 -0.029900737311403493	 
-0.6188231197239753	 -0.09560561567745743	 0.7796906519550051	 0.5168251467659987	 
0.0	 0.0	 0.0	 1.0	 
1	 2	  37
0.9439518364848865	 0.009483183985783301	 0.3299469648569331	 -0.14550405432245228	 
0.02820454284942843	 0.9936141971651551	 -0.10924894029004852	 0.0223587358668636	 
-0.3288760163944244	 0.1124317411291654	 0.9376564773024283	 -0.03220178793789955	 
0.0	 0.0	 0.0	 1.0	 
1	 3	  37
0.6955461329710716	 -0.18997327952818985	 0.6929110548795504	 -0.16969012950522344	 
0.2715550410130638	 0.9623832787842985	 -0.008734095074791276	 0.09620800926750095	 
-0.6651867682157996	 0.19423845598049494	 0.7209701697081039	 -0.02656142209808339	 
0.0	 0.0	 0.0	 1.0	 
1	 5	  37
0.636041823121708	 -0.015092114748801056	 0.7715069846167454	 -0.21229349765867955	 
0.22823457026050584	 0.9587548945109252	 -0.16940493850341945	 0.098101819218399	 
-0.7371294188797621	 0.2838331910185173	 0.6132527533556039	 -0.23105669456784664	 
0.0	 0.0	 0.0	 1.0	 
1	 6	  37
0.8537409655239321	 -0.1184915015472231	 0.5070366139120024	 -0.2605248077406464	 
0.19388922308415663	 0.9760796794927096	 -0.0983637557905926	 0.1244717876946787	 
-0.4832528664768444	 0.1822861029878401	 0.8562934331754624	 0.00860018653249723	 
0.0	 0.0	 0.0	 1.0	 
1	 7	  37
0.8175153631087575	 0.04074638014786963	 0.5744635441749122	 -0.3278731219636928	 
-0.008028055623723466	 0.9982033272799024	 -0.0593773334719104	 -0.09595088649592935	 
-0.5758508325982157	 0.04393005704728115	 0.8163736697638918	 0.3050196373829536	 
0.0	 0.0	 0.0	 1.0	 
1	 34	  37
0.4528305086498242	 0.45184427264531407	 -0.7686229789133086	 1.0947863651740537	 
-0.3070867852547762	 0.8883685754507148	 0.3413194698131863	 -0.28194353387748455	 
0.837043748413324	 0.08147409053984482	 0.5410357990122988	 0.669965917762071	 
0.0	 0.0	 0.0	 1.0	 
1	 35	  37
0.7669400714170255	 0.3406470160228206	 -0.5438405440288501	 1.328236223703295	 
-0.24804880041777158	 0.9389706174162221	 0.2383400349087478	 -0.321113100539089	 
0.5918401130931834	 -0.04789352882954724	 0.8046312760700404	 0.7035894828661075	 
0.0	 0.0	 0.0	 1.0	 
1	 36	  37
0.9433115935879478	 0.15900933064388706	 -0.29134047122009976	 1.2893702022379747	 
-0.12048938101288949	 0.9819481736372004	 0.14580841317872306	 -0.25751571373695104	 
0.30926614180297435	 -0.1024393335528376	 0.945442032319038	 0.5650126314526379	 
0.0	 0.0	 0.0	 1.0	 
1	 37	  37
0.9541835550616069	 0.20782269866506883	 -0.2152753333978615	 1.3932205322757572	 
-0.17411632516078407	 0.970738157045912	 0.16538118323318748	 -0.26129915101994217	 
0.2433459442080274	 -0.12032105540874008	 0.9624477103005804	 0.5633283126805099	 
0.0	 0.0	 0.0	 1.0	 
1	 38	  37
0.99683559379791	 0.07153822745742158	 -0.034656614806091016	 1.2303489538007235	 
-0.06642801528198856	 0.9891407707235285	 0.1311024579409531	 -0.2237700187600972	 
0.043659108136372256	 -0.12838542637197456	 0.9907628700006994	 0.5347029989488437	 
0.0	 0.0	 0.0	 1.0	 
1	 45	  37
0.9429423629564334	 -0.08219973326679969	 0.3226498163535886	 0.8850318472188874	 
0.19296550580518762	 0.9246250952446768	 -0.3283789682868259	 -0.05021667496895815	 
-0.2713374535730107	 0.37190272531219626	 0.8877298852657128	 0.05557424468425279	 
0.0	 0.0	 0.0	 1.0	 
1	 46	  37
0.9106842593088803	 -0.0906634265392987	 0.40303141680914584	 0.5063273728031374	 
0.13999305036824294	 0.9856223792951225	 -0.0946069304079545	 -0.07594629614666569	 
-0.3886593954809646	 0.14257863977740182	 0.9102830360847094	 0.25005321009501585	 
0.0	 0.0	 0.0	 1.0	 
1	 47	  37
0.8392158735978377	 -0.29849658505959537	 0.45455088407039584	 0.09060109399895103	 
0.19504896539128486	 0.9454894839414918	 0.2607787124284529	 -0.06983371089325327	 
-0.5076146359209988	 -0.13018995531073976	 0.851691233332233	 0.33104533336800057	 
0.0	 0.0	 0.0	 1.0	 
1	 48	  37
0.8061882308478072	 -0.361187304720331	 0.46861953368521214	 -0.1848492106226747	 
0.17261524930434333	 0.9011691130926981	 0.3976156502394234	 0.025394738706853617	 
-0.5659191745736154	 -0.23966217998796338	 0.7888583696287533	 0.16481897529129913	 
0.0	 0.0	 0.0	 1.0	 
1	 49	  37
0.8293327354478437	 -0.2942212331057977	 0.4750169259134884	 -0.29967192697242057	 
0.18679588969483327	 0.9472126045813458	 0.2605677979247209	 -0.0784908426770167	 
-0.5266065984278129	 -0.12736619532641533	 0.8405137374132327	 0.4359543692939384	 
0.0	 0.0	 0.0	 1.0	 
2	 3	  37
0.8711990796628463	 -0.20080401411402274	 0.4479842759632375	 -0.12479678040127153	 
0.17691043066380718	 0.9796249334646528	 0.0950667621028581	 0.01950772382697915	 
-0.4579463539727736	 -0.003568984459266452	 0.8889726650651144	 -0.0028514835176205464	 
0.0	 0.0	 0.0	 1.0	 
2	 5	  37
0.8369228976463282	 -0.07762561825245161	 0.5417880829126803	 -0.067747462793786	 
0.14191716716894887	 0.9868134356755756	 -0.07783804232447339	 0.001621521256794913	 
-0.528601533348148	 0.1420334698621789	 0.8369031678640582	 -0.19182559464832472	 
0.0	 0.0	 0.0	 1.0	 
2	 6	  37
0.9648538570907861	 -0.13782486353957138	 0.22374391935275192	 -0.19832522857131016	 
0.1406443921819989	 0.9900544599058524	 0.0033647241026928633	 0.09343839746624397	 
-0.22198240787230955	 0.02822186051325671	 0.9746421585301867	 -0.012513757464395191	 
0.0	 0.0	 0.0	 1.0	 
2	 7	  37
0.9585593772567751	 0.03727493265895999	 0.2824437991324527	 -0.3125060248278527	 
-0.035799751279359415	 0.9993050357395794	 -0.010383802475644638	 0.0336218389526195	 
-0.2826345663245024	 -0.00015792652472744427	 0.9592276460662361	 0.2646395055118251	 
0.0	 0.0	 0.0	 1.0	 
2	 8	  37
0.9856583317096412	 -0.07957891439732825	 0.14881145626163814	 -0.5285392830032354	 
0.07237794442961079	 0.9959572448535567	 0.05320337944019865	 -0.15525002925974873	 
-0.15244371515910718	 -0.0416696869085465	 0.9874333146605057	 0.7506955359143151	 
0.0	 0.0	 0.0	 1.0	 
2	 35	  37
0.510419464712028	 0.34368876950569127	 -0.7882575719641075	 1.1788657010179435	 
-0.1846746986128064	 0.9390805892812912	 0.2898670428444254	 -0.17076371082856445	 
0.8398614324609484	 -0.002382551314575899	 0.5427956316274822	 1.2431311730211205	 
0.0	 0.0	 0.0	 1.0	 
2	 36	  37
0.7669020514077036	 0.18497775010217746	 -0.61452784763084	 1.2019327090120124	 
-0.07410878940549814	 0.9766800766476991	 0.201504131998072	 -0.10685939442653088	 
0.6374708862995305	 -0.10899201735256187	 0.7627264314771783	 1.1097769812125418	 
0.0	 0.0	 0.0	 1.0	 
2	 37	  37
0.8215918423580376	 0.23555388376050604	 -0.5191350618250204	 1.2361629408853934	 
-0.11643130934577517	 0.9607810239770163	 0.25168149349863667	 -0.1579866552834049	 
0.5580596695468635	 -0.1463358869553805	 0.8167956986996371	 1.0909381846917774	 
0.0	 0.0	 0.0	 1.0	 
2	 38	  37
0.9042191365782699	 0.1620066985641685	 -0.3951475454383933	 1.173636394191947	 
-0.05460372320360907	 0.961517528795367	 0.2692628367070981	 -0.23468030060769354	 
0.42356367462041855	 -0.22189608252420417	 0.878268718617747	 1.0915046400426887	 
0.0	 0.0	 0.0	 1.0	 
2	 45	  37
0.9809598132384677	 -0.15926638320093414	 0.11113983981113128	 0.6827570037796566	 
0.18017261159807313	 0.9599241782563762	 -0.21467044982659175	 -0.07015777400287714	 
-0.07249603327824664	 0.2306074395610742	 0.9703424828265562	 0.38203981661654646	 
0.0	 0.0	 0.0	 1.0	 
2	 46	  37
0.9949650671278387	 -0.07003972494061458	 0.07168648495734381	 0.49233895255013366	 
0.06715658511978935	 0.9968634854337552	 0.0418710458899027	 -0.14872924745577792	 
-0.07439427579017688	 -0.03684600845558333	 0.9965479734516283	 0.5265646278362004	 
0.0	 0.0	 0.0	 1.0	 
2	 47	  37
0.9654009347469585	 -0.21434865233393194	 0.14851158349544796	 0.1369800953759221	 
0.1478338082483901	 0.9190208110054733	 0.36543934391033955	 -0.06983287441846729	 
-0.21481666678467104	 -0.3308404512472267	 0.918911527564028	 0.439570860524724	 
0.0	 0.0	 0.0	 1.0	 
2	 48	  37
0.954914612980087	 -0.21349518688231947	 0.20629563033466092	 -0.1344946059414395	 
0.09162408167116795	 0.8728897523578653	 0.4792374232951147	 0.030540325958812217	 
-0.2823882249227234	 -0.43872917090924035	 0.853096480486401	 0.16279427871778424	 
0.0	 0.0	 0.0	 1.0	 
2	 49	  37
0.9637963758157885	 -0.20807850121670746	 0.1667329700322024	 -0.2856289890240731	 
0.13912539585791947	 0.9258816331413092	 0.3512653208601141	 -0.029874931365273857	 
-0.22746575608589434	 -0.3153514527364515	 0.9213103663072947	 0.39195338654269524	 
0.0	 0.0	 0.0	 1.0	 
3	 4	  37
-0.47651826790204715	 0.4558470900100659	 0.751753796721365	 -2.517537990293094	 
-0.37015482618813494	 0.6715691362467112	 -0.6418569154340225	 1.8393479622711175	 
-0.7974432550377887	 -0.5841218415452387	 -0.15128096120971404	 3.6242132793336466	 
0.0	 0.0	 0.0	 1.0	 
3	 5	  37
0.9947341947103212	 0.04095606513381639	 0.09394936190715716	 0.0960987886737592	 
-0.024457259003759002	 0.9850590703206592	 -0.17047131858767273	 -0.05385084686995358	 
-0.09952750552500715	 0.16727590593911418	 0.9808736141502716	 -0.16243855076545408	 
0.0	 0.0	 0.0	 1.0	 
3	 6	  37
0.9666013725130022	 0.029980185949695287	 -0.2545249989812433	 -0.03693470199819662	 
-0.04093137998106913	 0.9984452397733276	 -0.0378381461864584	 0.08730936526076889	 
0.25299487897747147	 0.046992463485160785	 0.9663256695269826	 -0.024655346609846276	 
0.0	 0.0	 0.0	 1.0	 
3	 7	  37
0.9366770895236242	 0.2589811423071398	 -0.23572186553402585	 -0.21088419631080327	 
-0.2711363524079281	 0.9623307328019532	 -0.020115643359814275	 -0.08108010389108565	 
0.22163282330123457	 0.08275462907985345	 0.9716123522276664	 0.20259935927949993	 
0.0	 0.0	 0.0	 1.0	 
3	 38	  37
0.6773962285759845	 0.31449182780560747	 -0.6650031877777134	 0.594268693351049	 
-0.20176152220533597	 0.948768491375673	 0.24316792126042155	 -0.3044666954686706	 
0.7074083952487551	 -0.03054897733503928	 0.7061445477488051	 1.3822784974742823	 
0.0	 0.0	 0.0	 1.0	 
3	 39	  37
0.5018057712715771	 0.3220415831360416	 -0.802795233325267	 2.0018563575711372	 
-0.4877126805208604	 0.8718494904348537	 0.04488660476848264	 0.04573594675247956	 
0.7143719683594079	 0.36900905782882437	 0.5945628697308536	 1.6825879813277833	 
0.0	 0.0	 0.0	 1.0	 
3	 43	  37
0.9793523270935138	 0.07452441015065406	 0.18792320694425926	 2.4022671958132196	 
-0.08695214394831027	 0.9944775558878853	 0.058768320531135454	 -0.7435283977639122	 
-0.18250573711341286	 -0.07389521721299033	 0.9804239658401532	 0.6844192815151302	 
0.0	 0.0	 0.0	 1.0	 
3	 45	  37
0.8600725600677653	 0.009571631420127532	 -0.5100819299783494	 0.652413949943472	 
-0.07738787774647193	 0.9907018790879489	 -0.11189684155285462	 -0.5375941815169659	 
0.5042680911939378	 0.13571356101570986	 0.852816229653293	 0.9130155223432704	 
0.0	 0.0	 0.0	 1.0	 
3	 46	  37
0.9158989704082575	 0.08324963699465888	 -0.3926812625340715	 0.32034361195124694	 
-0.08750698451291598	 0.9961387378807008	 0.0070811407909580106	 -0.22251017773173565	 
0.3917545196504453	 0.02787674359932696	 0.9196473691039113	 0.7257997391286815	 
0.0	 0.0	 0.0	 1.0	 
3	 47	  37
0.9614377812665957	 0.13212389831983679	 -0.24120669195927072	 0.03702569765049231	 
-0.0474627816439914	 0.9435953038843097	 0.3276815326595194	 -0.13405916571442325	 
0.27089606330063193	 -0.3035970651706733	 0.9134791431160176	 0.5123465644667395	 
0.0	 0.0	 0.0	 1.0	 
3	 48	  37
0.9826787171215065	 0.1254866077248296	 -0.13636586889007526	 -0.0777652724087718	 
-0.05955917779911297	 0.9106690346612849	 0.4088210044126631	 0.08128939264784257	 
0.1754857351932744	 -0.3936178611176067	 0.902368957884122	 0.13808964829445533	 
0.0	 0.0	 0.0	 1.0	 
4	 5	  37
-0.9818910109648177	 0.13441303024974516	 -0.1335034826720664	 -0.2770722379032831	 
-0.10340089789156766	 -0.9707162133185562	 -0.21683700679473822	 1.5886937389468374	 
-0.15873971431783251	 -0.19910592783632744	 0.9670359520714462	 0.10609148899747088	 
0.0	 0.0	 0.0	 1.0	 
4	 39	  37
0.027574354927152187	 -0.5785084203815364	 0.8152101952858596	 -1.4437771074377739	 
0.8543704536549632	 0.43700012697429763	 0.2812152502014401	 0.13115698129320771	 
-0.5189323490318973	 0.6887371752505489	 0.5063104981689902	 1.1381257534711173	 
0.0	 0.0	 0.0	 1.0	 
4	 40	  37
0.9881594538493494	 -0.011075541010078826	 -0.15303014787775573	 0.04742858515770829	 
0.04393380446023307	 0.9760527176665041	 0.21305143313641595	 -0.3625406345917718	 
0.14700583183603227	 -0.21725198440328453	 0.9649823110705351	 1.4513438330217021	 
0.0	 0.0	 0.0	 1.0	 
4	 41	  37
0.9384821262232813	 -0.1759674596326728	 0.2971308666393511	 0.09647530223844068	 
0.10087177962703044	 0.9625947189880709	 0.25146827046598236	 -0.37853519784025985	 
-0.330266835807509	 -0.20602635784457315	 0.9211280893768221	 1.2824826218298033	 
0.0	 0.0	 0.0	 1.0	 
4	 42	  37
0.9590797461891835	 -0.08765851253945323	 0.2692248607188069	 0.03379896393946255	 
0.10971541850557487	 0.9916360002996459	 -0.06797477364336514	 -0.5471047210618502	 
-0.26101449651664366	 0.0947313469190149	 0.9606754938682842	 1.2355001462183397	 
0.0	 0.0	 0.0	 1.0	 
4	 43	  37
0.988738040629274	 -0.08648972347066579	 0.1221335938493239	 0.0012245967864173608	 
0.07008839139025508	 0.988670977604899	 0.13273023556861244	 -0.43136881415858813	 
-0.1322297409999364	 -0.122675285920762	 0.983598530813944	 1.2254712806639094	 
0.0	 0.0	 0.0	 1.0	 
4	 45	  37
0.8436496295687538	 0.39352633124552366	 0.36522914607810775	 0.329540731864223	 
0.1348692093636623	 0.5031141791434615	 -0.8536313133375684	 1.5246868764749948	 
-0.5196783610023857	 0.7694239074536475	 0.37137750570630174	 1.441054938257679	 
0.0	 0.0	 0.0	 1.0	 
4	 46	  37
-0.7186933516230969	 0.04774286326355376	 0.6936861576679734	 -0.9956901411747814	 
-0.5517901639015776	 -0.6462045248500642	 -0.5272071007533686	 1.4618999713485576	 
0.42309275738805696	 -0.7616694368758012	 0.4907669381438305	 2.061257602134687	 
0.0	 0.0	 0.0	 1.0	 
4	 47	  37
-0.9638707412245869	 -0.06760701823789156	 0.2576479871765862	 -0.2348071566536122	 
-0.1218365358293385	 -0.748247796827094	 -0.6521357934360796	 1.5999703043579505	 
0.23687349524223159	 -0.6599655488193151	 0.7129771536475398	 0.8831986803845426	 
0.0	 0.0	 0.0	 1.0	 
4	 48	  37
-0.5003079832518932	 0.5888075649640269	 -0.634820898628548	 1.4904878244689252	 
-0.18386399682119658	 0.6442094789133702	 0.7424204859451942	 -0.6975484122655388	 
0.8461004388176141	 0.4881596037355987	 -0.21404263293405845	 3.291719929207439	 
0.0	 0.0	 0.0	 1.0	 
5	 6	  37
0.936105441276321	 0.01486423973266467	 -0.35140526061804195	 -0.14644533380038974	 
0.03416568553751652	 0.9905386765797787	 0.13291288925958997	 0.10537403164452466	 
0.3500561508452833	 -0.13642648048216413	 0.9267407980005161	 0.10156275543786504	 
0.0	 0.0	 0.0	 1.0	 
5	 7	  37
0.9340800740385488	 0.1841534759141415	 -0.30591160911753285	 -0.35887081140414606	 
-0.1480220542799601	 0.9793668283822963	 0.13758665237275833	 0.03725930095728734	 
0.32493674266059713	 -0.08323528562539691	 0.9420658153738407	 0.32188997915617606	 
0.0	 0.0	 0.0	 1.0	 
5	 38	  37
0.5231885862331183	 0.30465407235158387	 -0.7959017523758738	 0.4461621766096442	 
-0.053269530486255094	 0.9437837266582001	 0.32624321359521596	 0.036163461171581826	 
0.8505504455099441	 -0.12828941302677976	 0.510005653055022	 1.7510061073780798	 
0.0	 0.0	 0.0	 1.0	 
5	 39	  37
0.5626421468878121	 -0.03519252366469175	 0.825951149175049	 -3.484276569930762	 
-0.04501071430766241	 0.996307468679088	 0.07311267640965136	 0.804185167348615	 
-0.8254743182819125	 -0.07831292442744366	 0.5589805325095266	 0.4948630955424717	 
0.0	 0.0	 0.0	 1.0	 
5	 43	  37
0.9248420017004831	 -0.14074511478902407	 0.35335263484749535	 0.3259088523338288	 
0.06669169042216751	 0.9746302988293546	 0.2136539235128542	 -0.08059923195450047	 
-0.37445893008349634	 -0.1740304377596834	 0.9107655661112226	 1.1008307514574602	 
0.0	 0.0	 0.0	 1.0	 
5	 45	  37
0.9025375219136175	 -0.12483979786826228	 -0.412117757936051	 0.25525208176643	 
0.13991220991102962	 0.9901427676020144	 0.006470956902601912	 -0.20109029665050124	 
0.40724758446900355	 -0.06350058766369598	 0.9111076118168078	 0.9266337579523943	 
0.0	 0.0	 0.0	 1.0	 
5	 46	  37
0.8499323244560967	 0.05577604107136133	 -0.5239313667715092	 0.231361612017128	 
0.033579823503242213	 0.9866255413767618	 0.15950685426182223	 -0.027136261417338665	 
0.5258207292396784	 -0.15316355423343025	 0.83669199013522	 0.9957625475975616	 
0.0	 0.0	 0.0	 1.0	 
5	 47	  37
0.9393516136563345	 0.09696853619961286	 -0.32896147024924316	 -0.14441922921878464	 
0.07386208967382049	 0.8794845984463008	 0.47016085843545663	 0.03395181971394302	 
0.3349073567873	 -0.46594414266417544	 0.8189829780201112	 0.6343558251637483	 
0.0	 0.0	 0.0	 1.0	 
5	 48	  37
0.9548664862494187	 0.14881646610726096	 -0.25706740916155807	 -0.14537619484927689	 
0.023576625059708322	 0.8247417443716029	 0.5650178739134539	 0.1531662626367227	 
0.29609818673623006	 -0.54557741385273	 0.7840096614872071	 0.27794775965554125	 
0.0	 0.0	 0.0	 1.0	 
5	 49	  37
0.9395902972823439	 0.1366923680832179	 -0.3138236284295333	 -0.4725020576713798	 
0.02663066535566949	 0.8848359499857694	 0.465140999349116	 0.07364278886001496	 
0.34126365308305245	 -0.44539930188605154	 0.8277430645821362	 0.3879951375644563	 
0.0	 0.0	 0.0	 1.0	 
6	 7	  37
0.9774694763044295	 0.20578932510179013	 0.046948658844470734	 -0.15330953400584546	 
-0.20582916709534255	 0.9785796136881695	 -0.004036538956842624	 -0.09457377057083287	 
-0.046773677062876065	 -0.005717809725973914	 0.9988891478967803	 0.25077423353833067	 
0.0	 0.0	 0.0	 1.0	 
6	 35	  37
0.28886230810417995	 0.48004865230569	 -0.8283186937261625	 0.9806389768743826	 
-0.22631966580051108	 0.8749192043679227	 0.4281305813652492	 -0.45541988839622477	 
0.9302354410732104	 0.06379402203727089	 0.36137563133620054	 1.5135969000924476	 
0.0	 0.0	 0.0	 1.0	 
6	 36	  37
0.6067721783323384	 0.3439662723054174	 -0.7165994188653407	 1.0563773252853037	 
-0.16193567613258955	 0.9361088343162556	 0.3122132077772213	 -0.37531980727333886	 
0.7782058599093877	 -0.07339927677693207	 0.6237052074268042	 1.3666573338107832	 
0.0	 0.0	 0.0	 1.0	 
6	 37	  37
0.6522560294663571	 0.39299089290790523	 -0.6481668227518514	 1.1253142208845046	 
-0.2158839928780837	 0.9160011972813269	 0.3381359315396562	 -0.4096601582705606	 
0.7266059273387445	 -0.08062235837919324	 0.6823077470508289	 1.3933699281288041	 
0.0	 0.0	 0.0	 1.0	 
6	 38	  37
0.7819769311071488	 0.320808193694844	 -0.5344101253480295	 1.0324171130718698	 
-0.19951603899291043	 0.9410970210395884	 0.27300136844893463	 -0.3553503721034121	 
0.5905128528667473	 -0.10685738088060628	 0.7999225404690832	 1.3084408909238847	 
0.0	 0.0	 0.0	 1.0	 
6	 39	  37
0.19295590344270758	 -0.4872316757483026	 0.8516885073042304	 -2.807748377921704	 
0.3863679407413806	 0.8356034432133392	 0.3904954545923376	 -0.3803247021895494	 
-0.9019356039617645	 0.25371673148910057	 0.34948531652791076	 1.3943021599336876	 
0.0	 0.0	 0.0	 1.0	 
6	 44	  37
0.9931058013278411	 -0.08336393281318251	 0.08240947806475743	 0.855261540271721	 
0.08498323663162742	 0.9962484724936179	 -0.016334948599411564	 -0.15171509431688834	 
-0.08073857108346286	 0.023225756393533938	 0.9964646744262181	 0.6255240383670757	 
0.0	 0.0	 0.0	 1.0	 
6	 45	  37
0.9875839938968428	 -0.06868122422265918	 -0.1412824986968948	 0.7583804334339446	 
0.047103419831686255	 0.98744678412518	 -0.1507651032600023	 -0.3914839256875968	 
0.14986368085337132	 0.1422383139667938	 0.9784217593660534	 0.6227621516922688	 
0.0	 0.0	 0.0	 1.0	 
6	 46	  37
0.9880494621266637	 0.041806244437814034	 -0.14835935534106603	 0.5471383007295392	 
-0.042522119830194036	 0.9990941543312298	 -0.001655326647799582	 -0.17783188025824792	 
0.14815576167114616	 0.007944098889745043	 0.9889321319365011	 0.6445337500670214	 
0.0	 0.0	 0.0	 1.0	 
6	 47	  37
0.9993559254689646	 -0.025614876848209827	 0.025131898338982984	 0.10893442453310037	 
0.014423462845644467	 0.9280022188752476	 0.3722953739736205	 -0.20940594958716494	 
-0.03285875757861638	 -0.3716930990032892	 0.9277739715058412	 0.4922847591701579	 
0.0	 0.0	 0.0	 1.0	 
6	 48	  37
0.9977785796543202	 -0.018788284782198857	 0.06391327200160779	 0.0316260616095519	 
-0.011997743426584728	 0.8930366697511561	 0.4498239218098952	 0.005513377122199475	 
-0.06552831552602568	 -0.4495914888370414	 0.8908274429032899	 0.18468074300275017	 
0.0	 0.0	 0.0	 1.0	 
6	 49	  37
0.9999461358196816	 0.006731172373661337	 0.007900428960691179	 -0.19585343467289917	 
-0.009000366266968601	 0.9414423000212506	 0.3370539854945465	 -0.08054070787797543	 
-0.005169029536314763	 -0.3371069371122069	 0.9414521730202119	 0.3772143158805317	 
0.0	 0.0	 0.0	 1.0	 
7	 37	  37
0.6577515269441796	 0.22258193369611687	 -0.7195972565224918	 1.235977296837645	 
-0.11000429533387175	 0.9734852121322207	 0.20056319893734953	 -0.09431853822416131	 
0.7451590325633165	 -0.052761961221906864	 0.6647963535078388	 1.2124804763358372	 
0.0	 0.0	 0.0	 1.0	 
7	 38	  37
0.8104171987460774	 0.0590002705845167	 -0.5828747138515407	 1.1257125754528519	 
0.011002601007196324	 0.9932077429973357	 0.11583316459984465	 0.06074812152765729	 
0.5857498670487578	 -0.10028632669059183	 0.8042634804162568	 1.0247372313307062	 
0.0	 0.0	 0.0	 1.0	 
7	 39	  37
-0.041839107195409356	 -0.2466394015800766	 0.9682037464796932	 -2.7528394719481644	 
0.12008883405122586	 0.96078566720224	 0.2499391398620162	 -0.04144010938385725	 
-0.9918811224362067	 0.1267276895037902	 -0.010579776355043934	 1.754174644954353	 
0.0	 0.0	 0.0	 1.0	 
7	 44	  37
0.9722538288311111	 -0.23182148551336582	 -0.031325567474831964	 1.0959915996923397	 
0.232044319586318	 0.9726984569162106	 0.0036256944913892046	 0.08223272379292422	 
0.02962981726178223	 -0.010794015341777662	 0.9995026579063382	 0.5072507835411966	 
0.0	 0.0	 0.0	 1.0	 
7	 45	  37
0.9447569802876296	 -0.29353250945169707	 -0.145852370885048	 0.9373489767686908	 
0.25748515726802496	 0.9399856216146357	 -0.2238937804951403	 0.0068292622759026774	 
0.20281923474971678	 0.1739703913105196	 0.9636382417498818	 0.35514806525639653	 
0.0	 0.0	 0.0	 1.0	 
7	 46	  37
0.9677627646647593	 -0.1632151319868399	 -0.1918229705195365	 0.7013034014007901	 
0.1667139883229523	 0.9860029920521796	 0.0021320791737582333	 -0.01601105683231339	 
0.18879003529284816	 -0.034042919302948255	 0.9814272271643261	 0.42485545388100276	 
0.0	 0.0	 0.0	 1.0	 
7	 47	  37
0.9758208477336348	 -0.1848128064444497	 -0.11669575700314261	 0.3214562719053458	 
0.2130384699514735	 0.9235877578832037	 0.31874796283115336	 0.04338369657110626	 
0.04887006700573928	 -0.3359015928250438	 0.9406284263663592	 0.248720137271495	 
0.0	 0.0	 0.0	 1.0	 
7	 48	  37
0.971710233635698	 -0.23408305571987117	 -0.03137427086809076	 0.025363540725070473	 
0.22647763579634148	 0.8858706453085564	 0.4048963821333806	 0.2706354192113122	 
-0.0669858367997008	 -0.4005475287721152	 0.9138241487632044	 -0.08113540001046209	 
0.0	 0.0	 0.0	 1.0	 
7	 49	  37
0.9799347778523613	 -0.18724941399322603	 -0.06830437844411233	 -0.12610218754586444	 
0.19931429169919043	 0.9227839962266728	 0.3297628078367563	 0.002046834934486705	 
0.0012822947762435076	 -0.33676008265102514	 0.9415896146692468	 0.1002510335166799	 
0.0	 0.0	 0.0	 1.0	 
8	 37	  37
0.6631246317206402	 0.3426253308378891	 -0.6654874946034612	 1.7893217574090627	 
-0.2435024638173265	 0.9394695449202581	 0.24104672634618907	 -0.13916119819718215	 
0.7077939480669895	 0.00220382293977988	 0.7064155082132563	 0.712843340963244	 
0.0	 0.0	 0.0	 1.0	 
8	 38	  37
0.8373069242416037	 0.28159581444852044	 -0.468637292479098	 1.5617138754573487	 
-0.1806449086993301	 0.9515100525034123	 0.2489900338285935	 -0.21458980505763386	 
0.5160276461373707	 -0.12382413847884471	 0.8475748056377659	 0.5107487614974547	 
0.0	 0.0	 0.0	 1.0	 
8	 39	  37
-0.08616507387209628	 -0.051170451629459233	 0.9949659114385043	 -2.7814958472796913	 
0.12377633251336802	 0.9903929278330442	 0.06165442407346474	 0.5489441931127245	 
-0.9885620868484472	 0.12846568949851025	 -0.07900358895338849	 2.1257596460459607	 
0.0	 0.0	 0.0	 1.0	 
8	 44	  37
0.979586075533289	 -0.13577682795262302	 0.14824228011067705	 1.360382583304887	 
0.1414203765578034	 0.9895488175491547	 -0.02816761937611944	 0.07278075474772003	 
-0.14286846298444494	 0.04855708679680771	 0.9885498528684676	 -0.1348506318392094	 
0.0	 0.0	 0.0	 1.0	 
8	 45	  37
0.9862104194710021	 -0.11288488898104936	 -0.12102070222306853	 1.375697926989092	 
0.08335026552890346	 0.970539999988423	 -0.22606379997410422	 -0.08724278114459694	 
0.14297461929688676	 0.21285936733488284	 0.966565645972741	 -0.12480671541051302	 
0.0	 0.0	 0.0	 1.0	 
8	 46	  37
0.9954535864597189	 -0.01078077752437789	 -0.09463578625685216	 1.0931655249749725	 
0.009819642219941423	 0.9998954322717617	 -0.010615985528398314	 -0.05185254552771198	 
0.09474033898585685	 0.009638431305803476	 0.9954553575177582	 -0.06591134889067767	 
0.0	 0.0	 0.0	 1.0	 
8	 47	  37
0.9913209762560312	 -0.120252501265776	 0.053123045602760086	 0.6543919171776952	 
0.10125007855012375	 0.9561209257047502	 0.27492034668806364	 0.14435012141173292	 
-0.08385191487606047	 -0.2671555939313568	 0.9599983046874622	 -0.22770293290922058	 
0.0	 0.0	 0.0	 1.0	 
8	 48	  37
0.9853194766210567	 -0.11332768200698953	 0.12768071695495012	 0.4411772478391321	 
0.05303382119604079	 0.9140772122799916	 0.40205753792185744	 0.246173650301623	 
-0.16227428262221283	 -0.389383726523544	 0.9066682804190761	 -0.5046953132571222	 
0.0	 0.0	 0.0	 1.0	 
8	 49	  37
0.9948198915540761	 -0.07905978579272399	 0.0638978375122664	 0.2904758657337307	 
0.05580846339736396	 0.9501567830116973	 0.30673686297882125	 0.08816511848933918	 
-0.0849635144138969	 -0.3015818926382543	 0.9496470729966834	 -0.3118666492429761	 
0.0	 0.0	 0.0	 1.0	 
8	 50	  37
0.9957485387685101	 0.008197770445031012	 0.09174771986326069	 -0.02453259736344644	 
-0.003567881052957414	 0.9987169822079823	 -0.05051395524182647	 -0.027835805977453682	 
-0.09204410771564242	 0.049971852168114665	 0.9945002243467413	 0.04422194538331844	 
0.0	 0.0	 0.0	 1.0	 
8	 51	  37
0.9990194317884913	 0.0070070451885422365	 -0.04371585784043741	 -0.22757256113098429	 
-0.007559511543111251	 0.9998934814270056	 -0.01248517460876144	 -0.14470864809152167	 
0.04362371710697252	 0.01280340257538678	 0.9989659875032099	 0.2534461030852321	 
0.0	 0.0	 0.0	 1.0	 
9	 10	  37
0.9973455806765161	 -0.07248190757979925	 -0.006940156959060579	 -0.4264441267472473	 
0.0725319659645759	 0.9805951555197621	 0.18213252011787334	 0.007941978204226588	 
-0.006395828197858289	 -0.1821524472653812	 0.983249500044061	 0.5293066259750137	 
0.0	 0.0	 0.0	 1.0	 
9	 51	  37
0.9981362840232961	 -0.004689674945474184	 -0.06084377918138139	 0.2878800294835492	 
0.012599155913876501	 0.9913980238402463	 0.13027363354076213	 0.07599163379325564	 
0.05970946144812178	 -0.13079742074888467	 0.9896094254497656	 -0.08893345872709325	 
0.0	 0.0	 0.0	 1.0	 
9	 52	  37
0.988746759010346	 -0.12396588783483432	 0.08373950799866414	 -0.2565683656905714	 
0.11024883284881397	 0.9821759120696006	 0.15223558258738779	 0.012106767469703647	 
-0.10111894680034604	 -0.14129025586914487	 0.9847903442837058	 0.24029413493739396	 
0.0	 0.0	 0.0	 1.0	 
9	 53	  37
0.9835203684757737	 -0.08911214852571306	 0.1573108698673084	 -0.5547677013184766	 
0.0628572157103677	 0.9843523113981139	 0.16461925002359493	 -0.10389708871881993	 
-0.16951889342022763	 -0.15201826216057623	 0.9737318895585475	 0.5754402386435163	 
0.0	 0.0	 0.0	 1.0	 
10	 11	  37
0.9861477205932758	 -0.012245443556507262	 -0.1654168137789785	 0.10066063377660238	 
-0.0018903601050325929	 0.9963766721081961	 -0.085029135108315	 -0.08488744758249579	 
0.1658586738984676	 0.0841639851165521	 0.9825514357538443	 0.40399096905690574	 
0.0	 0.0	 0.0	 1.0	 
10	 51	  37
0.9974208082993695	 0.011464628769004925	 -0.07085402923349247	 0.7789474323985072	 
-0.015388503357622	 0.998363112255521	 -0.0550843902742203	 0.20259595531123212	 
0.0701065270559324	 0.05603265453875149	 0.9959645658804815	 -0.5811260897366523	 
0.0	 0.0	 0.0	 1.0	 
10	 52	  37
0.9945848660846177	 -0.06657627949707423	 0.07980315259293524	 0.1736783164064113	 
0.07226602364119855	 0.9948788645207276	 -0.07066588113819702	 0.1515399921001585	 
-0.07468979838327001	 0.0760502724405085	 0.9943026652278432	 -0.2798293112215311	 
0.0	 0.0	 0.0	 1.0	 
10	 53	  37
0.9853650154846209	 -0.04795927469624612	 0.16357167917949836	 -0.16473555547952848	 
0.06115233922083352	 0.9951850909966341	 -0.07659651471079011	 0.01267845451164443	 
-0.15911058313893187	 0.08547831671617198	 0.9835533944349738	 0.028088828205656002	 
0.0	 0.0	 0.0	 1.0	 
10	 54	  37
0.9992832246226788	 -0.008222043844050897	 -0.036951792686240666	 -0.12230231766928126	 
-0.00047169192922768047	 0.9733479242079733	 -0.22933293689906997	 -0.14839289369693215	 
0.03785253616898452	 0.22918598655907246	 0.9726463741106118	 0.3564214520386543	 
0.0	 0.0	 0.0	 1.0	 
11	 12	  37
0.9460894561602737	 0.063522123053254	 -0.3176156180435169	 0.08350911570030506	 
-0.13072321094072423	 0.9720566724561785	 -0.19498017246573607	 -0.16975057976765814	 
0.2963548262871806	 0.22598841876571554	 0.9279563844923248	 0.16699131933675618	 
0.0	 0.0	 0.0	 1.0	 
11	 52	  37
0.965669305536367	 -0.05917222037739865	 0.25294552907794066	 -0.08284490209867923	 
0.05994698326116268	 0.9981907315576918	 0.004650014000599348	 0.21772467034769283	 
-0.2527630343677588	 0.010672945606927796	 0.9674693466406438	 -0.7139441138893753	 
0.0	 0.0	 0.0	 1.0	 
11	 53	  37
0.9421917609108307	 -0.0330536693276678	 0.33343986056817637	 -0.345577239727439	 
0.040588426704505666	 0.9990533161697409	 -0.015654107061584037	 0.1545221211201096	 
-0.33260677276537937	 0.028282970038872632	 0.942641399640594	 -0.32929739359931487	 
0.0	 0.0	 0.0	 1.0	 
11	 54	  37
0.9904114432351971	 0.04877280450430742	 0.12925318816012688	 -0.25419833570836753	 
-0.03044996440453224	 0.9896663589143556	 -0.14011886989611072	 -0.06310044215528521	 
-0.13475152235331286	 0.1348395771796434	 0.9816620170147564	 0.0014120524147326577	 
0.0	 0.0	 0.0	 1.0	 
11	 55	  37
0.9911708471186104	 0.057523887558592265	 -0.11946277320706584	 -0.13838463085397132	 
-0.06409496187644025	 0.9965928548366588	 -0.05190874252548172	 -0.13732751831156687	 
0.11606975352879041	 0.0591073941962045	 0.9914807755408579	 -0.008229399415498311	 
0.0	 0.0	 0.0	 1.0	 
12	 52	  37
0.8064440999786411	 -0.20215480700234126	 0.5556809764743494	 -0.5241860926820749	 
0.09968667155260526	 0.9727742748031097	 0.20921944889528624	 0.26209427499832866	 
-0.5828468762242812	 -0.11332980317255667	 0.8046402143743923	 -0.8262880744250399	 
0.0	 0.0	 0.0	 1.0	 
12	 54	  37
0.9088837173884158	 -0.037126489355038435	 0.4153938035820782	 -0.3563574256864599	 
-0.007436580679709394	 0.9944285744524343	 0.10514992905510905	 0.01067082843275095	 
-0.4169833156542478	 -0.09865816793692506	 0.9035438452921476	 -0.09198013277286096	 
0.0	 0.0	 0.0	 1.0	 
12	 55	  37
0.9754670931165423	 -0.057559955086109255	 0.2124871803597748	 -0.3376897085099858	 
0.0202038627949867	 0.9845470915235894	 0.17395064961247556	 -0.028154336467237036	 
-0.2192162269881586	 -0.1653900726855332	 0.9615562228399075	 -0.07787616814518017	 
0.0	 0.0	 0.0	 1.0	 
12	 56	  37
0.9635274769685716	 0.06252662049611359	 -0.2602022729645418	 -0.28118337366978474	 
0.056507713169157724	 0.9028599834937716	 0.4262050311270614	 0.04550959849648928	 
0.2615753801086236	 -0.4253636937198121	 0.8663971656152085	 -0.04396332461863408	 
0.0	 0.0	 0.0	 1.0	 
13	 14	  37
0.9735530643619147	 0.05195369977627969	 -0.22247526593103087	 0.12303709236586753	 
-0.0721738046641026	 0.9938706073173827	 -0.08373862806903769	 -0.09857230531456375	 
0.2167610961215934	 0.09758088434797468	 0.9713354715123056	 0.08535772972246482	 
0.0	 0.0	 0.0	 1.0	 
13	 15	  37
0.7881151632601509	 0.22756274748539163	 -0.5719175512224856	 0.3724657946529166	 
-0.11911877879251369	 0.9679714979563591	 0.22100202642306757	 -0.09461657270397698	 
0.603891717097034	 -0.10604892786361304	 0.7899800117221782	 0.3203189024797869	 
0.0	 0.0	 0.0	 1.0	 
13	 54	  37
0.8628581757742735	 -0.033526572405181136	 0.5043329628749763	 0.2320132060372345	 
0.09668336441916245	 0.990321140065512	 -0.09958095492580364	 0.05144017380289762	 
-0.4961129866714673	 0.13468484874737635	 0.8577481541652028	 -0.19435707850107276	 
0.0	 0.0	 0.0	 1.0	 
13	 55	  37
0.7622453519975055	 -0.08735299741293272	 0.6413668819023747	 -0.4985927594821165	 
0.141971572152549	 0.9892869959799585	 -0.03398988504662431	 0.02235089276258225	 
-0.6315267975776904	 0.11696449644197726	 0.7664810568522504	 0.01461669142631404	 
0.0	 0.0	 0.0	 1.0	 
13	 56	  37
0.9675207123175306	 -0.13036054204478087	 0.2165867039187044	 -0.5173315079158923	 
0.08531114574784783	 0.9748938667959155	 0.20567925732775522	 0.05884526216406502	 
-0.237961508752502	 -0.18052168169363558	 0.9543512156385265	 0.028767368562549883	 
0.0	 0.0	 0.0	 1.0	 
13	 57	  37
0.9776061533100541	 0.0693201102221774	 -0.19869809090452625	 -0.4043786451064383	 
-0.021486313622372268	 0.97213469644005	 0.2334362232052514	 0.005675489501767988	 
0.20934313300712568	 -0.22393939871357194	 0.9518542947145665	 0.2524613949760665	 
0.0	 0.0	 0.0	 1.0	 
14	 15	  37
0.9234842083717442	 0.12420144036355872	 -0.36297509432415537	 0.2372774571583743	 
-0.017038648374605996	 0.958488379881328	 0.28462204780029604	 0.008377555523624142	 
0.38325787839205416	 -0.2566593614970729	 0.887265107398198	 0.1538859757681478	 
0.0	 0.0	 0.0	 1.0	 
14	 18	  37
0.5424458363645055	 0.20460587371383457	 -0.8147938089189263	 0.6297408042166924	 
-0.07687742799710066	 0.9779080914936519	 0.19438525061278067	 0.1314920562253547	 
0.8365658226794616	 -0.0428042174679254	 0.5461917459021103	 0.18646924927080832	 
0.0	 0.0	 0.0	 1.0	 
14	 56	  37
0.8400961740415249	 -0.21300819009016514	 0.4988646402735951	 -0.8326538556746901	 
0.06589480702914864	 0.9529363781554258	 0.29592251282153226	 0.16072139653068399	 
-0.5384201823551774	 -0.21573078162962925	 0.814594338974981	 0.1678440842139383	 
0.0	 0.0	 0.0	 1.0	 
14	 57	  37
0.9989847545644673	 0.020014501631798777	 0.040359383942288184	 -0.5851410451430678	 
-0.03365034016936087	 0.9271678525419812	 0.37313191744901253	 -0.0680205230373236	 
-0.02995187396902895	 -0.3741112039716546	 0.9269000443999461	 0.32822928467563844	 
0.0	 0.0	 0.0	 1.0	 
15	 18	  37
0.7817802163503988	 0.19898896918098868	 -0.5909509992100971	 0.4709007303051446	 
-0.20840136769080844	 0.9765982275532269	 0.05314858309020624	 -0.08907465860744838	 
0.5876976801619397	 0.0816044856866553	 0.8049547469566797	 0.04547085973370492	 
0.0	 0.0	 0.0	 1.0	 
15	 56	  37
0.8999035388404245	 -0.15855301923234305	 0.40624445950042076	 -1.878612314456759	 
0.11700661035976796	 0.9851925348198355	 0.12532008006454964	 0.5180072121850382	 
-0.42009888587640665	 -0.06524269635427346	 0.9051299998662214	 0.5963457232088173	 
0.0	 0.0	 0.0	 1.0	 
15	 57	  37
0.8909710482446864	 -0.19640283905713526	 0.40938553467368666	 -0.7025575669566527	 
0.1685063545634329	 0.9802471323356385	 0.10354307325697162	 -0.13196072015433435	 
-0.4216351499359438	 -0.023269816459375633	 0.9064669414713594	 0.4329748364385519	 
0.0	 0.0	 0.0	 1.0	 
15	 62	  37
0.1803668208318238	 0.486071351240635	 -0.8551037664787383	 0.7766814204430628	 
-0.32996259505080383	 0.8488857379530136	 0.41293787640189583	 -1.0481711906241997	 
0.9266026633948128	 0.20767196585738693	 0.31349618623927233	 2.3922045194904773	 
0.0	 0.0	 0.0	 1.0	 
16	 17	  37
0.9955807977614343	 -0.04009939057169549	 -0.08491710077767212	 0.10933550872180002	 
0.033522458695595066	 0.9964279229638385	 -0.07750896142365317	 -0.09861955502894167	 
0.08772183246894026	 0.0743198036444516	 0.993368736620265	 -0.1758180697167978	 
0.0	 0.0	 0.0	 1.0	 
16	 61	  37
0.8163596672584034	 -0.5370459751573552	 -0.21245826470400037	 -0.12149054084988213	 
