0	 1	  37
0.9946709666218516	 -0.016713193700277604	 0.10173660755051245	 0.008259264841345558	 
0.0260663402363599	 0.9954811313882942	 -0.09131189931527582	 -0.10918438081563007	 
-0.09975075972759517	 0.09347719618290741	 0.9906118310052372	 -0.02146390559430386	 
0.0	 0.0	 0.0	 1.0	 
0	 2	  37
0.9436251497572844	 -0.14918035312805333	 0.2954941606633399	 0.08466261154678592	 
0.14367714867724135	 0.9888004275836905	 0.04038058145060047	 -0.05297120827993098	 
-0.2982087418127105	 0.004351626236274218	 0.95449075933483	 -0.18586166806160204	 
0.0	 0.0	 0.0	 1.0	 
1	 2	  37
0.9755499343550541	 -0.12334344996013724	 0.1819030481651733	 0.12774151026280495	 
0.09970788714102233	 0.9859759178046464	 0.13382760085706452	 0.01356153971477913	 
-0.19585878285571826	 -0.11241833863394268	 0.974167056678197	 -0.15896215505584238	 
0.0	 0.0	 0.0	 1.0	 
1	 34	  37
-0.10968352312101406	 -0.6311164748002522	 0.7678942114584949	 -1.5614729620638483	 
0.1548362698023638	 0.7522755593583065	 0.6403961370478711	 -1.0638751768440196	 
-0.9818325999422969	 0.18913877980955884	 0.01520748706063735	 1.3432456173270173	 
0.0	 0.0	 0.0	 1.0	 
1	 37	  37
0.11836542323465786	 -0.6489537073269153	 0.7515641771193811	 -1.6192664790678124	 
0.29161554225497244	 0.7462275775003305	 0.598418564295366	 -0.8489754395540037	 
-0.9491838610605527	 0.1483357284157825	 0.2775725303007133	 1.9457354144204426	 
0.0	 0.0	 0.0	 1.0	 
1	 38	  37
-0.26100428442740115	 -0.5249820324417329	 0.8101053197726136	 -1.6604502919570867	 
0.15742359012145526	 0.8048124046321533	 0.572271619620861	 -0.9064671795184676	 
-0.9524151283887784	 0.2768950323923465	 -0.12741492947307556	 2.024586740160766	 
0.0	 0.0	 0.0	 1.0	 
1	 50	  37
-0.8011557317199649	 0.09165685266737526	 -0.5913953964069707	 1.639414848077956	 
-0.1633700350113278	 0.9171724627275774	 0.3634623849514935	 -0.35035882019116077	 
0.575725390435965	 0.38780625958504245	 -0.7198239922606173	 3.2009485274989493	 
0.0	 0.0	 0.0	 1.0	 
2	 34	  37
0.7116227723605428	 -0.2922696099606	 0.6388830135098091	 -2.4868128870887625	 
0.35067813486076477	 0.9357461022976112	 0.03747102567857683	 -0.29327225137071805	 
-0.6087839317758568	 0.19737706839526256	 0.7683907972400636	 0.37922996136015	 
0.0	 0.0	 0.0	 1.0	 
2	 36	  37
0.8430344171430195	 0.19483817712909102	 0.5013292892354707	 -1.38504941952101	 
-0.14993100364505568	 0.9802645241301094	 -0.12884935730517208	 0.25452222986509343	 
-0.5165400910464896	 0.033459639343281944	 0.8556090151913441	 0.1391611937520435	 
0.0	 0.0	 0.0	 1.0	 
2	 37	  37
0.3760831295460963	 -0.6066855705334354	 0.7003528383445969	 -2.171390366639337	 
0.3436053716026055	 0.7932652071836371	 0.5026585915686075	 -0.9247265128739277	 
-0.8605212538204092	 0.051603581061979764	 0.5067940825867345	 1.5371184229280233	 
0.0	 0.0	 0.0	 1.0	 
2	 38	  37
-0.017700247861695672	 -0.507893363033717	 0.8612380814919501	 -2.21318220517283	 
0.28931325679479003	 0.8219224585170156	 0.49065396322473187	 -0.964324932872846	 
-0.9570708127763724	 0.25785229099553414	 0.1323920517248979	 1.5953592026775874	 
0.0	 0.0	 0.0	 1.0	 
3	 4	  37
0.7324451930698725	 0.1676939402223235	 -0.6598505751770994	 0.07058071954863647	 
-0.14919174145203085	 0.9851684017952671	 0.08476464113455132	 0.0631741492330148	 
0.6642784532342949	 0.03635880246750146	 0.7466004112319936	 0.16312829445264512	 
0.0	 0.0	 0.0	 1.0	 
3	 6	  37
0.680186091856996	 0.07528995034977361	 -0.729162741656919	 0.28024975450743855	 
-0.07983952422257444	 0.9964028742513464	 0.028407086361834716	 0.04679518395877264	 
0.7286786197057105	 0.03889390132121627	 0.683750490766768	 0.29981555348414407	 
0.0	 0.0	 0.0	 1.0	 
3	 31	  37
-0.9991141900347551	 0.0028832064742153815	 0.04198240573887129	 -0.7672330607175072	 
-0.0013572190309194291	 -0.9993388717135714	 0.036331493758844494	 -0.7810411368550524	 
0.04205940118092825	 0.03624233163958843	 0.9984575605250472	 0.05356717049960573	 
0.0	 0.0	 0.0	 1.0	 
3	 47	  37
-0.9921953401121199	 0.10081421960639023	 -0.07338187913203281	 -0.550029406103643	 
0.07049038462786195	 0.938925252876509	 0.33682410125434803	 -0.2254063648159003	 
0.10285675833317806	 0.32902258681728513	 -0.9387036937336783	 4.245085756156911	 
0.0	 0.0	 0.0	 1.0	 
4	 6	  37
0.9956621053794937	 0.015722905869368156	 -0.09170475528725305	 0.25470446172037164	 
-0.0200593272117613	 0.9987141443006139	 -0.0465583651528129	 -0.01119035811408106	 
0.09085480341227674	 0.048195935564258406	 0.9946972185001833	 -0.04386190670615286	 
0.0	 0.0	 0.0	 1.0	 
4	 7	  37
0.9998071200771907	 -0.01935318667281262	 0.0033431734265465234	 0.5038281544644249	 
0.019312474882507945	 0.9997437614076258	 0.01180846477933783	 -0.08549591438596904	 
-0.0035708481996877626	 -0.011741622210734484	 0.9999246888396116	 0.5071289289435781	 
0.0	 0.0	 0.0	 1.0	 
6	 7	  37
0.9952416990282723	 -0.039003227075653214	 0.08929002627955053	 0.332903789167331	 
0.032336359396557886	 0.9966642569795986	 0.07493142678663804	 -0.07585745458076439	 
-0.09191474515165864	 -0.07168756612544247	 0.9931830508454699	 0.5165311783003925	 
0.0	 0.0	 0.0	 1.0	 
8	 9	  37
0.9615255064480561	 0.12114736854080288	 -0.2465603689676168	 0.3404140509593345	 
-0.0952530037907835	 0.9888564308802509	 0.11441077036539667	 -0.1288382771576184	 
0.25767337021632924	 -0.08652325815877066	 0.9623503312614116	 0.5832079429148002	 
0.0	 0.0	 0.0	 1.0	 
8	 10	  37
0.6831846593747813	 0.244725154783092	 -0.6880176740544932	 0.5802277551183032	 
-0.18189908391463866	 0.9695059840135241	 0.16422810427263376	 -0.15992303756274656	 
0.7072280003407521	 0.012951663150327511	 0.7068668969160047	 0.657334134771857	 
0.0	 0.0	 0.0	 1.0	 
8	 24	  37
-0.7499923876537639	 -0.2446654885151066	 0.6145325192299179	 -1.833672240447433	 
0.12506221220864455	 0.8598633856642278	 0.49496909102643016	 -0.8842527350365332	 
-0.6495158670416645	 0.44807784672277096	 -0.6142925864255561	 2.9321042493971077	 
0.0	 0.0	 0.0	 1.0	 
8	 26	  37
-0.03782436210843377	 -0.395780549691132	 0.9175658418431212	 -1.9112709206267777	 
0.23974572345146747	 0.8878104903872828	 0.3928288701776189	 -0.7912530518017049	 
-0.9700986061828057	 0.2348409879992789	 0.06130582874164481	 2.5296973709242607	 
0.0	 0.0	 0.0	 1.0	 
8	 28	  37
-0.005382701029985918	 -0.263118069425304	 0.9647486242910752	 -1.848765640445574	 
0.22222690037196938	 0.9403232355413055	 0.25769636678113284	 -0.7007417238636411	 
-0.9749801184027747	 0.21578019891322417	 0.053410434151774176	 2.975500532079509	 
0.0	 0.0	 0.0	 1.0	 
8	 29	  37
0.996808001367868	 0.0788610800133373	 -0.012439391790874199	 0.25011557130240286	 
-0.07307821449507133	 0.9640251255519501	 0.25556825286165546	 0.12072024569488364	 
0.03214627467077934	 -0.253843430806623	 0.9667109855903744	 -0.4631543839932196	 
0.0	 0.0	 0.0	 1.0	 
9	 10	  37
0.864182801907306	 0.17114705234882402	 -0.473177314925332	 0.2543930179071899	 
-0.1718615126489911	 0.9842205831566522	 0.042112517863230725	 -0.04176681210423704	 
0.47291828613158876	 0.04492805541183713	 0.8799600925492435	 0.008563781178722413	 
0.0	 0.0	 0.0	 1.0	 
9	 29	  37
-0.785897688276778	 -0.33706889463861084	 0.5184104395441128	 -1.3826374386725404	 
0.22083617999761265	 0.6300854968116002	 0.7444619858070265	 -1.1802116485993166	 
-0.5775778780089116	 0.699554734795487	 -0.420745728272953	 2.7116373856452305	 
0.0	 0.0	 0.0	 1.0	 
10	 11	  37
0.8724169404002826	 0.14723330883204222	 -0.46605904655202085	 0.2676394806959296	 
-0.1391555772823568	 0.988908419858238	 0.05192169531803009	 -0.2503636808881276	 
0.4685343182882387	 0.019557349100859565	 0.8832287940745156	 0.706805366980939	 
0.0	 0.0	 0.0	 1.0	 
11	 12	  37
0.9947359767898295	 0.050122772528851715	 -0.0893758588994003	 0.15792810127857954	 
-0.034933825609403404	 0.9858321512664374	 0.16405668946337046	 -0.2740516969180328	 
0.09633257137789016	 -0.16007085057376932	 0.9823936881354202	 0.859668382834775	 
0.0	 0.0	 0.0	 1.0	 
11	 15	  37
0.3073270680315277	 0.44155469872524744	 -0.8429587897927165	 1.3560306513639862	 
-0.3087777879661834	 0.8841711118129266	 0.3505677148486498	 -0.7809439188378771	 
0.900114632096299	 0.1525480025078977	 0.40807199857009935	 2.25496068497274	 
0.0	 0.0	 0.0	 1.0	 
11	 17	  37
0.38052009629366884	 0.5542204338150591	 -0.7403000520454563	 1.1436221123824557	 
-0.2886661281784139	 0.8317064221171954	 0.4742744920945018	 -0.9767192559024122	 
0.8785649223359312	 0.03322857431280915	 0.4764656746188516	 2.143225751073474	 
0.0	 0.0	 0.0	 1.0	 
12	 13	  37
0.9749691714504934	 0.14354053401561173	 -0.16979761428138804	 0.5429152400809034	 
-0.12651134792434854	 0.9861519657960397	 0.10723422589346551	 -0.23075947304602676	 
0.18283870916056777	 -0.08306873931341059	 0.9796272714565363	 0.4137908278448963	 
0.0	 0.0	 0.0	 1.0	 
12	 14	  37
0.8242154394628549	 0.26136936868633254	 -0.5023494425831094	 1.0421920672442888	 
-0.2815677547844526	 0.9588315737561046	 0.03690003569149393	 -0.41703469915137137	 
0.4913130456406539	 0.11103182553168774	 0.8638769732446892	 0.8069976572181874	 
0.0	 0.0	 0.0	 1.0	 
12	 15	  37
0.41466463120184954	 0.43722956920826866	 -0.7980498401980828	 1.3223185701797124	 
-0.42930618847835544	 0.8672655659539468	 0.2520845783556916	 -0.6950677439003436	 
0.8023399779173549	 0.2380771763956627	 0.5473297159071914	 1.184597561985897	 
0.0	 0.0	 0.0	 1.0	 
12	 16	  37
0.6692151063923315	 0.35252526634750586	 -0.6541231366974576	 1.0793960899828379	 
-0.3305952910046904	 0.9296286343700977	 0.16278008393139437	 -0.9412732102823547	 
0.6654756907219264	 0.10731513754269618	 0.738664718470002	 1.1097983429442584	 
0.0	 0.0	 0.0	 1.0	 
12	 17	  37
0.5080231684624326	 0.5479170162237554	 -0.664604697273386	 1.041402361686655	 
-0.38438732663454644	 0.8347137799730141	 0.3943339810945908	 -0.9258741163675843	 
0.770816997365871	 0.0551348243455998	 0.6346662963449711	 1.005003609431985	 
0.0	 0.0	 0.0	 1.0	 
12	 18	  37
0.6454259021328177	 0.5637524434302723	 -0.5153722803784035	 0.9152884371333381	 
-0.36799765436505116	 0.8207631938275121	 0.4369502329097459	 -1.045760973614108	 
0.669330360313843	 -0.09236320795889748	 0.7372014016384414	 1.2508416981619586	 
0.0	 0.0	 0.0	 1.0	 
12	 21	  37
0.18797166826236997	 0.6696080310990651	 -0.7185344366265916	 0.5196625977886022	 
-0.495621191496232	 0.6962682870379507	 0.519201412753367	 -1.1055637638743046	 
0.847954177105412	 0.2585257378925157	 0.46275064168147134	 1.7197914118740831	 
0.0	 0.0	 0.0	 1.0	 
13	 14	  37
0.9381616150474009	 0.13849339686516593	 -0.3172890843952875	 0.5623176668702374	 
-0.17450350165993184	 0.9807256553265192	 -0.08789605732221889	 -0.17506213145912403	 
0.29900052167191027	 0.13782876335916333	 0.9442467474292985	 0.26861893711809015	 
0.0	 0.0	 0.0	 1.0	 
13	 15	  37
0.6596417967617305	 0.3197600280239754	 -0.68016632116201	 0.8908797137713514	 
-0.38627140666429993	 0.9205501165643022	 0.05815396192034279	 -0.36280491273651644	 
0.6447224987221551	 0.22436801771098355	 0.7307474887195335	 0.5086070731932331	 
0.0	 0.0	 0.0	 1.0	 
13	 16	  37
0.8277723028291664	 0.2333742086043246	 -0.5102249439484554	 0.7299758989991204	 
-0.26444511145592	 0.964325450222095	 0.012050273068243732	 -0.6963338536330693	 
0.4948351217284051	 0.12495160988261937	 0.8599565672124244	 0.5048199993639012	 
0.0	 0.0	 0.0	 1.0	 
13	 17	  37
0.6789659461997802	 0.4152290085693709	 -0.605466856519442	 0.7289022640285414	 
-0.341369256061991	 0.9086767520955278	 0.24036137629994966	 -0.6657193042937162	 
0.6499786726629729	 0.043490581090857246	 0.7587069885269673	 0.44480573754739644	 
0.0	 0.0	 0.0	 1.0	 
13	 18	  37
0.817320613515703	 0.40037668691557715	 -0.41434951827752897	 0.6053953197574111	 
-0.31665046672289054	 0.9129150404296714	 0.25752400059308206	 -0.7574869950643043	 
0.48137251338904896	 -0.07927570581077144	 0.8729237457084745	 0.6572517472731375	 
0.0	 0.0	 0.0	 1.0	 
14	 15	  37
0.8583477569546123	 0.22777471154444673	 -0.45973667344669217	 0.4924920066260683	 
-0.22786325983107647	 0.9720711462327348	 0.05617847880579202	 -0.08201687514372655	 
0.45969279192754514	 0.056536425803384284	 0.8862765762487674	 0.1747918714358915	 
0.0	 0.0	 0.0	 1.0	 
14	 16	  37
0.9710470971635459	 0.08684504824965124	 -0.22254319285200921	 0.3285273718105075	 
-0.07271448401452683	 0.994826875450712	 0.0709372377209197	 -0.4685297429588627	 
0.2275524970303596	 -0.05270128533052066	 0.9723386424593845	 0.22664746202201658	 
0.0	 0.0	 0.0	 1.0	 
14	 17	  37
0.8939191108273701	 0.2614053346355417	 -0.364109700944213	 0.2747838658671804	 
-0.16887826539600068	 0.9488891478698761	 0.2666261737557279	 -0.45223547980411694	 
0.41519724803331903	 -0.1768520174577088	 0.8923758228160918	 0.1577202079811824	 
0.0	 0.0	 0.0	 1.0	 
14	 18	  37
0.9642490826024691	 0.1973758227045052	 -0.17682333361865749	 0.2659064216706162	 
-0.13887175229761226	 0.9446693270752899	 0.29717755449715266	 -0.47683269932114114	 
0.22569524388893542	 -0.26199741810719657	 0.9383064583551984	 0.39232925473827235	 
0.0	 0.0	 0.0	 1.0	 
14	 20	  37
0.9856979070557156	 0.10655632205879788	 -0.13055798043507016	 0.3672134521690318	 
-0.09833373480993574	 0.9928340949794482	 0.06790387650695132	 -0.7374629910560669	 
0.13685800168171272	 -0.05409445512844842	 0.9891125705904487	 0.9027199292486863	 
0.0	 0.0	 0.0	 1.0	 
14	 21	  37
0.686243675583921	 0.5139161826884228	 -0.5147424354879149	 0.2384594653122632	 
-0.3480232555626763	 0.8534012790578904	 0.3880542107617338	 -0.7260790961487644	 
0.6387091915015992	 -0.08715740974418412	 0.7644960134742746	 1.0518099234279545	 
0.0	 0.0	 0.0	 1.0	 
15	 16	  37
0.9540179293756205	 -0.17233482903822347	 0.24525598286325062	 -0.04656249836958552	 
0.16225407961750543	 0.9848684788916944	 0.06089082798776498	 -0.39050091408565907	 
-0.2520384972128842	 -0.01829715786469043	 0.9675442160112094	 0.1083512692179084	 
0.0	 0.0	 0.0	 1.0	 
15	 17	  37
0.9971823367913056	 -0.06859357774896044	 0.030369528857524312	 -0.0902814932749921	 
0.06098965122930164	 0.9770342340985472	 0.20416749947627016	 -0.3585024722823828	 
-0.043676648616381555	 -0.2017399972515662	 0.978464779066972	 0.06059483673365817	 
0.0	 0.0	 0.0	 1.0	 
15	 18	  37
0.9623530931124057	 -0.16873609206783552	 0.21308368170899564	 0.005907544767518051	 
0.10271893329589925	 0.9516065236322695	 0.28964434212160783	 -0.4057971045003257	 
-0.25164527597302183	 -0.2568524000553263	 0.9331138728291849	 0.2836053525405313	 
0.0	 0.0	 0.0	 1.0	 
15	 21	  37
0.9571743775265631	 0.22751079891306852	 -0.17904202686680465	 0.3293250456940262	 
-0.17199839368405068	 0.9443314202398309	 0.2804544906360568	 -0.6029669796128473	 
0.23288143673711456	 -0.23764891147607034	 0.9430213313056585	 0.8467613551150488	 
0.0	 0.0	 0.0	 1.0	 
16	 17	  37
0.9762132057072607	 0.14711636840716436	 -0.15926252273978686	 -0.08474645131183724	 
-0.11861840159141465	 0.9772777533310145	 0.17566407614586937	 0.04696642316395603	 
0.18148678135514837	 -0.15259412502115374	 0.9714821569140508	 -0.05231630256250028	 
0.0	 0.0	 0.0	 1.0	 
16	 18	  37
0.9983161277523858	 0.04285049890380142	 0.039099153612021306	 -0.05435644108200069	 
-0.05054988201062811	 0.9732683754258707	 0.2240387886607953	 -0.01043205173074875	 
-0.02845379584858036	 -0.22563799356398312	 0.9737956034826956	 0.17974634191982372	 
0.0	 0.0	 0.0	 1.0	 
16	 19	  37
0.9530653036955399	 -0.1376652146576537	 0.26965684779917803	 0.29809693814060534	 
0.08566745355121685	 0.9768685310489449	 0.1959310094097561	 -0.4334264059798876	 
-0.2903921732653569	 -0.16363423150287942	 0.9428129315970822	 0.7544042152558545	 
0.0	 0.0	 0.0	 1.0	 
16	 20	  37
0.9943908663000105	 0.018806092433059998	 0.10408235156121887	 0.20129159298027077	 
-0.02377218497875321	 0.9986269842038521	 0.0466800775626493	 -0.35925967924867325	 
-0.10306157499500003	 -0.04889250768081158	 0.9934726138410821	 0.6367884842379876	 
0.0	 0.0	 0.0	 1.0	 
16	 21	  37
0.8414287409735359	 0.41912476306519564	 -0.34107492849700116	 0.09372452260114038	 
-0.3395608989271288	 0.9011113312373213	 0.2696233755361411	 -0.27215355417852427	 
0.4203523162580301	 -0.1110531480924622	 0.900539354229044	 0.7901409685141526	 
0.0	 0.0	 0.0	 1.0	 
17	 18	  37
0.9769867757283195	 -0.10942955338285454	 0.18309017695772606	 0.09635474951615362	 
0.09825346341551218	 0.9927619324379046	 0.06906520418426135	 -0.07220643263640827	 
-0.18932273233512917	 -0.049486547147543906	 0.9806671120582025	 0.2004564453610212	 
0.0	 0.0	 0.0	 1.0	 
17	 21	  37
0.9382054374910301	 0.29065233248824046	 -0.18786106217471327	 0.35314463926244494	 
-0.2775679624349428	 0.956179091717138	 0.09315347976702375	 -0.43021012829846517	 
0.20670409597291528	 -0.03525288898993301	 0.9777681987699764	 0.7213916072779855	 
0.0	 0.0	 0.0	 1.0	 
17	 22	  37
0.5943476945769806	 0.6562709313725364	 -0.46482177507777245	 0.3193025749506624	 
-0.5803808567859409	 0.7501237267452092	 0.3169739037370349	 -0.2814316382728501	 
0.5566946012199547	 0.08138095114522699	 0.8267213930722088	 0.7595613226321646	 
0.0	 0.0	 0.0	 1.0	 
18	 19	  37
0.9511694628983157	 -0.1813438212140128	 0.24978204770805482	 0.33886930243622215	 
0.1955275863624415	 0.9801436267190408	 -0.03297626378659094	 -0.48888898503351713	 
-0.23884224044545962	 0.08020529601930915	 0.9677404066532757	 0.48402173881895455	 
0.0	 0.0	 0.0	 1.0	 
18	 20	  37
0.9958626745807119	 -0.0387454453908548	 0.08219686027102499	 0.2505130752588179	 
0.05423528563219492	 0.9791981660871404	 -0.19552361832774906	 -0.3977975932058258	 
-0.07291136515896803	 0.1991726436864396	 0.9772482749217878	 0.36868611904982823	 
0.0	 0.0	 0.0	 1.0	 
18	 21	  37
0.8702087599286296	 0.3592589602570407	 -0.337149393620256	 0.0834071425500267	 
-0.378039695947031	 0.9257277212253994	 0.010685244176211823	 -0.3464053715407052	 
0.3159473095814432	 0.11815746116881136	 0.9413905204209294	 0.5148328782044944	 
0.0	 0.0	 0.0	 1.0	 
19	 20	  37
0.9745049531988754	 0.12428138803236462	 -0.18679998067346298	 -0.04619444911426792	 
-0.14817893544612676	 0.9816646721441837	 -0.11990610724272693	 0.08573213142906448	 
0.16847284434267135	 0.1445289177043837	 0.9750529691592595	 -0.12528662994576198	 
0.0	 0.0	 0.0	 1.0	 
20	 21	  37
0.797200868716159	 0.43027069820728425	 -0.42348305890840143	 -0.14690061586260994	 
-0.36046940810267225	 0.9019438104480719	 0.23782171603224453	 0.04904879797353812	 
0.4842856396180974	 -0.03693899103425267	 0.874129813129069	 0.13930238232465209	 
0.0	 0.0	 0.0	 1.0	 
21	 22	  37
0.8389567460363407	 0.4254554788147473	 -0.33932169666354756	 -0.07635190629675914	 
-0.4035743264790613	 0.9047022158411006	 0.1365344779137278	 0.12751428560634842	 
0.36507443252998023	 0.022395003878451492	 0.9307089354434053	 0.05324221896146321	 
0.0	 0.0	 0.0	 1.0	 
22	 23	  37
0.9809760444105733	 0.0015146009630058889	 -0.19412291538225857	 -0.15716663988502041	 
-0.08932456959723992	 0.8913459953165248	 -0.4444360897805914	 -0.08927020583777057	 
0.17235753989556854	 0.45332110321174834	 0.8745243597659418	 -0.14543471443068934	 
0.0	 0.0	 0.0	 1.0	 
23	 31	  37
0.9912701715706299	 0.09114660555352	 -0.09526669538933887	 -0.8467237594588602	 
-0.07671665087772779	 0.986383596151293	 0.1454714979703824	 -0.340226735936801	 
0.10722873883637216	 -0.13689301494127892	 0.9847650989082862	 0.7223202940178117	 
0.0	 0.0	 0.0	 1.0	 
23	 32	  37
0.9600674907494027	 -0.12494641233541516	 0.25031741299928273	 -0.8020165161473302	 
0.047291318782417956	 0.9543335544262554	 0.294976266950357	 -0.5301830776131965	 
-0.2757425327619313	 -0.2713592838667158	 0.9221335015524476	 0.6754175904647515	 
0.0	 0.0	 0.0	 1.0	 
23	 42	  37
-0.47014396811031955	 -0.2512743051688319	 0.8460649341577772	 -2.152300711648289	 
0.30221863619891814	 0.8548307501473487	 0.42181546265705666	 -0.8915775555627683	 
-0.8292337096280814	 0.45401058596076976	 -0.3259537431170406	 3.4826368759598405	 
0.0	 0.0	 0.0	 1.0	 
24	 25	  37
0.8304760307556399	 0.1459844306566809	 -0.5375854428332321	 -0.012848953523104183	 
-0.17079813819534634	 0.9852990562434188	 0.0037102230165018007	 -0.02500566043891586	 
0.5302240642684569	 0.08873734147287404	 0.8432011182979813	 0.07404484115231202	 
0.0	 0.0	 0.0	 1.0	 
24	 26	  37
0.800197396780133	 0.24281735242029795	 -0.5483829497257325	 -0.016691234547340325	 
-0.21734549514740134	 0.9696259552925439	 0.1121893157219199	 -0.006939085987151888	 
0.5589678541073978	 0.02941496535130711	 0.8286674229677138	 0.10874451083911064	 
0.0	 0.0	 0.0	 1.0	 
24	 28	  37
0.6410149858807418	 0.18994966475147165	 -0.7436524139254268	 0.04754465573009979	 
-0.2053356270363909	 0.9760169341526037	 0.07230646248381963	 0.03769617974595577	 
0.7395519374228446	 0.10634880868235118	 0.664644914782292	 0.1086549077272181	 
0.0	 0.0	 0.0	 1.0	 
24	 29	  37
0.9581520184197931	 0.11743342791674916	 -0.2610634015058359	 0.07214396487982197	 
-0.06419094108971367	 0.9768971015297983	 0.20384203713830776	 0.09366164747279862	 
0.2789699494212461	 -0.1785537538961307	 0.9435540918725894	 0.04938250011096674	 
0.0	 0.0	 0.0	 1.0	 
24	 30	  37
0.9975942103933315	 -0.011856785551960515	 -0.0683023281161001	 -0.1462150445625723	 
0.0036309145014632553	 0.9928492323762578	 -0.11931981490832834	 -0.08448018722337042	 
0.06922866349704901	 0.11878475662411181	 0.9905036969866201	 0.40733378159220873	 
0.0	 0.0	 0.0	 1.0	 
24	 31	  37
0.9368802898242344	 -0.08944841777276472	 0.33801524092384766	 -0.30064738455068996	 
0.02437026695060251	 0.9810778671322459	 0.1920737064566597	 -0.28758861996607826	 
-0.34879996076205955	 -0.17171254811804326	 0.9213323983184317	 0.9152649205545357	 
0.0	 0.0	 0.0	 1.0	 
25	 26	  37
0.99747412259048	 0.0618475022379977	 -0.03493223767915435	 0.010340239898674922	 
-0.05745714901035505	 0.9916883865110717	 0.11512089335419276	 0.007777313756458577	 
0.04176183413062534	 -0.11282300530470947	 0.9927370843703076	 0.011754627433440518	 
0.0	 0.0	 0.0	 1.0	 
25	 27	  37
0.8951517000613082	 0.15140354682984378	 -0.4192617319583244	 0.06367656391476623	 
-0.15859127187434394	 0.9871822712913405	 0.01788775372561598	 0.05182505126063497	 
0.4165960181790369	 0.05047899816174781	 0.9076891694748582	 0.06848988269770324	 
0.0	 0.0	 0.0	 1.0	 
25	 28	  37
0.9712330244732147	 0.037351305003090106	 -0.23518352873272894	 -0.03940689716984002	 
-0.03226320333232466	 0.999155416171119	 0.02544680818209151	 0.07399237413515251	 
0.23593536802130627	 -0.01712700646596461	 0.9716178095147111	 -0.00955761263327318	 
0.0	 0.0	 0.0	 1.0	 
25	 29	  37
0.9575617779679748	 -0.14801768119481312	 0.2473180289192885	 0.047735366531433454	 
0.08595199615305137	 0.9656661656654826	 0.2451552790503014	 0.13832633342521222	 
-0.2751139686241271	 -0.21349384661539086	 0.9374074256827963	 -0.08075885432796469	 
0.0	 0.0	 0.0	 1.0	 
26	 27	  37
0.919597180763454	 0.0789754059549223	 -0.3848427086306348	 0.031351608947603894	 
-0.13536187381808695	 0.9832978637303924	 -0.12166541949010795	 0.04662910052368187	 
0.3688064373738135	 0.16397620692497702	 0.9149282022727979	 0.030108790789405128	 
0.0	 0.0	 0.0	 1.0	 
26	 28	  37
0.9759696689329781	 0.008087803755428627	 -0.21775626914802096	 -0.014447919431931742	 
-0.025805219609037	 0.996568778941938	 -0.07864324178912314	 0.0365935346412129	 
0.21637304814551434	 0.082372666999356	 0.9728296088049702	 -0.021779521724630883	 
0.0	 0.0	 0.0	 1.0	 
26	 29	  37
0.935042698616694	 -0.21597899614811222	 0.2811551617638637	 0.003576513199491859	 
0.17929311206803852	 0.9722072028639206	 0.15055608478061996	 0.14064980528901308	 
-0.30585802544410723	 -0.09036718387979883	 0.947778792941194	 -0.07937839309076676	 
0.0	 0.0	 0.0	 1.0	 
27	 28	  37
0.9810237107275456	 -0.0630249115746678	 0.18335849997030984	 -0.11824030333924304	 
0.054573761895377444	 0.997217552685906	 0.0507824490126117	 -0.0072058611174078205	 
-0.18604887396311606	 -0.039812223451311454	 0.9817335704563227	 -0.03450522929975832	 
0.0	 0.0	 0.0	 1.0	 
28	 29	  37
0.8376475125814347	 -0.23863192875413464	 0.4913262126583691	 -0.04454589568024195	 
0.1220422216302321	 0.9585434363218499	 0.25748820715492476	 0.019421429215363294	 
-0.5324024237413769	 -0.155721813704381	 0.8320446958733202	 -0.04421224046849507	 
0.0	 0.0	 0.0	 1.0	 
29	 30	  37
0.9779814463624393	 -0.02729962671180353	 0.20689857648670992	 -0.0811408933426437	 
0.0849739433175557	 0.9575930618979165	 -0.2753088388737944	 -0.32816342483280514	 
-0.19060881282851438	 0.286827924349022	 0.9388280046343611	 0.3547002730109032	 
0.0	 0.0	 0.0	 1.0	 
29	 31	  37
0.8056224561823264	 -0.23833258257228826	 0.5423744446221438	 -0.042838532594265316	 
0.2373418317115166	 0.9686704706180534	 0.07311890502750061	 -0.6037027905321379	 
-0.5428087259933988	 0.06982191229851865	 0.8369489754748495	 0.8112126783933524	 
0.0	 0.0	 0.0	 1.0	 
30	 31	  37
0.9051455622838558	 -0.15235129927655283	 0.3968634433738997	 -0.11047766722770877	 
0.031258448731923114	 0.9548986775741809	 0.2952819414558803	 -0.13425910754835366	 
-0.4239509646889792	 -0.25486780333307346	 0.869084565714671	 0.5476077873371742	 
0.0	 0.0	 0.0	 1.0	 
30	 32	  37
0.6858846997618273	 -0.37113237575353836	 0.6259576170158501	 -0.03542091917431257	 
0.04917379092561096	 0.8818454170951164	 0.4689675880424402	 -0.35766037879197227	 
-0.7260469109628053	 -0.2908769843350866	 0.6230942649916572	 0.5133163450061609	 
0.0	 0.0	 0.0	 1.0	 
31	 32	  37
0.9207687601426582	 -0.22677030297355028	 0.31742734607250905	 0.0609379931304866	 
0.1680258196289904	 0.9648819917458695	 0.2019159873376294	 -0.20494090844946547	 
-0.3520684795368056	 -0.13258194331736173	 0.9265364612484678	 -0.07786134894248996	 
0.0	 0.0	 0.0	 1.0	 
31	 33	  37
0.9675866751076077	 -0.07153833353868999	 0.2421947418684236	 -0.0730410058028958	 
0.09161656125798945	 0.9931394660863353	 -0.07266640630311885	 -0.45913126234984114	 
-0.2353347230169541	 0.0925000958716044	 0.9675026100255638	 0.4039380876729729	 
0.0	 0.0	 0.0	 1.0	 
31	 47	  37
0.511180736153954	 -0.4275757126218152	 0.7455690879865186	 -1.946459474832544	 
0.5089639689838187	 0.8496079301568767	 0.13828247644147162	 -0.4678450343486904	 
-0.6925676380407474	 0.30878046406872117	 0.651923838916913	 0.5944706093702207	 
0.0	 0.0	 0.0	 1.0	 
31	 48	  37
0.6661819359913796	 -0.29478149971147616	 0.6850587533829703	 -2.138552796739638	 
0.47017416800065365	 0.8790336071127641	 -0.0789694201018115	 -0.634125504833977	 
-0.5789109429814482	 0.3747049305709438	 0.724194956556695	 1.4353874820941024	 
0.0	 0.0	 0.0	 1.0	 
33	 34	  37
0.8991341774204282	 0.13097862009347194	 -0.4176150524979886	 -0.4233844099138954	 
-0.15230671509683175	 0.9881694359190084	 -0.01799528971484321	 -0.2670615230474086	 
0.4103174326431928	 0.07978575683615778	 0.9084458362913995	 0.6024099595596218	 
0.0	 0.0	 0.0	 1.0	 
33	 36	  37
0.8823922027980197	 0.122073022627569	 -0.45440310032814296	 -0.521555489503398	 
-0.10707534059830726	 0.9925161297075489	 0.058707782329971384	 -0.31747608242275105	 
0.45816904290558025	 -0.003147922634967284	 0.8888595044809211	 0.9417291434102387	 
0.0	 0.0	 0.0	 1.0	 
33	 38	  37
0.9685496117792523	 -0.19776716698434674	 0.1509960171171576	 -0.993372460116314	 
0.1824441344280098	 0.9771010357934462	 0.1094883722784695	 -0.659934463597965	 
-0.16919156992909987	 -0.07849658281963708	 0.9824522884855864	 1.182820463159581	 
0.0	 0.0	 0.0	 1.0	 
33	 41	  37
0.4814940741218446	 -0.4824836634046185	 0.7316918553142473	 -1.512489420919945	 
0.38291083819649097	 0.8667507746012215	 0.3195659317259	 -0.4345915790525485	 
-0.7883798238014518	 0.12630363920267784	 0.6020835856813829	 1.2219741653067597	 
0.0	 0.0	 0.0	 1.0	 
33	 42	  37
0.22141520154790328	 -0.5074048288938593	 0.832775869090053	 -2.071063396104233	 
0.47176147069354146	 0.80312589952433	 0.3639091978533946	 -0.25756483595289437	 
-0.8534731532348082	 0.3122965403721702	 0.41719833122749317	 1.0539133485057754	 
0.0	 0.0	 0.0	 1.0	 
33	 47	  37
0.24133595005407635	 -0.3822394016908119	 0.8919921518749738	 -2.6216173639149476	 
0.48323700709093476	 0.8444333105516241	 0.23111551009964568	 -0.12727070366600826	 
-0.841569340095807	 0.37526713661853456	 0.38850433972458265	 0.86699946930009	 
0.0	 0.0	 0.0	 1.0	 
33	 48	  37
0.9867680938179334	 -0.04793686199448709	 -0.15488959385653822	 0.0687304819734447	 
0.022641741938568723	 0.9866749243314601	 -0.16112090248473268	 0.14453598298997272	 
0.16054930876496828	 0.1554819956060153	 0.9747047083591328	 0.7633372799470591	 
0.0	 0.0	 0.0	 1.0	 
34	 35	  37
0.9477018279955359	 0.038569275444838166	 -0.31681801748887206	 -0.13238176227925605	 
-0.1087053626837146	 0.9723252278960124	 -0.20680134264740488	 -0.04697256656027309	 
0.30007397310950046	 0.23042582795474015	 0.9256670829589065	 0.02192241159265946	 
0.0	 0.0	 0.0	 1.0	 
34	 36	  37
0.9984882167522718	 -0.04599590780071779	 -0.030094143490973262	 0.02400956043414929	 
0.047991421964565344	 0.9964378722872952	 0.0693425561209484	 -0.038990409186580824	 
0.02679747049044904	 -0.07068198594518782	 0.9971388832244776	 0.37563669466786564	 
0.0	 0.0	 0.0	 1.0	 
34	 37	  37
0.9595044782205752	 -0.24290998807659755	 0.1426390338136441	 -0.16179669642328945	 
0.19772791567344075	 0.9414307135678406	 0.27315175802945874	 -0.4008150650542385	 
-0.2006360576718436	 -0.23388661621344292	 0.9513370712413802	 0.7539572944957299	 
0.0	 0.0	 0.0	 1.0	 
35	 50	  37
0.7653367226850415	 -0.20651446315466065	 0.609599440138902	 -1.5926767335709746	 
0.10889177167138724	 0.9750193429155299	 0.19359716682543565	 0.14971887189719843	 
-0.6343518605411256	 -0.0817866581326769	 0.7687058342301706	 1.1920698624277724	 
0.0	 0.0	 0.0	 1.0	 
36	 37	  37
0.9626045995209841	 -0.1993470310385692	 0.18344793865604714	 -0.17044716834685097	 
0.16001580462751835	 0.964788171456471	 0.20875518313825142	 -0.39509003331040143	 
-0.21860312726595002	 -0.17159412995141934	 0.9606082069791831	 0.36360369664603176	 
0.0	 0.0	 0.0	 1.0	 
36	 48	  37
0.37514069955016077	 -0.22581532005902363	 0.8990422107819281	 -1.9170033756913079	 
0.43302479117993903	 0.9002365234389573	 0.0454283181518971	 0.06738869554846189	 
-0.8196090444624109	 0.3722655545349049	 0.43549899097728484	 0.6117784088465302	 
0.0	 0.0	 0.0	 1.0	 
36	 49	  37
0.8250587720430275	 -0.12834404139315697	 0.55027795677614	 -1.9423855927270977	 
0.2485501927400694	 0.9570196292349135	 -0.1494531061836566	 0.18982885403211122	 
-0.5074453905236757	 0.260079288483225	 0.8214973763429398	 0.4386266401952249	 
0.0	 0.0	 0.0	 1.0	 
37	 38	  37
0.9064404869841906	 -0.14736208146829094	 0.39579042497412203	 -0.14673950423658724	 
0.20741674394878365	 0.9716753467774601	 -0.11324890637258642	 -0.03289811530254739	 
-0.36789120387085644	 0.1847469550770316	 0.9113312376431618	 0.013179901571197533	 
0.0	 0.0	 0.0	 1.0	 
37	 49	  37
0.9326722860638209	 -0.054021532019739596	 0.3566568110757538	 -1.6881079249429514	 
0.1864848322498198	 0.9185568874811058	 -0.34853500800031384	 0.8084875982737055	 
-0.30878117518599146	 0.3915800282691425	 0.8667867484632509	 -0.13760028825813983	 
0.0	 0.0	 0.0	 1.0	 
38	 39	  37
0.930980312463244	 -0.1641214274388073	 0.32609786086585735	 0.18294658936297348	 
0.2092788274598973	 0.9718336428985848	 -0.10835932312208607	 0.1357871603042275	 
-0.2991287852796022	 0.1691257744576922	 0.9391051284234558	 0.060671757275189725	 
0.0	 0.0	 0.0	 1.0	 
39	 40	  37
0.9077372192910451	 -0.13732717939348152	 0.3964270254581425	 -0.14615964315860638	 
0.13495812542761967	 0.9902673105307821	 0.034014086423039505	 0.06266731239988496	 
-0.3972397828702751	 0.022625195998302983	 0.9174359135172407	 0.009136547833063422	 
0.0	 0.0	 0.0	 1.0	 
40	 41	  37
0.9981334015531504	 -0.009638000725486122	 0.06030606641086966	 -0.21294106745958327	 
0.0018956434820000985	 0.9918822404849309	 0.12714569417162325	 0.21360542877656807	 
-0.06104194655911515	 -0.12679404541464181	 0.9900490648486382	 -0.4450057882806211	 
0.0	 0.0	 0.0	 1.0	 
41	 42	  37
0.9696947194922767	 -0.12800037216978602	 0.20810587621014198	 -0.08329618960867176	 
0.12891564323240093	 0.991612734624577	 0.009216369151917786	 0.21225217647050607	 
-0.20754013568168259	 0.017891038392566627	 0.9780628828590032	 -0.3838226537451813	 
0.0	 0.0	 0.0	 1.0	 
41	 43	  37
0.8417693656518869	 -0.1845635285858855	 0.507307243163301	 -0.03830579696478776	 
0.24651451423023388	 0.9674574082956764	 -0.057068006865894486	 0.14180020309226085	 
-0.4802654779638583	 0.1730966985524016	 0.8598735974702368	 -0.6432445044701333	 
0.0	 0.0	 0.0	 1.0	 
41	 44	  37
0.8800003084174921	 -0.15586489507996595	 0.4486709168943638	 -0.06307452778404139	 
0.22348642741623762	 0.9694002423351774	 -0.1015725697283747	 0.24242164260253976	 
-0.41911009764242674	 0.189655752990016	 0.8879062007959765	 -0.5750024865480605	 
0.0	 0.0	 0.0	 1.0	 
41	 45	  37
0.9361103928526923	 -0.2933093527458132	 0.19407976706758714	 0.41022032642697176	 
0.33025489843346006	 0.9228341223137325	 -0.19826468357765656	 0.3589409705408738	 
-0.12095054548815434	 0.24969342459359073	 0.9607414632776302	 -0.5571817456269941	 
0.0	 0.0	 0.0	 1.0	 
41	 46	  37
0.9125766132250327	 -0.06968389467726424	 0.40292440955759495	 -0.07099650493815417	 
0.1816796777268107	 0.9518674069039781	 -0.24686217688212048	 0.5599583609981977	 
-0.36632829497025016	 0.29848382618913377	 0.881312081959441	 -0.5326627537120078	 
0.0	 0.0	 0.0	 1.0	 
41	 47	  37
0.9940498708300282	 -0.08904670254269817	 0.06273387497258788	 0.2484000540313798	 
0.09953331765879869	 0.9765216893816427	 -0.1910458291694835	 0.6935615313863797	 
-0.0442489884476101	 0.19615319251415525	 0.9795743729231934	 -0.7994191981558875	 
0.0	 0.0	 0.0	 1.0	 
41	 48	  37
0.9333059298097743	 0.06402219733905208	 -0.35332874158464966	 0.17350871280967403	 
-0.13946140596145307	 0.9713611706118197	 -0.192374614944099	 0.7393841848061303	 
0.33089357447549106	 0.22882009194018602	 0.9155057661726207	 -0.9578520438219541	 
0.0	 0.0	 0.0	 1.0	 
42	 43	  37
0.9297680921704544	 -0.05982788606967768	 0.3632518669327761	 -0.07942957672123518	 
0.11718138602789119	 0.9834822662522515	 -0.13795345133746248	 -0.018844219326255525	 
-0.3489983059418712	 0.17083107450276405	 0.9214211449895938	 -0.2038106968169903	 
0.0	 0.0	 0.0	 1.0	 
42	 44	  37
0.9417699895789208	 -0.06798128287021701	 0.3293141841886542	 -0.14724288507597671	 
0.1464905119163336	 0.9644760679189149	 -0.21983276446007488	 0.18129300711068846	 
-0.3026711361312964	 0.2552733037177757	 0.9182732293615026	 -0.09367044282691536	 
0.0	 0.0	 0.0	 1.0	 
42	 45	  37
0.897197543446625	 -0.061512012862682236	 0.4373246394921292	 -0.42136383464682936	 
0.19673548136961747	 0.9422359334942625	 -0.2710841124124757	 0.2196654549973578	 
-0.39538806052232395	 0.3292532731891607	 0.8574733603387443	 0.052368622423232196	 
0.0	 0.0	 0.0	 1.0	 
42	 46	  37
0.9848770306135427	 0.019612547278748383	 0.1721411704360367	 0.08605556968663144	 
0.027069232123650235	 0.9639513867396591	 -0.2646979045533284	 0.27990341608675595	 
-0.1711271201244435	 0.26535461554667916	 0.9488426828331386	 -0.1584615226746229	 
0.0	 0.0	 0.0	 1.0	 
42	 47	  37
0.9890694389352275	 0.02151792596375397	 -0.14587194324671807	 0.39997132546054953	 
-0.04492869868761489	 0.9862310777705982	 -0.1591529870083551	 0.37738743584391843	 
0.14043880161334635	 0.16396719215032793	 0.9764177911630576	 -0.38786792271149073	 
0.0	 0.0	 0.0	 1.0	 
42	 48	  37
0.8460981994910906	 0.15515824472897383	 -0.5099448557545794	 0.2882966829774733	 
-0.24439637072339573	 0.9631326510669821	 -0.11245403694807604	 0.41497143123844754	 
0.473696369835327	 0.2197758302027562	 0.8528249138384281	 -0.5853420129758706	 
0.0	 0.0	 0.0	 1.0	 
43	 44	  37
0.9975950421334788	 -0.06286024512470552	 -0.029201395404406943	 -0.09547277228000094	 
0.05951278881778314	 0.9927929960964431	 -0.10402064635916293	 0.27382086219301394	 
0.035529704161905644	 0.10203262460953373	 0.9941463592637941	 0.039382546283378256	 
0.0	 0.0	 0.0	 1.0	 
43	 45	  37
0.9908616151062647	 -0.08161492501868912	 0.10738837797080006	 -0.4387491642558946	 
0.09690848497115606	 0.9845389124377818	 -0.14591735824234514	 0.29725565218011857	 
-0.09381900260395415	 0.15499075427270909	 0.983450995647661	 0.0877383131065931	 
0.0	 0.0	 0.0	 1.0	 
43	 46	  37
0.9811998919599231	 0.04288482786369708	 -0.18816924179295683	 0.14653735318161365	 
-0.06574580455602463	 0.9909551852667999	 -0.11698422960435233	 0.3087165823693564	 
0.1814504373131027	 0.12715625164318006	 0.9751446182320544	 0.06444759852390046	 
0.0	 0.0	 0.0	 1.0	 
43	 47	  37
0.8848140539366101	 0.07787418187531882	 -0.45939057647443304	 0.439411023460962	 
-0.0909021389378644	 0.995840079641544	 -0.006271914862718613	 0.3941258703488075	 
0.45699112802414854	 0.04730906442505234	 0.8882122276406932	 -0.07174191871877754	 
0.0	 0.0	 0.0	 1.0	 
44	 45	  37
0.994173769379574	 -0.014471312165534473	 0.1068133765116405	 -0.2927443641456426	 
0.01949526258784534	 0.9987446588841529	 -0.046141533210427806	 0.05097060915685531	 
-0.10601156075749825	 0.047955056819752685	 0.9932078642012325	 0.032029796323437144	 
0.0	 0.0	 0.0	 1.0	 
44	 46	  37
0.9799566113537448	 0.09608650670782863	 -0.17450622651576997	 0.266097803732584	 
-0.10195594461849056	 0.9944755832624904	 -0.02496596987265304	 0.06581598687188185	 
0.1711432885655703	 0.042257514401788265	 0.9843395132044358	 -0.0022509048793267266	 
0.0	 0.0	 0.0	 1.0	 
44	 47	  37
0.8838407108928719	 0.12343783422679773	 -0.4512080438664414	 0.5967674963409056	 
-0.08049002537212917	 0.9903006336064482	 0.1132519796483127	 0.08751041968603415	 
0.4608111908189486	 -0.06377896330347128	 0.8852035304131797	 -0.13445232992179398	 
0.0	 0.0	 0.0	 1.0	 
45	 46	  37
0.9497518081062637	 0.10252027494144003	 -0.29573822246171355	 0.5938690540453238	 
-0.0982114539531392	 0.9947303135428529	 0.029429808550992434	 0.00978072155052359	 
0.2971969268200683	 0.001093866933955568	 0.9548155791271099	 0.030571973584773888	 
0.0	 0.0	 0.0	 1.0	 
45	 47	  37
0.7998176058726122	 0.1837521407931125	 -0.5714253652841738	 1.0029457861450115	 
-0.09022469151400687	 0.9779776611123794	 0.1881998921528999	 -0.04837106682596556	 
0.5934233753210313	 -0.09896890986117304	 0.7987827317258968	 -0.012488364334804039	 
0.0	 0.0	 0.0	 1.0	 
46	 47	  37
0.9503640845906165	 0.014076750493287379	 -0.31082141466731333	 0.34287322331417774	 
0.019919623621544896	 0.9941739409910068	 0.10593103251260728	 0.029880048079330427	 
0.31050171547837896	 -0.10686449433727174	 0.9445468037821225	 -0.18244942041809353	 
0.0	 0.0	 0.0	 1.0	 
46	 48	  37
0.7197699414490784	 0.17213294223127534	 -0.6725336285905662	 0.35110286481677627	 
-0.11445857144036832	 0.9849388461733882	 0.1295943853817071	 -0.035541940360311206	 
0.684711959009202	 -0.016300904804236988	 0.7286314663067625	 -0.3621970372074965	 
0.0	 0.0	 0.0	 1.0	 
47	 48	  37
0.8603302904719146	 0.17468658655239644	 -0.4788699069425678	 0.15382963981776626	 
-0.17234914983126154	 0.9838043774408222	 0.049241420376734145	 -0.06638595096513511	 
0.4797161263173802	 0.04016893584536149	 0.8765037904904341	 -0.1066259451208981	 
0.0	 0.0	 0.0	 1.0	 
48	 49	  37
0.8426237876585797	 0.18976748223967158	 -0.5039577910463565	 0.11462252918633681	 
-0.18318630201223723	 0.9810492189224042	 0.06312851025346007	 0.04541070369328435	 
0.506387135724229	 0.03912457969302382	 0.8614182120415462	 -0.10882123923338036	 
0.0	 0.0	 0.0	 1.0	 
48	 50	  37
0.6782273744439186	 0.31022271563259407	 -0.6661602624447422	 0.20767578350113705	 
-0.27586117453477	 0.9477065462045773	 0.1604771468629978	 0.027756849872594604	 
0.6811080978370513	 0.07492775845125446	 0.7283389252774184	 -0.20536871132999787	 
0.0	 0.0	 0.0	 1.0	 
49	 50	  37
0.962519078727501	 0.1280372841293364	 -0.2390888474152344	 0.07395355118513998	 
-0.11729186217388947	 0.991360905118758	 0.058704129921985884	 0.0011766394154443746	 
0.24453965353975435	 -0.028460668911667653	 0.9692215165645862	 -0.12614021582250262	 
0.0	 0.0	 0.0	 1.0	 
49	 51	  37
0.9265077684084954	 0.0510054602601996	 -0.3728026262009897	 0.022704786681907087	 
