0	 1	  37
0.9988776236759603	 -0.01604474527845005	 -0.0445652226339862	 -0.06564939574993547	 
0.017353309862773104	 0.9994249025229686	 0.02913291701428015	 0.08563495845014017	 
0.04407216305417414	 -0.02987357303544384	 0.9985816011112075	 0.4808308062536227	 
0.0	 0.0	 0.0	 1.0	 
0	 6	  37
0.7052717750708243	 -0.10278922362075908	 0.7014457204915361	 -0.6571192858058438	 
-0.05644153562951179	 0.9781511297196296	 0.2000867823820326	 -0.13054059664057358	 
-0.7066866889536204	 -0.18070623380407744	 0.6840608019175743	 0.9813632642030136	 
0.0	 0.0	 0.0	 1.0	 
0	 8	  37
0.9969894165984557	 0.06813318849471314	 0.03701313032172669	 -0.2027410015460888	 
-0.07096442770017038	 0.994143674987286	 0.08150094161394959	 -0.3171496349770844	 
-0.031243450383344827	 -0.08388219184258944	 0.9959857552695351	 0.2115715851900236	 
0.0	 0.0	 0.0	 1.0	 
0	 9	  37
0.9925274507871487	 -0.058563099484456996	 -0.10704962780288861	 -0.104931887929938	 
0.06095174862757761	 0.9979564812021492	 0.019176703727811346	 0.042197592310192954	 
0.10570782266797492	 -0.025558266869982266	 0.9940687256027112	 -0.7289829200529463	 
0.0	 0.0	 0.0	 1.0	 
0	 10	  37
-0.9700810904029279	 0.21795025241309493	 0.10695964433249527	 -0.5148159086569739	 
-0.22699016787137308	 -0.970513883083488	 -0.08110651288236073	 1.7690226901464385	 
0.08612863479930244	 -0.10295868207819511	 0.990949730335666	 -0.25258003990253214	 
0.0	 0.0	 0.0	 1.0	 
0	 11	  37
-0.8975309861980474	 0.3102354564117993	 0.3133561717906996	 -0.7891965571475297	 
-0.3492370067201509	 -0.9339775826701072	 -0.07562663688708154	 1.6044810990552678	 
0.26920557563228326	 -0.17731282146157323	 0.946619523036487	 0.5606074038852464	 
0.0	 0.0	 0.0	 1.0	 
0	 27	  37
0.9384103260739963	 0.04123882997852009	 -0.3430530845506257	 1.313016588691694	 
0.0418071771937203	 0.9720056382233271	 0.23120812960870496	 0.025615325096610117	 
0.34298428513969703	 -0.23131017738972404	 0.9104160488387418	 0.49535462073426806	 
0.0	 0.0	 0.0	 1.0	 
0	 28	  37
-0.5491650412378971	 0.12554605744374278	 -0.8262299588749543	 1.4241605130637562	 
0.5401528370430448	 0.8077148170028629	 -0.23628729764500664	 1.5382075765934335	 
0.6376932413916002	 -0.5760511798914774	 -0.511382799895645	 4.900833984611712	 
0.0	 0.0	 0.0	 1.0	 
1	 2	  37
0.9994411113419298	 0.007407891748365774	 -0.03259736338191676	 0.026269031451621894	 
-0.006714728679618645	 0.9997500956987311	 0.02132272424285948	 0.03040986715901662	 
0.03274717359356871	 -0.021091924763340524	 0.9992410886925188	 0.8751025866131077	 
0.0	 0.0	 0.0	 1.0	 
1	 6	  37
0.5641376708443381	 0.08926591865582527	 -0.8208412051675137	 1.4186971982772367	 
0.017986639755775278	 0.9925742148838145	 0.12030340285326543	 -0.06394673474860658	 
0.8254848085365476	 -0.08263185653433398	 0.5583429118033721	 2.671475345943308	 
0.0	 0.0	 0.0	 1.0	 
1	 8	  37
0.9666571449909116	 0.08416366171122444	 -0.2418479730851138	 0.009091551917423625	 
-0.08906063908453807	 0.9959821513167363	 -0.009367861246821017	 -0.1690658913620829	 
0.24008783101996867	 0.03059464505178341	 0.9702689323534388	 0.23100477458782653	 
0.0	 0.0	 0.0	 1.0	 
1	 9	  37
0.8981886327825175	 0.1756119706662831	 0.40301068931106016	 -1.5802572541293418	 
-0.1818892222430159	 0.98305027594962	 -0.022988383744991746	 0.09021834643814132	 
-0.4002168047097747	 -0.05265539586861613	 0.9149065080727193	 0.20675194421984172	 
0.0	 0.0	 0.0	 1.0	 
1	 10	  37
0.8940387430920194	 -0.04047024417800687	 0.4461579150778508	 -1.8258709765278947	 
0.05553286598331408	 0.9982416101753137	 -0.020731341256075946	 0.043699697193184506	 
-0.44453439309700343	 0.043311049984606956	 0.8947141031095407	 0.3321603935034188	 
0.0	 0.0	 0.0	 1.0	 
1	 27	  37
0.9550886043551783	 0.06354000792272212	 -0.2894277547576559	 1.3745397852555274	 
-0.004862624542050279	 0.9799685825145706	 0.19909277276422024	 -0.04902032018554338	 
0.2962804629290304	 -0.18874385997314702	 0.9362657969876911	 -0.0824751961141479	 
0.0	 0.0	 0.0	 1.0	 
1	 28	  37
0.9287360818384888	 0.07980434473868446	 -0.3620504893687079	 1.6713232187333364	 
-0.011432231555917018	 0.9822578899394843	 0.18718638233932522	 -0.12433711157475733	 
0.3705652363254594	 -0.16970770227794998	 0.9131706858055589	 0.672000203895931	 
0.0	 0.0	 0.0	 1.0	 
2	 3	  37
0.999997012909158	 0.0005099455452132643	 -0.0023904242931232582	 0.17655203490807506	 
-0.0005001872526997999	 0.9999915473260659	 0.004081064705795004	 -0.015815375640324186	 
0.002392485208412775	 -0.004079856855523864	 0.9999888153287345	 0.7516271541049716	 
0.0	 0.0	 0.0	 1.0	 
2	 5	  37
0.8223131866158805	 0.2846863618915016	 -0.49270142933689404	 0.9162523304903103	 
-0.19471670414321526	 0.9543600483890488	 0.22645596297394716	 -0.3877715411957578	 
0.5346834841710012	 -0.09028052609414296	 0.8402160426717195	 1.7484056008018405	 
0.0	 0.0	 0.0	 1.0	 
2	 8	  37
-0.7574299743067717	 -0.14833987522686826	 0.6358420522734554	 -1.1703772099245453	 
0.12137179325506574	 -0.9888642969765447	 -0.08611788413060917	 1.6051149924176473	 
0.6415362201962505	 0.011945023347009691	 0.7669997357193463	 0.3666019553076211	 
0.0	 0.0	 0.0	 1.0	 
3	 4	  37
0.9835442536495433	 0.019493354524447032	 -0.1796126672658351	 0.4379332800673615	 
-0.012877052307686205	 0.9991974577371143	 0.03792917050969179	 -0.046748867532118724	 
0.1802078872769682	 -0.03499213598899595	 0.9830059347644349	 0.5018783541441836	 
0.0	 0.0	 0.0	 1.0	 
3	 5	  37
0.8834786867335844	 0.20270716400104125	 -0.42234490141370856	 0.5791424831036037	 
-0.15093929775857107	 0.9766312150661316	 0.15299934036001916	 -0.2540192986602945	 
0.4434892766230654	 -0.07142321346107652	 0.8934293402945994	 0.9001420691446447	 
0.0	 0.0	 0.0	 1.0	 
3	 6	  37
0.6762034469069539	 0.2505185372095905	 -0.6928126448799279	 1.0358751869462606	 
-0.1848390547102269	 0.9680196400699176	 0.1696245863450699	 -0.2680318900448902	 
0.7131503503785046	 0.013358104404195707	 0.7008838268941169	 0.8060135054528854	 
0.0	 0.0	 0.0	 1.0	 
4	 5	  37
0.9209958608296437	 0.10180533363437042	 -0.37603496962152044	 0.44814712354763353	 
-0.08216503231056337	 0.9942996458809499	 0.06794940519548351	 -0.14989884313989169	 
0.3808090489997148	 -0.031684195502022575	 0.924110696808191	 0.4296675524775127	 
0.0	 0.0	 0.0	 1.0	 
4	 6	  37
0.7161271558799565	 0.20975395098196625	 -0.6657065244225416	 0.8467535392872879	 
-0.18430122418972428	 0.9767512414592894	 0.10949918296455916	 -0.18534104811692154	 
0.6731975604333806	 0.04427518893457188	 0.7381359984930652	 0.3508263036901222	 
0.0	 0.0	 0.0	 1.0	 
4	 7	  37
0.516991690151006	 0.14029125196531253	 -0.8444157488682994	 1.127036771919767	 
-0.13968991075129597	 0.9870812363621718	 0.07846885787382002	 -0.330019107409695	 
0.8445154357080167	 0.07738861313999616	 0.5299100691694463	 0.24537020074095825	 
0.0	 0.0	 0.0	 1.0	 
5	 6	  37
0.9380893379267504	 0.08964470521801665	 -0.33459261930671136	 0.32428477798627664	 
-0.08503691045732764	 0.9959722073280654	 0.028426855083412444	 -0.03406489141528365	 
0.33579326665081244	 0.0017857929431291772	 0.941934017336427	 -0.22329529670203077	 
0.0	 0.0	 0.0	 1.0	 
5	 7	  37
0.7694805320455904	 0.17816196964939232	 -0.613317228987971	 0.6335393408731957	 
-0.2085031245640651	 0.9777642889948392	 0.02243751798745388	 -0.1366735912425182	 
0.603677196728397	 0.11061332531419779	 0.7895179126613147	 -0.43614336984506286	 
0.0	 0.0	 0.0	 1.0	 
5	 8	  37
0.7336961564902771	 -0.0086500282775679	 -0.6794226423679094	 0.6763240085943454	 
-0.12359035462390507	 0.9815402583107913	 -0.14595939695381735	 0.10485212303227456	 
0.6681432288030256	 0.19105993385841474	 0.7190832549007702	 -0.7544512631029578	 
0.0	 0.0	 0.0	 1.0	 
6	 7	  37
0.9527696662307384	 -0.004903521489034872	 -0.3036542747724354	 0.2561227931424181	 
-0.02302570142393524	 0.9958252574172097	 -0.08832821612533165	 -0.005007960656646927	 
0.30281971564695515	 0.0911482976635005	 0.9486791911118022	 -0.3199697879669664	 
0.0	 0.0	 0.0	 1.0	 
6	 8	  37
0.8824706219162228	 0.019043752007708203	 -0.4699818474837754	 0.38975086351619725	 
-0.0752264956812064	 0.9920328805153705	 -0.10105314603663429	 -0.04866401016239288	 
0.4643130148965448	 0.12453152004952314	 0.8768724677579032	 -0.6051271174613595	 
0.0	 0.0	 0.0	 1.0	 
7	 8	  37
0.9816018875322144	 0.005514276472218177	 -0.19085944343463937	 0.08601288036848252	 
-0.026278196993662826	 0.9939726024073694	 -0.10643271126060391	 0.12799791007648323	 
0.18912215828917187	 0.10948999232125604	 0.9758302879217963	 -0.33750318660617806	 
0.0	 0.0	 0.0	 1.0	 
9	 10	  37
0.9847067275801961	 0.0005845369665251045	 -0.17421916936674112	 0.2642977788636529	 
0.003983804879624804	 0.9996573528114517	 0.025870954150987946	 -0.02670074635807694	 
0.17417459618722708	 -0.026169357778444015	 0.9843669919072259	 -0.033910095252737395	 
0.0	 0.0	 0.0	 1.0	 
9	 11	  37
0.9997893321924642	 -0.014418273176265112	 -0.014608375431952602	 -0.003325670480783325	 
0.015509970226234475	 0.9968637123415419	 0.07760270510891333	 0.02071385914001678	 
0.013443662362898293	 -0.07781293218517277	 0.9968773322365285	 0.32469808187577287	 
0.0	 0.0	 0.0	 1.0	 
10	 11	  37
0.9861240316878175	 -0.05969027468979507	 0.15490792502393474	 -0.16927500973709902	 
0.049912888541098974	 0.9965532022061303	 0.06626023490896224	 -0.00754348747711991	 
-0.15832908035243543	 -0.05760890799315539	 0.9857043755784934	 0.36641571318640187	 
0.0	 0.0	 0.0	 1.0	 
14	 15	  37
0.9946589558923439	 0.04118714927143755	 -0.09464238055989888	 0.17428082793375962	 
-0.03812684534406664	 0.998697037542828	 0.03392006585029724	 -0.04680340349614751	 
0.09591613590664462	 -0.03013048187585479	 0.9949332886855613	 0.1312682084859627	 
0.0	 0.0	 0.0	 1.0	 
14	 16	  37
0.9920834755087833	 0.005715699401842314	 -0.12545002352634158	 0.13903183551334672	 
0.00148887617828204	 0.9983581278481362	 0.05726108458010691	 -0.03658951618131574	 
0.12557133777314655	 -0.05699455535322806	 0.9904460913093396	 0.17270666895995637	 
0.0	 0.0	 0.0	 1.0	 
14	 17	  37
0.9164764924585129	 0.09958333387348799	 -0.38749709468018273	 0.35322074600268827	 
-0.08725539003506955	 0.9949639599251968	 0.04932763282175016	 -0.09249359424015773	 
0.39045785391098137	 -0.011396405775983401	 0.920550262753002	 0.7326716001823056	 
0.0	 0.0	 0.0	 1.0	 
15	 16	  37
0.9984644551438726	 -0.03998314157953701	 -0.03834162494833224	 -0.004996501272356251	 
0.04118230624706943	 0.9986702154816308	 0.031013196578955834	 0.02316773585530835	 
0.03705063381941602	 -0.03254457096510941	 0.9987833105505296	 0.037450299371564764	 
0.0	 0.0	 0.0	 1.0	 
15	 17	  37
0.9904951673522765	 0.07792460970226306	 0.11334495425265198	 -1.00968096613775	 
-0.09076933558930975	 0.9894436353322966	 0.11296999697744595	 -0.44852419216462414	 
-0.10334530065978362	 -0.12218448225187543	 0.9871123042128388	 0.34457869772071104	 
0.0	 0.0	 0.0	 1.0	 
16	 17	  37
0.9604022859862881	 0.10654579568365695	 -0.25744017265075003	 0.24354447842095514	 
-0.11863309569272097	 0.9924275783073768	 -0.031838505324787235	 -0.03950606982141164	 
0.2520984682196091	 0.061118697933539315	 0.9657695724572376	 0.5185450954575315	 
0.0	 0.0	 0.0	 1.0	 
17	 18	  37
0.9713747554044883	 0.0031963316512807777	 -0.2375307727997475	 0.25202059598933174	 
0.020684799303767588	 0.9949735236078959	 0.09797870379347746	 -0.1302886474613701	 
0.2366500024099578	 -0.10008731579606986	 0.9664260476498473	 0.619493266535994	 
0.0	 0.0	 0.0	 1.0	 
18	 19	  37
0.8840204597710686	 0.05187975380354868	 -0.46456034898754506	 0.31571243629476287	 
-0.03936899707243263	 0.9985543070964241	 0.03659751150951916	 -0.10961142912177921	 
0.46578740727466766	 -0.014063673931863219	 0.8847848915413732	 0.5924881593819633	 
0.0	 0.0	 0.0	 1.0	 
19	 20	  37
0.9250117703110714	 0.023883163625071743	 -0.37918705051891827	 0.31501333280468213	 
-0.029752188068340863	 0.9995109646537281	 -0.009624907382389287	 -0.044676447657533806	 
0.3787717414104762	 0.02018479705698239	 0.9252699832355115	 0.15994243756692067	 
0.0	 0.0	 0.0	 1.0	 
19	 21	  37
-0.8472720689642961	 -0.08809307648187885	 0.5238030651198206	 -2.0047257615440897	 
0.16436827357579034	 0.8942613411687199	 0.41626881258729503	 -1.2562890749045539	 
-0.5050872318666108	 0.43878954359360045	 -0.7432029498315015	 5.239507960106534	 
0.0	 0.0	 0.0	 1.0	 
20	 21	  37
-0.9991176772353054	 0.03472741322131829	 0.02361935238071625	 0.3818224148325534	 
0.03856531919523426	 0.9813101378581283	 0.18852885586092707	 -0.4442073857285131	 
-0.016630790459215453	 0.18927340042334617	 -0.9817835793599751	 5.860799682575186	 
0.0	 0.0	 0.0	 1.0	 
21	 22	  37
0.9379868119969045	 0.025012475804928973	 -0.3457674313378738	 0.06484508180920831	 
-0.014916353198626556	 0.9993819951736018	 0.03182970515232619	 0.04438399516876202	 
0.346349885126496	 -0.02469825453221397	 0.9377802265434713	 -0.13366492861396087	 
0.0	 0.0	 0.0	 1.0	 
22	 23	  37
0.9937687823871544	 0.06650931768050192	 -0.08944337770022712	 -0.05645588629774021	 
-0.05462583885558254	 0.9900992545454911	 0.12930384324445102	 0.011864772069140673	 
0.09715773197268093	 -0.1236122033220668	 0.9875628579021125	 0.007057264793408948	 
0.0	 0.0	 0.0	 1.0	 
22	 24	  37
0.9253393963415534	 0.0857386802040877	 -0.3693181288470846	 0.2614619587869886	 
-0.03794982191321948	 0.9901482458233558	 0.13478227743174045	 -0.009971196628295311	 
0.37723575201060344	 -0.11070379401715566	 0.9194769477236512	 0.48994773230393385	 
0.0	 0.0	 0.0	 1.0	 
23	 24	  37
0.9604814328413839	 0.053494782889137366	 -0.2731551305954289	 0.3385773967177773	 
-0.04937120414917313	 0.9985392129554772	 0.021952776387431896	 -0.11155313534641566	 
0.2739304681261699	 -0.007599236402425596	 0.9617194758547198	 0.4791387133010147	 
0.0	 0.0	 0.0	 1.0	 
23	 25	  37
0.931831157764239	 0.06818554282076149	 -0.35642870980042574	 0.5105163991469094	 
-0.04596573545195676	 0.9964554652186502	 0.07045322561986447	 -0.2686529628147879	 
0.3599692272738306	 -0.0492670030154147	 0.9316624484381459	 0.8307595435263114	 
0.0	 0.0	 0.0	 1.0	 
24	 25	  37
0.9802233727346301	 0.07483605408744105	 -0.18319853862235988	 0.4324711449141672	 
-0.07026756200897546	 0.9970366119830365	 0.031312363288380766	 -0.16726774610137074	 
0.18499894398093605	 -0.017820195678227863	 0.9825771376090165	 0.33088230957830655	 
0.0	 0.0	 0.0	 1.0	 
25	 26	  37
0.9149242701651619	 0.14692478948290744	 -0.3759344172833213	 0.3806124187283443	 
-0.1523644163288923	 0.988204376436143	 0.015401137270047275	 -0.12437544698153928	 
0.37376284526354786	 0.04318815379080355	 0.9265182776786643	 0.4481878761100999	 
0.0	 0.0	 0.0	 1.0	 
26	 27	  37
0.946169660653797	 0.037891960238012154	 -0.32144544266111486	 0.29829217594961455	 
-0.03226255857848828	 0.9992188028026023	 0.02282348439008158	 -0.12296866403597399	 
0.3220591569451935	 -0.011224236056658425	 0.9466530071534639	 0.3699036548981947	 
0.0	 0.0	 0.0	 1.0	 
26	 28	  37
0.977459256708996	 0.09374978769729977	 -0.1891675944251739	 0.16654253546147268	 
-0.08404735380576246	 0.9947316462571046	 0.05869407340506357	 -0.4690193548838602	 
0.19367354954186358	 -0.04147202962649916	 0.9801890771511957	 0.8342598481354667	 
0.0	 0.0	 0.0	 1.0	 
27	 28	  37
0.9932646258034324	 -0.06693274571312163	 0.0945800754856458	 0.11775010675947767	 
0.06786542112556203	 0.9976721505537951	 -0.006675674109490794	 -0.13047813581807746	 
-0.09391308611167079	 0.013049427599269992	 0.9954948742692314	 0.4894334128218595	 
0.0	 0.0	 0.0	 1.0	 
29	 30	  37
0.9486899689176842	 -0.07946893654988207	 0.3060588685181238	 0.01838063606067128	 
0.02982284802321313	 0.9860766402808027	 0.1635954071125124	 -0.05791038475923488	 
-0.3147982538241719	 -0.14607377456667284	 0.9378510072357426	 0.39103669408431646	 
0.0	 0.0	 0.0	 1.0	 
30	 31	  37
0.9537437983268557	 -0.00176057127600038	 0.3006154812078782	 -0.07373299887358523	 
0.0037401046583580566	 0.9999749479355081	 -0.006009585553239151	 -0.021498371404864037	 
-0.30059736986575014	 0.006855938313556591	 0.9537264897965418	 0.6706476002728051	 
0.0	 0.0	 0.0	 1.0	 
31	 32	  37
0.8389129720292396	 -0.04323721746880475	 0.5425454528301037	 -0.4090164291393992	 
0.03849351329558229	 0.9990567281154957	 0.020097349111822118	 -0.007191720423927712	 
-0.5429026384124775	 0.004024553728665191	 0.8397860014146784	 0.25863601278862264	 
0.0	 0.0	 0.0	 1.0	 
31	 33	  37
0.615005494328453	 -0.10372853991820208	 0.781670411332201	 -1.0991728716954359	 
0.0880410171017242	 0.994144430801708	 0.06265484828519824	 0.0028714549852646336	 
-0.7835923820798084	 0.030285982110297816	 0.6205366532559586	 0.26947287618293175	 
0.0	 0.0	 0.0	 1.0	 
31	 34	  37
0.39128406999720167	 0.009019395622054997	 0.9202257478842011	 -1.5150807109040476	 
0.08565921714510853	 0.9952538078206856	 -0.04617744618872681	 0.030564169691229007	 
-0.9162746722923822	 0.09689431624733422	 0.38865436623618393	 0.47104132399412174	 
0.0	 0.0	 0.0	 1.0	 
31	 35	  37
0.542835901462525	 0.09980884837947739	 0.8338869095198286	 -1.183307655658936	 
0.09965581869381969	 0.978242954274367	 -0.1819599961887879	 0.14774797620212463	 
-0.8339052115701356	 0.18187610122751546	 0.5210788634347456	 0.07055609140549382	 
0.0	 0.0	 0.0	 1.0	 
31	 36	  37
0.6525212029656926	 0.06637476214840976	 0.7548579141997181	 -1.1670770161964488	 
0.11287576901141473	 0.9765290730175381	 -0.18343944592586733	 -0.021879439982479168	 
-0.7493164488053681	 0.20490329548655253	 0.6297138231359249	 0.010009088162913057	 
0.0	 0.0	 0.0	 1.0	 
31	 37	  37
0.3224762972197084	 -0.012446808080638501	 0.9464957024202866	 -1.7801012952242923	 
0.060751854964885416	 0.9981241734422034	 -0.0075727477604975385	 0.110150439101862	 
-0.9446259841068277	 0.059943401295908715	 0.32262755429641465	 0.7351864410348671	 
0.0	 0.0	 0.0	 1.0	 
32	 33	  37
0.9566447161619615	 -0.031684959669756624	 0.28952884203499757	 -0.4842942914354146	 
0.030103726594813723	 0.9994976101345261	 0.009914281642000781	 0.0752681505795512	 
-0.28969751929297816	 -0.0007685480454270365	 0.9571179429147677	 -0.38013422171794126	 
0.0	 0.0	 0.0	 1.0	 
32	 34	  37
0.8675760091976611	 -0.0466725338312792	 0.4951096271033613	 -0.8403228949956759	 
0.0966952086716058	 0.9924169333764838	 -0.07588588121364652	 0.12672508069217953	 
-0.4878133914568316	 0.1137114986858637	 0.8655101329169981	 -0.4559270098919423	 
0.0	 0.0	 0.0	 1.0	 
32	 35	  37
0.8669843004336257	 0.06121920421215075	 0.49456084745686113	 -0.86022874837661	 
0.038139873174507975	 0.981363277196476	 -0.18833870617699655	 0.0759631574395647	 
-0.49687379974783374	 0.18214918941851924	 0.8484916616669415	 -0.5037597732934959	 
0.0	 0.0	 0.0	 1.0	 
32	 36	  37
0.9253452759178354	 0.02481861885719664	 0.3783122473494164	 -0.8038266197951212	 
0.07277265170897672	 0.9676724215418849	 -0.24148338607554082	 0.08364750882520526	 
-0.37207561261091615	 0.2509862959312442	 0.8936249872037626	 -0.5412188592244347	 
0.0	 0.0	 0.0	 1.0	 
32	 37	  37
0.8931664071230022	 0.04103108288391576	 0.44785066643286436	 -0.8791069817476702	 
-0.02259889472949385	 0.9986660828611116	 -0.046425692238762646	 0.10538394480393201	 
-0.4491581671794389	 0.031344938669844204	 0.8929022542673924	 -0.5081621669600394	 
0.0	 0.0	 0.0	 1.0	 
33	 34	  37
0.9752669933972623	 -0.02538642203394545	 0.21956734995481206	 -0.3240592363071087	 
0.05194304120347315	 0.9918857649029167	 -0.11603684696461791	 0.09408701979244066	 
-0.21483996848910308	 0.12457190276812147	 0.9686720956961294	 -0.1739652862589141	 
0.0	 0.0	 0.0	 1.0	 
33	 35	  37
0.9720020533708856	 0.005329937642584391	 0.23491189839492413	 -0.3396697196518872	 
0.04925519970102596	 0.9729093135651439	 -0.2258791554805639	 0.07817935442106452	 
-0.229751895629161	 0.2311256354083787	 0.9454073233859994	 -0.21880929408809527	 
0.0	 0.0	 0.0	 1.0	 
33	 36	  37
0.9954829817903044	 -0.009217790039949242	 0.09449161503892267	 -0.25074640534556836	 
0.03602284963301608	 0.9575229125782073	 -0.2860982806520587	 0.11278303223209873	 
-0.08784069256444686	 0.2882098267487187	 0.9535298152104483	 -0.24964162964551845	 
0.0	 0.0	 0.0	 1.0	 
33	 37	  37
0.9808383998470653	 0.03622329551341116	 0.1914259811195857	 -0.38471891294888655	 
-0.02601606822705255	 0.9981158109713067	 -0.05556970472384348	 0.04312653924348048	 
-0.19307821622195814	 0.049524748876071174	 0.979932702622638	 -0.2444939622507961	 
0.0	 0.0	 0.0	 1.0	 
34	 35	  37
0.9999404260479923	 0.01080441031041407	 0.0015521188112642926	 0.03883411205359045	 
-0.010492612223550938	 0.9906374781150133	 -0.13611499565681004	 0.05378986177320346	 
-0.0030082293274019943	 0.1360906009677798	 0.9906918284131258	 -0.04218642261467132	 
0.0	 0.0	 0.0	 1.0	 
34	 36	  37
0.9910016992784825	 -0.0029851644726233344	 -0.13381599612987843	 0.10405593467493203	 
-0.019461455685480022	 0.985913563629761	 -0.1661195256237749	 -0.020675248529838736	 
0.13242689972117594	 0.1672289862551864	 0.9769839212526994	 -0.057891831346520775	 
0.0	 0.0	 0.0	 1.0	 
34	 37	  37
0.9954848100191563	 0.08073592038788434	 -0.04991697286740447	 0.020197398981231907	 
-0.07846475302584092	 0.9958596755426982	 0.04589977299057652	 -0.01743794963458285	 
0.05341606082179602	 -0.041775803847608206	 0.9976981039669104	 -0.054648260364096306	 
0.0	 0.0	 0.0	 1.0	 
35	 36	  37
0.9930238568656706	 0.0022048445080420165	 -0.11789299536581047	 0.011157823350324381	 
-0.003907208273425703	 0.999891388483703	 -0.014210733958534009	 -0.12127013131379502	 
0.11784885837009959	 0.014572230331268006	 0.9929246178255609	 -0.016476505887540495	 
0.0	 0.0	 0.0	 1.0	 
35	 37	  37
0.9973932718966484	 0.0632612715010841	 -0.03470839528649837	 -0.07277570197664462	 
-0.056439787135670466	 0.9836556362753575	 0.1709857878649594	 -0.025481332775138102	 
0.04495788699858938	 -0.16858113996466748	 0.9846619661817115	 -0.024583352887834385	 
0.0	 0.0	 0.0	 1.0	 
36	 37	  37
0.9944368660388244	 0.05372259886790498	 0.09060464576255733	 -0.09108389204444714	 
-0.07154964583956318	 0.9757795118949034	 0.20672443577471922	 0.02833737532133535	 
-0.07730438307827982	 -0.21205713036118587	 0.9741949526762418	 0.00538693753814661	 
0.0	 0.0	 0.0	 1.0	 
