0	 1	  37
0.998125062973318	 0.04185144621074186	 -0.044663353149757334	 -0.1176170703754954	 
-0.041250161827986125	 0.9990465014184815	 0.014300774547437315	 -0.03933637414580553	 
0.045219274802626906	 -0.012431590950520256	 0.9988997310705238	 0.10856750556242223	 
0.0	 0.0	 0.0	 1.0	 
0	 2	  37
0.9615379804930185	 0.10993626914451661	 -0.25171159845344865	 -0.3944919991671429	 
-0.09262320594682776	 0.9925093373612995	 0.07966277029305965	 -0.22721789014737742	 
0.2585839395429215	 -0.05328444404530902	 0.9645180735648469	 0.3474174839256121	 
0.0	 0.0	 0.0	 1.0	 
0	 3	  37
0.9333193917686631	 0.09707155857986427	 -0.34567618584948784	 -0.29201726789363913	 
-0.1281177586780916	 0.98942018106684	 -0.0680701491768865	 -0.5190683851883813	 
0.3354113189203299	 0.10781844838680209	 0.9358816321135848	 0.6159732227730698	 
0.0	 0.0	 0.0	 1.0	 
0	 4	  37
0.9800302336820198	 -0.08027227925679042	 0.1819260900807934	 -0.07766759582203199	 
0.0926772850813288	 0.9938423766808925	 -0.06073097350799046	 -0.4880901919566668	 
-0.175930844081188	 0.07637860627292171	 0.9814349935704785	 0.4914657464355697	 
0.0	 0.0	 0.0	 1.0	 
0	 5	  37
0.9511356989113995	 -0.19082756825602493	 0.24274620789996926	 0.1439210687490094	 
0.22277800017387833	 0.9684641340996436	 -0.111566946723279	 -0.2016521872096671	 
-0.21380094689886284	 0.16019382059280404	 0.9636529950916098	 0.3259253947465565	 
0.0	 0.0	 0.0	 1.0	 
0	 6	  37
0.9627617548692758	 -0.10051110497456281	 0.25097274979133727	 0.43237235267340896	 
0.1202790685651658	 0.9906314265865387	 -0.06467087694020496	 -0.02151931303909546	 
-0.24212135185920478	 0.09244941555202701	 0.9658314327759066	 0.3015818855991569	 
0.0	 0.0	 0.0	 1.0	 
0	 10	  37
0.9999150032261178	 -0.007550855762374537	 -0.010628777002441648	 0.7111454356319731	 
0.006902095540906762	 0.9981862314787843	 -0.05980475201292116	 -0.19837497677025406	 
0.011061075917649538	 0.059726307967583374	 0.9981535055972628	 0.17219149241476756	 
0.0	 0.0	 0.0	 1.0	 
0	 11	  37
0.9738327165083892	 -0.22125429221973061	 0.0519266639813951	 0.48312323703471116	 
0.2220594389822002	 0.9749796431712967	 -0.01021278416891125	 -0.2624344381434731	 
-0.04836781798677085	 0.021476349222251126	 0.9985986784526012	 0.371513500565865	 
0.0	 0.0	 0.0	 1.0	 
0	 12	  37
0.9826265552166731	 -0.17130533888151303	 -0.07141102053398024	 0.17394279715767363	 
0.17024498041605057	 0.9851837970439399	 -0.020725170330396347	 -0.3451254248943122	 
0.07390331268727549	 0.008207734935737917	 0.9972316348076166	 0.6553367028578966	 
0.0	 0.0	 0.0	 1.0	 
0	 13	  37
0.9763769273966174	 -0.10643804002371149	 -0.18803999384027478	 -0.08878828236541544	 
0.10704368256583177	 0.9942299520363256	 -0.006960782757101821	 -0.4526878615556943	 
0.18769588613042434	 -0.013332145729664806	 0.9821367054641418	 0.6938280657525928	 
0.0	 0.0	 0.0	 1.0	 
0	 14	  37
0.973273085475134	 -0.22368464780503458	 -0.05200653253245444	 -0.2877618432215129	 
0.22468067425927357	 0.9743305468852902	 0.014091842342629453	 -0.5104706220735149	 
0.0475194244926192	 -0.025400073672119147	 0.9985473151300048	 0.9717233139356583	 
0.0	 0.0	 0.0	 1.0	 
0	 15	  37
0.8637905592001273	 -0.4595006334998414	 0.20670035715977203	 -0.07734677726886567	 
0.4159435561557063	 0.8818399125620736	 0.22214708349438272	 -0.6817831293672111	 
-0.2843533504801337	 -0.10591287186060007	 0.952851318750708	 1.0241741895005383	 
0.0	 0.0	 0.0	 1.0	 
0	 19	  37
0.8067566951818891	 -0.3436274799362945	 0.4806909504159902	 0.06166299113703965	 
0.37985262273961795	 0.9247472184269594	 0.023549246472750984	 -0.21655996090312238	 
-0.45260978754002856	 0.16359320598433266	 0.8765738093159856	 0.29795504790987576	 
0.0	 0.0	 0.0	 1.0	 
0	 26	  37
0.8230861359962067	 -0.471519721315755	 -0.316541253458608	 0.8032992601879765	 
0.46585535537039935	 0.8793560194588005	 -0.09854835825265247	 0.2901030794150345	 
0.32481995105527645	 -0.0663486507164059	 0.943445735559052	 0.07934864622893897	 
0.0	 0.0	 0.0	 1.0	 
0	 27	  37
0.30867567983559674	 0.25835947123945097	 -0.9154068539719943	 2.1262691556818694	 
-0.2456201152406945	 0.9514130798941168	 0.1856984393998469	 -0.5823196867664154	 
0.9189070049070152	 0.16752174493856611	 0.3571363623401542	 1.3426242992941957	 
0.0	 0.0	 0.0	 1.0	 
0	 28	  37
0.1490249509890584	 0.35200056783496236	 -0.9240601518443337	 1.5513464793804124	 
-0.2721596840418316	 0.9130036409568592	 0.3038971174291882	 -1.0252742104601436	 
0.9506422409955073	 0.20620366593099956	 0.23186068617093608	 1.7792109144900958	 
0.0	 0.0	 0.0	 1.0	 
0	 29	  37
-0.7048313571217385	 0.06546544868261397	 0.7063476715093722	 -1.115225066386107	 
0.42519528480245566	 -0.7580497076490952	 0.4945397966947449	 -2.185676087955908	 
0.5678219155683288	 0.6489028554120448	 0.5064616041107246	 2.244433589850442	 
0.0	 0.0	 0.0	 1.0	 
0	 31	  37
-0.8283147048013122	 -0.09646638168347137	 0.5518958117387853	 0.15754883900428676	 
0.5562551037371579	 -0.25921634803963545	 0.7895486967093027	 -2.1118887578151435	 
0.06689551088285102	 0.9609896576518883	 0.2683726299566127	 2.6280824461050454	 
0.0	 0.0	 0.0	 1.0	 
0	 32	  37
-0.5392000942880595	 0.6926139471802636	 -0.47911290787362687	 0.08876301705715545	 
-0.4181664424301236	 0.273631751122671	 0.8661769398932729	 -1.3580472980993168	 
0.7310267332629372	 0.6673916278684618	 0.1420856442643054	 1.717342838269184	 
0.0	 0.0	 0.0	 1.0	 
0	 37	  37
0.38591412586207263	 -0.7156768276067008	 0.5821313991590907	 -0.17390614392776163	 
0.5606520921970037	 0.6830581017583521	 0.46808210939684425	 -1.1032494630147855	 
-0.7326250875961282	 0.14573368879255588	 0.664847480987692	 1.1070720982091573	 
0.0	 0.0	 0.0	 1.0	 
0	 38	  37
0.6350182323394691	 -0.6113659334879498	 0.4722113297739306	 -0.4187056934396323	 
0.38575172841645305	 0.7805682740092735	 0.49184222433001984	 -0.9257215051907345	 
-0.6692887632555728	 -0.13017244324583643	 0.7315105511195543	 0.7502928895500622	 
0.0	 0.0	 0.0	 1.0	 
0	 39	  37
0.6951215389010346	 -0.4709690061940899	 0.5431337232766973	 -0.3666073521124859	 
0.29924938660233474	 0.8765122011387613	 0.37706254901940367	 -0.6928942746954193	 
-0.6536481092866269	 -0.09957186580272087	 0.7502196963334016	 0.4071188759116325	 
0.0	 0.0	 0.0	 1.0	 
0	 41	  37
0.9700615832748444	 -0.052603841777472786	 -0.23709356904933612	 -0.5436127152336357	 
-0.03732737075728014	 0.9323645895652458	 -0.35958717930034595	 -0.3028612201926178	 
0.23997331528036717	 0.35767178803350025	 0.9024875068377779	 -0.011644692510519822	 
0.0	 0.0	 0.0	 1.0	 
1	 2	  37
0.9661156664321101	 0.04600608288500358	 -0.253976296949177	 -0.19497330828952864	 
-0.039985131754935885	 0.9987845251692156	 0.028821199160420585	 -0.17401377814896837	 
0.25499354563003906	 -0.017689336338098757	 0.9667809364416211	 0.23637630708481444	 
0.0	 0.0	 0.0	 1.0	 
1	 3	  37
0.9373982920341659	 0.07755924352687031	 -0.33951289494652126	 -0.07041809798658073	 
-0.1323060003580867	 0.9811042703215778	 -0.1411719980237223	 -0.3846937414104091	 
0.3221483576873763	 0.17725398303085738	 0.9299470206087133	 0.46165542407690885	 
0.0	 0.0	 0.0	 1.0	 
1	 4	  37
0.9674435949920618	 -0.13543462379189875	 0.21379979697647888	 0.08938191736891359	 
0.1531435773478068	 0.9858278492517443	 -0.06848719848845801	 -0.4662459481229246	 
-0.2014942560619358	 0.09899956726182128	 0.9744737813076451	 0.3833439283637204	 
0.0	 0.0	 0.0	 1.0	 
1	 5	  37
0.9253651429986886	 -0.21066248408412214	 0.3151518204334582	 0.21998572511508374	 
0.2540856477268373	 0.9616555200684784	 -0.10324313217379906	 -0.18729056458886578	 
-0.28131803309110737	 0.17561315019476778	 0.9434088115639043	 0.19319055665806167	 
0.0	 0.0	 0.0	 1.0	 
1	 10	  37
0.9983178713744193	 -0.031661175533417164	 0.048569513671542476	 0.8140901219974198	 
0.03484859667608958	 0.9971944603859346	 -0.06624789419530122	 -0.12852241646331192	 
-0.04633576377006458	 0.06782903610878403	 0.9966203985753036	 0.02364893320497232	 
0.0	 0.0	 0.0	 1.0	 
1	 11	  37
0.9635943773970396	 -0.2527824691809124	 0.08710280778260437	 0.6182433951702996	 
0.25559235732144586	 0.9665206238151924	 -0.022592711629134777	 -0.20587470999680987	 
-0.07847561868299219	 0.04403302186645986	 0.9959431059340833	 0.22821502766077234	 
0.0	 0.0	 0.0	 1.0	 
1	 12	  37
0.9782185714844478	 -0.20498451003436738	 -0.03270744638299994	 0.3450637488129982	 
0.20394017500052222	 0.9784397406594755	 -0.03262022254637447	 -0.308665368985141	 
0.038688905692497014	 0.025239345161649954	 0.9989325022403304	 0.5258040121830267	 
0.0	 0.0	 0.0	 1.0	 
1	 13	  37
0.9776129596285373	 -0.17682210044579613	 -0.11404756008029626	 -0.005038798160769354	 
0.1734357145894018	 0.984071067956697	 -0.0390408262646802	 -0.3926849532109132	 
0.11913418514933304	 0.018386897631253524	 0.9927078965759776	 0.5468259973861505	 
0.0	 0.0	 0.0	 1.0	 
1	 14	  37
0.966245878738272	 -0.2575877508661681	 -0.004177609964268604	 -0.13415752949621534	 
0.25747104590082603	 0.9661084891160846	 -0.0185215490866777	 -0.42488843516457264	 
0.00880694862249031	 0.016820756865984776	 0.9998197336492293	 0.8545710071302416	 
0.0	 0.0	 0.0	 1.0	 
1	 26	  37
-0.3577132824308806	 -0.2898146430026776	 0.8877210599471858	 -2.1458184640307767	 
0.2024567000782475	 0.9039437397873409	 0.3766921818842311	 -0.8456065285720527	 
-0.9116208050313194	 0.3144728732347301	 -0.2646777660354982	 1.6605011093512307	 
0.0	 0.0	 0.0	 1.0	 
1	 27	  37
-0.33625148985737685	 0.4310752535523737	 -0.8373225551383711	 3.029874787819562	 
0.7489090716054805	 0.6614765769629971	 0.039798751190604005	 0.7089587897253155	 
0.5710255143473978	 -0.6136960680207033	 -0.5452586524395718	 4.413375251351372	 
0.0	 0.0	 0.0	 1.0	 
1	 28	  37
0.3817089905095953	 0.2602054741828076	 -0.8868998578021334	 1.78153565584834	 
-0.2900741924976194	 0.9447998685987391	 0.1523488468701296	 -0.7262911542185961	 
0.8775848730527429	 0.1991138355341097	 0.4361174968834617	 1.2325585396037138	 
0.0	 0.0	 0.0	 1.0	 
1	 29	  37
0.2424285278796209	 0.20334183261524225	 -0.9486203181351301	 1.4037912027429194	 
-0.29436236832864837	 0.9471114751749561	 0.12779143047899458	 -0.9308156797295067	 
0.9244345325560205	 0.24825783512427888	 0.2894630240934709	 1.7973797494928847	 
0.0	 0.0	 0.0	 1.0	 
1	 31	  37
0.7210219228811822	 -0.6677683725381343	 0.18496698992656552	 0.4173282016538958	 
0.5566221491894362	 0.7171657614002928	 0.41933882923820986	 -0.5565703031990059	 
-0.41267319970705146	 -0.19939576553405183	 0.8887869029922942	 0.7005222668858221	 
0.0	 0.0	 0.0	 1.0	 
1	 32	  37
-0.49215198171197144	 -0.38471766981459954	 -0.7808833084586989	 1.0935719749622927	 
0.2733502220630989	 0.783369741081132	 -0.5582217344895607	 0.6502166099688811	 
0.8264781200945567	 -0.4881845586362838	 -0.28037431001085483	 2.6073160751558593	 
0.0	 0.0	 0.0	 1.0	 
1	 40	  37
0.9638981091273034	 0.04043406068506564	 -0.2631834378476819	 -0.1631772718833282	 
-0.11866936050486245	 0.950048570585874	 -0.28866121389113497	 -0.284171391688274	 
0.23836530388916763	 0.3094718085129128	 0.9205483048909339	 -0.3898277848996811	 
0.0	 0.0	 0.0	 1.0	 
1	 41	  37
0.839826805883326	 0.1518510772678476	 0.5211834479839171	 -2.7498787919929106	 
0.5331030424543659	 -0.411859152457635	 -0.7390353067768661	 1.7295315364599309	 
0.10243086568856241	 0.8985061429225023	 -0.4268426277737721	 3.1597911272107586	 
0.0	 0.0	 0.0	 1.0	 
2	 3	  37
0.9983846891644462	 0.012957929110316636	 -0.05531821142429894	 0.13114293316943026	 
-0.020306823370693117	 0.9907150499157601	 -0.13442962022933802	 -0.3154941237056127	 
0.05306265510321629	 0.1353358117557383	 0.9893778715383785	 0.19772528811514953	 
0.0	 0.0	 0.0	 1.0	 
2	 11	  37
0.8616337235822172	 -0.49267404613442844	 0.12190000267176355	 1.119781799294497	 
0.5057200768570912	 0.8536974163682738	 -0.12428968239477016	 0.3333666545924124	 
-0.04283141661797581	 0.16873946056470027	 0.9847296401545104	 -0.05456372607490736	 
0.0	 0.0	 0.0	 1.0	 
2	 12	  37
0.9419218918139158	 -0.2726067191348972	 0.19613446001200782	 0.617383910397917	 
0.29027340166098675	 0.9545776059832293	 -0.06725285453783578	 -0.06982402961080883	 
-0.16889198326105986	 0.12027955286679025	 0.9782680241898495	 0.15747260235806043	 
0.0	 0.0	 0.0	 1.0	 
2	 13	  37
0.9731985855279259	 -0.21063045488240226	 0.09230018744550987	 0.3680069323815843	 
0.21766852864794614	 0.9731973710311054	 -0.07421110869931925	 -0.21097987735086418	 
-0.0741951801849833	 0.09231299201183049	 0.9929619261296682	 0.24279042904444492	 
0.0	 0.0	 0.0	 1.0	 
2	 14	  37
0.9098438340101878	 -0.2967717909565936	 0.2900184508028039	 0.13691971830108227	 
0.31216502798780177	 0.950000610391805	 -0.00719969142206739	 -0.36883697120086534	 
-0.27338103996988766	 0.09708421265898047	 0.9569939721008534	 0.5433396862787728	 
0.0	 0.0	 0.0	 1.0	 
2	 26	  37
-0.9816562696725755	 -0.15199584766281027	 -0.1151009578838826	 0.07027190450908838	 
-0.1904902147640255	 0.7564747551867651	 0.6256671821697846	 -1.4189748900806978	 
-0.008027844771726198	 0.6361157182921884	 -0.7715519079426437	 2.9057385446233175	 
0.0	 0.0	 0.0	 1.0	 
2	 27	  37
0.6719481451759866	 0.35417145190934207	 -0.6504216116081785	 2.5105334408657747	 
-0.20538498436294875	 0.932906181167447	 0.29580917047617444	 -0.8598688572454514	 
0.7115495052298068	 -0.06518159089804318	 0.6996060761708821	 -0.21526692433671785	 
0.0	 0.0	 0.0	 1.0	 
2	 28	  37
0.2579686110626473	 0.3687420895651543	 -0.8930181784765253	 2.3830626410331854	 
-0.3498046971284437	 0.8972405614518972	 0.2694365393786836	 -0.8653297388703532	 
0.9006047243787287	 0.24287578361913045	 0.36044761638566425	 1.1287750256594735	 
0.0	 0.0	 0.0	 1.0	 
2	 29	  37
0.5259916458828103	 0.2718638578304579	 -0.8058677504820704	 1.9084296488383494	 
-0.29775862284746024	 0.9464305846651412	 0.12493578722841168	 -0.8413683792000223	 
0.7966634113485294	 0.17423889122678468	 0.5787643888514428	 0.9886388673511994	 
0.0	 0.0	 0.0	 1.0	 
2	 30	  37
-0.01204324169261762	 0.5691194310549345	 -0.8221666701619815	 1.1818308496317023	 
-0.30965532654678923	 0.7796842378220469	 0.5442481676892045	 -1.5645191686944833	 
0.9507726011359051	 0.26114280094914033	 0.1668409375474236	 1.7840333436783333	 
0.0	 0.0	 0.0	 1.0	 
2	 31	  37
-0.12504922740170385	 0.5381946681155567	 -0.8334921654930078	 0.8787649500209711	 
-0.5039166546654068	 0.6892094388336945	 0.5206326483936341	 -1.1211515321231784	 
0.8546523830640519	 0.48511529416678895	 0.18502014887143503	 1.4251653419887005	 
0.0	 0.0	 0.0	 1.0	 
2	 40	  37
0.9949148956985325	 -0.0712583925259067	 0.07117999586822985	 -0.22718508730392376	 
0.0940988702166763	 0.9096229031060968	 -0.40463758694513363	 0.12632817887360376	 
-0.03591313048346716	 0.409277919804452	 0.9117027099989432	 -0.5780638853094119	 
0.0	 0.0	 0.0	 1.0	 
2	 41	  37
0.9905128375931815	 -0.1283427828059937	 0.04911668417876112	 -0.2177632580065241	 
0.13572053455424363	 0.8576004477869041	 -0.49608608976266577	 0.093040518244758	 
0.02154657892597032	 0.49804578309359804	 0.8668830041471984	 -0.24703627416136217	 
0.0	 0.0	 0.0	 1.0	 
2	 42	  37
0.986589113013316	 -0.0935799900162861	 0.13373371883017962	 -0.1015525677959644	 
0.14078149833214887	 0.9024814250709198	 -0.40707228735117384	 -0.2765305550400736	 
-0.08259837656366484	 0.4204403202245395	 0.9035526798801128	 0.11966489898988869	 
0.0	 0.0	 0.0	 1.0	 
3	 4	  37
0.8467158822171664	 -0.18669941426854345	 0.4982123478126453	 0.17170678255390184	 
0.17885982690513	 0.9817945316497245	 0.06394263008482387	 0.03351579144907087	 
-0.5010802102664522	 0.034968933848210586	 0.8646940479411473	 -0.17168772504732355	 
0.0	 0.0	 0.0	 1.0	 
3	 5	  37
0.7789650191907951	 -0.2680860379569311	 0.5668715684611814	 0.24799289113215056	 
0.3131171853909056	 0.9495287216986065	 0.01878389954959185	 0.3249928800236682	 
-0.5432965369758603	 0.16286522932156833	 0.8235920045678383	 -0.4261581686096724	 
0.0	 0.0	 0.0	 1.0	 
3	 10	  37
0.939771578582669	 -0.20126931135816495	 0.2762608267446695	 0.8459916400504329	 
0.1986626513729418	 0.9793426934725964	 0.037696680109978134	 0.4607263503301289	 
-0.27814120701131495	 0.01945643973729712	 0.960343124052564	 -0.7615759052521907	 
0.0	 0.0	 0.0	 1.0	 
3	 11	  37
0.8529944028631233	 -0.41348471397700026	 0.3184822443897643	 0.6806511740551713	 
0.4028476119258095	 0.9095719977456023	 0.10194401641462855	 0.36486292730470926	 
-0.3318348237449707	 0.04134213618612368	 0.9424311526714895	 -0.5209145645832159	 
0.0	 0.0	 0.0	 1.0	 
3	 12	  37
0.9133968331897709	 -0.2909791032944932	 0.2846706633371827	 0.3927244221811299	 
0.27919488174050217	 0.9567188487526009	 0.08209301097782477	 0.2156269405445101	 
-0.2962371400226607	 0.004495095931256189	 0.9551038430368521	 -0.11784916843208733	 
0.0	 0.0	 0.0	 1.0	 
3	 13	  37
0.9453188516166053	 -0.2627218424339034	 0.19326019322767582	 0.13012167256424984	 
0.2604002345183705	 0.9647610719224812	 0.037786134570289225	 0.18573216840769338	 
-0.19637715407104028	 0.014605054300536185	 0.9804196579770513	 0.023399112313181154	 
0.0	 0.0	 0.0	 1.0	 
3	 14	  37
0.8791080124879309	 -0.37102711203478167	 0.299178850379918	 0.06780570075841079	 
0.35429513302457594	 0.9285799536544691	 0.1105180002812336	 0.05276820444068635	 
-0.3188166574923867	 0.008840351022116983	 0.9477751775074023	 0.33755532442713604	 
0.0	 0.0	 0.0	 1.0	 
3	 26	  37
-0.3953197455385836	 -0.9179458243919368	 0.033132495660879745	 0.2730340288047443	 
0.44032690754302867	 -0.1577271170865126	 0.8838746353579625	 -2.5432818506676855	 
-0.8061231377903152	 0.364002225291256	 0.4665488899377118	 1.0188707623068225	 
0.0	 0.0	 0.0	 1.0	 
3	 27	  37
0.6597660425854323	 0.24121061689472334	 -0.7117065458097345	 2.452361345978484	 
-0.2178766959787934	 0.9678046913159744	 0.12603104703268378	 0.21169397787650165	 
0.7191929604775911	 0.07191326556385266	 0.6910788434291856	 -0.2320675805878958	 
0.0	 0.0	 0.0	 1.0	 
3	 28	  37
0.5250437063838552	 0.2066126876835897	 -0.825615106254039	 2.1082871272255423	 
-0.12679701196205054	 0.9782481419901354	 0.16417396398437573	 -0.06724136990317647	 
0.8415768676384825	 0.018487021961656913	 0.5398209016653479	 0.4181546702919895	 
0.0	 0.0	 0.0	 1.0	 
3	 29	  37
0.5446587808119151	 0.19953875671429955	 -0.8145741814306362	 1.8258642442175723	 
-0.21118056208620523	 0.9726172376977594	 0.09704884919531644	 -0.16396683424579736	 
0.811633896951966	 0.1191637256135118	 0.5718832256820223	 0.8591124729553187	 
0.0	 0.0	 0.0	 1.0	 
3	 30	  37
0.35692615876737355	 0.6994569876696003	 -0.6191636613915072	 0.9191863148392434	 
-0.6163667071805168	 0.6743999357392877	 0.4065425057165524	 -0.8758073788750318	 
0.701922929862685	 0.23652621223664333	 0.6718329788407019	 0.6919139786444927	 
0.0	 0.0	 0.0	 1.0	 
3	 40	  37
0.9863416892474267	 -0.0610400971010998	 0.1529842429743041	 -0.4824594271191249	 
0.10469733127929325	 0.9493615912592348	 -0.29622801667757	 0.407677395041677	 
-0.1271555774456099	 0.30819908433936166	 0.942785650896773	 -0.796106784375776	 
0.0	 0.0	 0.0	 1.0	 
3	 41	  37
0.9859012351318406	 -0.12243667560100978	 0.11405268534008162	 -0.41849869035767484	 
0.15428211204186598	 0.929013275215344	 -0.3363500622529452	 0.2562349718355165	 
-0.06477487529445085	 0.34920423099016445	 0.9348051243917929	 -0.5043123825405953	 
0.0	 0.0	 0.0	 1.0	 
3	 42	  37
0.9778973504879208	 -0.0782835158759769	 0.19387744337802854	 -0.24002611028988727	 
0.1318502143237274	 0.9505389910904927	 -0.2812314836561797	 0.04338204697096736	 
-0.16227228010813177	 0.30057830520309425	 0.9398512592691168	 -0.07601442636406056	 
0.0	 0.0	 0.0	 1.0	 
3	 43	  37
0.9849242823978323	 -0.11818669809248113	 0.12631730814544934	 -0.1364542063418674	 
0.14985560518760863	 0.9477150074036171	 -0.2817437884600424	 -0.13121153420147508	 
-0.0864144405581103	 0.2964256553268595	 0.9511384627524374	 0.33754711542853333	 
0.0	 0.0	 0.0	 1.0	 
3	 44	  37
0.9176479200973807	 -0.12726279941642718	 0.37646576819897587	 -0.07326072186213023	 
0.19962202455060962	 0.9667588035907746	 -0.15977629046279127	 -0.31831405021468784	 
-0.34361801765225686	 0.22176923944593563	 0.9125486630203922	 0.6622158037340925	 
0.0	 0.0	 0.0	 1.0	 
3	 45	  37
0.8091128866385771	 -0.03637501479236529	 0.5865263804589214	 -0.02334352174138806	 
0.15008389837989164	 0.9777737232292883	 -0.14640139893262177	 -0.41702704430781656	 
-0.5681647297417213	 0.2064834241802219	 0.7965886237050629	 0.9530400029665587	 
0.0	 0.0	 0.0	 1.0	 
4	 5	  37
0.9867543183679811	 -0.14555241263495336	 0.07162688293011872	 0.2486400299882339	 
0.14892342040587583	 0.9878607769465728	 -0.04419163071361813	 0.25790986418125333	 
-0.06432518975296815	 0.0542732028413504	 0.996452050736304	 -0.15715904076108178	 
0.0	 0.0	 0.0	 1.0	 
4	 6	  37
0.9950505025249858	 -0.07139362825071909	 0.06911908036114406	 0.5515872934895857	 
0.07222245484740702	 0.9973426897846583	 -0.009564316437494239	 0.448316892847919	 
-0.06825257827061458	 0.01450892753791339	 0.9975625677525759	 -0.15013674239538388	 
0.0	 0.0	 0.0	 1.0	 
4	 7	  37
0.9967708923244764	 -0.07585987750152381	 -0.026326169492001467	 1.0544243055220108	 
0.07529290041124173	 0.99692095521231	 -0.021899502419885402	 0.6496004793132338	 
0.027906403607964553	 0.019846612910760168	 0.9994135003058746	 -0.27987058665033593	 
0.0	 0.0	 0.0	 1.0	 
4	 9	  37
0.9870418471993286	 0.12641503000159915	 0.09883133140371635	 1.3702211547739134	 
-0.12855449075695663	 0.9915803396947537	 0.015561903387950849	 0.23682213908386038	 
-0.0960319466821125	 -0.02806546134541739	 0.9949825099447288	 -0.27232710187943643	 
0.0	 0.0	 0.0	 1.0	 
4	 10	  37
0.9789311407221841	 0.06674294787056219	 -0.19297461137131627	 0.8801361587128042	 
-0.06627085890798062	 0.9977619083776179	 0.008907718577259109	 0.24574814782808863	 
0.19313724390692108	 0.004068550134942748	 0.981163315618677	 -0.18838846825864455	 
0.0	 0.0	 0.0	 1.0	 
4	 11	  37
0.9839982008421166	 -0.133050121820026	 -0.11851247117140205	 0.5903417017229865	 
0.13974929931793487	 0.9889187381669664	 0.05009852934368569	 0.20466708457467375	 
0.11053358801569055	 -0.06585889754566351	 0.9916879204338662	 -0.05540825645266862	 
0.0	 0.0	 0.0	 1.0	 
4	 12	  37
0.9699183790308503	 -0.05498413832016993	 -0.2371393736842445	 0.22671526352224503	 
0.0729396584316072	 0.9950417676239346	 0.06761425080348414	 0.12823983761294905	 
0.23224587024540985	 -0.08287716945591429	 0.9691198225900282	 0.18151023568321692	 
0.0	 0.0	 0.0	 1.0	 
4	 13	  37
0.9411842610676052	 -0.013871266656294352	 -0.33760890788007286	 -0.049979734389464674	 
0.027985294951977806	 0.998924270333884	 0.036974658948646426	 0.1602556615681085	 
0.33673284660851915	 -0.044248051926247485	 0.9405599927254273	 0.1750684566119547	 
0.0	 0.0	 0.0	 1.0	 
4	 14	  37
0.9689636184195438	 -0.10386091293829185	 -0.22432658545729464	 -0.2679774596662772	 
0.12053251061218033	 0.9907768418708626	 0.061912547176842	 0.12147571882545034	 
0.2158272922149301	 -0.08702965228026945	 0.9725453303364041	 0.3999405316637887	 
0.0	 0.0	 0.0	 1.0	 
4	 15	  37
0.9427902872427537	 -0.32118144082009825	 0.08938096191836159	 -0.11425914220459274	 
0.2878580291608363	 0.9194836617962666	 0.2677453094591351	 -0.13573768887660742	 
-0.16817915842447587	 -0.22669864967055864	 0.9593349221774323	 0.5366688956299139	 
0.0	 0.0	 0.0	 1.0	 
4	 18	  37
0.7467603848123499	 -0.36088338648915413	 0.5586699464183036	 0.04551537391273275	 
0.3033489811368342	 0.9323389537724399	 0.19678280138710386	 -0.08752522266867328	 
-0.5918853971151471	 0.022522358549476127	 0.8057074034953465	 0.11415482792950213	 
0.0	 0.0	 0.0	 1.0	 
4	 19	  37
0.9006715638480314	 -0.31908347910412815	 0.29491772994912824	 0.24750549896128146	 
0.3175338368421216	 0.9466789034801522	 0.0545097804612893	 0.27564185305501665	 
-0.29658556359988714	 0.04455094913043268	 0.9539665698522749	 -0.1991594735417748	 
0.0	 0.0	 0.0	 1.0	 
4	 20	  37
0.9183296032313502	 -0.25961457308129876	 0.29878255182116314	 0.4354443743004601	 
0.19685788414727154	 0.9544386982513818	 0.2242626690496385	 0.032297266223159204	 
-0.3433914869038113	 -0.1471293469163216	 0.9275964866244195	 -0.9072605975105976	 
0.0	 0.0	 0.0	 1.0	 
4	 25	  37
0.0848332916267125	 0.05204629428816035	 0.9950349219412593	 -1.7182970128320987	 
0.6261828275165104	 0.7740046800790301	 -0.09387130413063882	 0.26214862415298634	 
-0.7750473399446035	 0.6310371926175421	 0.03307086902646781	 2.3254395435568407	 
0.0	 0.0	 0.0	 1.0	 
4	 26	  37
0.4878037779807293	 -0.8127535940615002	 0.3185577962126209	 -0.18810769711193442	 
-0.35635076015015793	 -0.5185260301509588	 -0.7772675805643068	 1.670497980478003	 
0.7969075290948954	 0.26563574946908325	 -0.5425643175475755	 3.423413695818867	 
0.0	 0.0	 0.0	 1.0	 
4	 27	  37
0.1496835052801125	 0.4010037580474374	 -0.9037648113745588	 2.0043305653379497	 
-0.22739269056705924	 0.9035225064696358	 0.3632349715810716	 -0.3834182867921158	 
0.9622304362904627	 0.15113922831171475	 0.22642773933775656	 1.1561130130923707	 
0.0	 0.0	 0.0	 1.0	 
4	 37	  37
0.4727334579016065	 -0.6505099529236765	 0.5944408119633325	 -0.35981111991617787	 
0.4299242877040201	 0.759102750361103	 0.4888027426645649	 -0.5868279034798726	 
-0.769212704407943	 0.02449113189392595	 0.6385232962359113	 0.7255594661183072	 
0.0	 0.0	 0.0	 1.0	 
4	 38	  37
0.7398019499830759	 -0.523691158514616	 0.4224223541609245	 -0.49983545594139983	 
0.3010295588860197	 0.8191195560805935	 0.4882871670679244	 -0.35801899646943697	 
-0.601726083428437	 -0.2340741834119056	 0.7636327632978581	 0.2281426989959719	 
0.0	 0.0	 0.0	 1.0	 
4	 39	  37
0.8181098561053568	 -0.38699938817121576	 0.4253560119457309	 -0.26248550540703475	 
0.22435471699353393	 0.8958519258257346	 0.3835548043723001	 -0.12807235810058834	 
-0.5294914770853476	 -0.21835933813195849	 0.819730428338823	 -0.18215447334293333	 
0.0	 0.0	 0.0	 1.0	 
4	 41	  37
0.860223822152517	 -0.003206786712340473	 -0.5099065525371251	 -0.006821030476366513	 
-0.1492241805070951	 0.9546193222469871	 -0.2577481203514175	 0.23679832471836695	 
0.4875931908397621	 0.2978114606788735	 0.8207077519647387	 -0.5339800401273225	 
0.0	 0.0	 0.0	 1.0	 
5	 6	  37
0.9968121051369626	 0.07967347660446164	 -0.004214757190450477	 0.35475363633886736	 
-0.07946623848440529	 0.9961613371208323	 0.036711134098179055	 0.15036947576024506	 
0.007123481842173077	 -0.03625917196232096	 0.9993170310042002	 0.024871501275769974	 
0.0	 0.0	 0.0	 1.0	 
5	 7	  37
0.9926874149616296	 0.09257011289334452	 -0.07747561148975236	 0.8247367260219236	 
-0.08694915336652506	 0.9935322950801704	 0.0730302907126497	 0.18615012317969432	 
0.083734944352057	 -0.06575981167584839	 0.9943158986271493	 -0.096840720261508	 
0.0	 0.0	 0.0	 1.0	 
5	 8	  37
0.9893339929171133	 0.11494870320226792	 0.08947092315829472	 1.0840355214707178	 
-0.13319318446309222	 0.9625421550275678	 0.23616133343006426	 0.035207745701812086	 
-0.05897309616478632	 -0.2455593521473008	 0.9675860574138797	 -0.10859439560707135	 
0.0	 0.0	 0.0	 1.0	 
5	 9	  37
0.9650056012023588	 0.25809161136266534	 0.046399458965547404	 1.096546458243296	 
-0.2602336395278685	 0.9643389837514291	 0.04825740642988518	 -0.14248788568156479	 
-0.03228997531978003	 -0.058643367583066305	 0.9977566401344391	 -0.04544767872203626	 
0.0	 0.0	 0.0	 1.0	 
5	 10	  37
0.945513339317895	 0.2231481584272522	 -0.23708526854794024	 0.6045759111143338	 
-0.20418843732483866	 0.9735982519122598	 0.10204668508203783	 -0.12515230841211517	 
0.2535973328620856	 -0.048076431480695826	 0.9661144080808021	 0.007023623532691419	 
0.0	 0.0	 0.0	 1.0	 
5	 11	  37
0.9835029171129124	 0.031867183151650914	 -0.17806317605942792	 0.34597977300428434	 
-0.008195393758027891	 0.9911992302140057	 0.1321246439704271	 -0.09796487789154511	 
0.180706523267818	 -0.128485674925808	 0.9751084984694355	 0.13883725615593648	 
0.0	 0.0	 0.0	 1.0	 
5	 12	  37
0.9547972747111457	 0.05900321663172598	 -0.2913430703333757	 -0.05273063197017181	 
-0.01765713499040084	 0.9896294119952285	 0.14255473509466446	 -0.07783175894609644	 
0.29673285929957205	 -0.13096658864416028	 0.9459372933079723	 0.3538077018835079	 
0.0	 0.0	 0.0	 1.0	 
5	 15	  37
0.9821665344788191	 -0.16830668741827973	 0.08379592782559467	 -0.45427156436831845	 
0.13397144341770253	 0.9392030325743865	 0.31614761734299524	 -0.2806684494885325	 
-0.13191114774136434	 -0.29928334830618475	 0.9450020775258615	 0.7000846734826948	 
0.0	 0.0	 0.0	 1.0	 
5	 16	  37
0.8423259235637961	 -0.3531580329932061	 0.4071442523538393	 -0.38118880774813835	 
0.25112069522452113	 0.9255680566931143	 0.2833057868439773	 -0.24978819854785747	 
-0.47689142886232555	 -0.13639346084655715	 0.8683152589445541	 0.6608267594647577	 
0.0	 0.0	 0.0	 1.0	 
5	 17	  37
0.5844859300567197	 -0.3310269066878138	 0.7408086018766448	 -0.40918636824786764	 
0.2453498994183152	 0.9423596564319329	 0.2275119882224071	 -0.2674223242426616	 
-0.7734207292419526	 0.04877975992343124	 0.6320133784981599	 0.5592194297888138	 
0.0	 0.0	 0.0	 1.0	 
5	 18	  37
0.8223865725289422	 -0.22372401512471088	 0.5230945329293518	 -0.2356809395153294	 
0.18159912351430582	 0.9745658803182337	 0.13131299729418217	 -0.1949604694977098	 
-0.5391679549666638	 -0.012996537078169423	 0.8420979790743119	 0.28612792484891736	 
0.0	 0.0	 0.0	 1.0	 
5	 19	  37
0.9546817906177641	 -0.1827177107911394	 0.23494024096800775	 0.011354599606271115	 
0.17442332099617164	 0.9830886092261935	 0.05579687717404722	 0.04594731988372489	 
-0.24116215241104172	 -0.012289205546117975	 0.9704070237129973	 -0.05172554360789257	 
0.0	 0.0	 0.0	 1.0	 
5	 20	  37
0.9613890304377879	 -0.09147597670711914	 0.2595443658401555	 0.26234861350092015	 
0.04175869493750732	 0.9807075015146774	 0.19096860440908817	 -0.1486596456136383	 
-0.27200614616402785	 -0.17275688744104348	 0.9466613514296845	 -0.7171304183265592	 
0.0	 0.0	 0.0	 1.0	 
5	 21	  37
0.8296595594148993	 -0.19617770279712046	 0.5226655951913427	 0.2120390566657472	 
0.07140312018746747	 0.9658238361709155	 0.24917044750851045	 -0.17044733085918864	 
-0.5536845761794074	 -0.16940668938782275	 0.8153126784808932	 -0.5497263455218925	 
0.0	 0.0	 0.0	 1.0	 
5	 25	  37
0.833488353785422	 0.4025659395325662	 -0.3784677376373442	 2.0209244729543223	 
-0.2830089498186054	 0.8993308164347502	 0.33333169206269025	 -0.7969698073242528	 
0.47455568527480185	 -0.1707183263128726	 0.8635115254785511	 0.35721248881746037	 
0.0	 0.0	 0.0	 1.0	 
5	 26	  37
0.6993246025315595	 0.5336445656716374	 -0.4755718429671854	 1.667531844754919	 
-0.2967978939194922	 0.8220338738249384	 0.4859746088524771	 -1.0922729317468742	 
0.6502738734249051	 -0.19870527877611657	 0.7332530952730277	 0.5478357916572981	 
0.0	 0.0	 0.0	 1.0	 
5	 36	  37
0.36133418419634455	 -0.5622411631338168	 0.7438564927518577	 -0.6384625251689409	 
0.4602968085654733	 0.8013321600556852	 0.3820911112351728	 -0.8263897013682103	 
-0.8109034809122488	 0.20433218967755032	 0.5483465153586512	 1.3596192383403243	 
0.0	 0.0	 0.0	 1.0	 
5	 37	  37
0.6497168048537486	 -0.424890305144085	 0.6303461763865964	 -0.8143915274546105	 
0.20810504853093373	 0.8969489182723299	 0.3900960481548558	 -0.5899991558545502	 
-0.7311363499830755	 -0.12227373636502607	 0.6711846028692575	 0.8476588732432184	 
0.0	 0.0	 0.0	 1.0	 
5	 38	  37
0.8612564383237634	 -0.3682127188857793	 0.35022384427192765	 -0.6966784465038296	 
0.17794148848693808	 0.8640720530556908	 0.4708676181297413	 -0.4756224505520203	 
-0.47599808205592375	 -0.3432184155590509	 0.8097079381482049	 0.28995666087768623	 
0.0	 0.0	 0.0	 1.0	 
5	 39	  37
0.8747228443564459	 -0.21802016943120578	 0.4328130673652971	 -0.5791156672574167	 
0.047172629173792835	 0.9271547101928174	 0.3716973048383647	 -0.33260051571543575	 
-0.4823221834187193	 -0.3047151933994445	 0.8212879898633229	 -0.030792322643984085	 
0.0	 0.0	 0.0	 1.0	 
6	 7	  37
0.9953529709336568	 -0.0033265333617488045	 -0.09623615448122981	 0.5013548765790132	 
0.005960130578904163	 0.9996151900844811	 0.027091485670763967	 0.07737245321986688	 
0.09610900112385089	 -0.027539170796521233	 0.994989775814212	 -0.1057085378702267	 
0.0	 0.0	 0.0	 1.0	 
6	 8	  37
0.9902309345464002	 0.1024731018375484	 0.09456193561446276	 0.7657978153400729	 
-0.11630233560598556	 0.9810882822263781	 0.1547241067535597	 0.037604956583206846	 
-0.07691854782791338	 -0.16421037079881917	 0.9834218276620462	 -0.10435065029313563	 
0.0	 0.0	 0.0	 1.0	 
6	 9	  37
0.9792076538996443	 0.19986338179050733	 0.03474189349498869	 0.7934854255816287	 
-0.20055555106584674	 0.9795224628092717	 0.017697903512349268	 -0.2666749515112563	 
-0.030493302232288518	 -0.02429760217222836	 0.9992396034223477	 -0.05474762039052542	 
0.0	 0.0	 0.0	 1.0	 
6	 10	  37
0.954591063009383	 0.13205077305945617	 -0.26705522978780255	 0.3316963193633074	 
-0.12912204157066584	 0.9912167944755402	 0.028579096036395902	 -0.19784032517710182	 
0.26848352054314123	 0.007201366817093804	 0.9632573589195805	 0.0009486841401980694	 
0.0	 0.0	 0.0	 1.0	 
6	 11	  37
0.9818008763699373	 -0.05831066186987645	 -0.18073988456209925	 -0.0248610401539698	 
0.06882857980538877	 0.9962475232209087	 0.052473794204144636	 -0.18221656152682064	 
0.17700188067135691	 -0.06395888670468414	 0.9821301314236827	 0.11649429236393297	 
0.0	 0.0	 0.0	 1.0	 
6	 12	  37
0.9599827842547535	 0.0071672675154947855	 -0.27996729132320586	 -0.3973848188134017	 
0.017674537492333612	 0.9961292191157438	 0.08610568824584065	 -0.26583314848015865	 
0.2795007417859991	 -0.08760827072953324	 0.9561402231058249	 0.3172077553799483	 
0.0	 0.0	 0.0	 1.0	 
6	 15	  37
0.9867825104315956	 -0.1556104972008501	 0.04522886542046511	 -0.743702078881262	 
0.139444246493096	 0.9575725369695197	 0.25221050446349474	 -0.40967119788659195	 
-0.08255652140376983	 -0.24257000969341197	 0.966614820479723	 0.6178965478990486	 
0.0	 0.0	 0.0	 1.0	 
6	 16	  37
0.8390663081823083	 -0.39338727830766507	 0.37578475187133437	 -0.6300163622966697	 
0.29882331671853757	 0.910475548193208	 0.2859001600692284	 -0.4387381358499789	 
-0.45461231380006156	 -0.12759594589157328	 0.8815026481715124	 0.5442804319011733	 
0.0	 0.0	 0.0	 1.0	 
6	 17	  37
0.572710573584572	 -0.3948153428752993	 0.7184173187881061	 -0.7195096555698938	 
0.3209864617768931	 0.9144054955642228	 0.24663795538785013	 -0.48672113336062467	 
-0.7543011933308748	 0.08935006833913489	 0.6504200758182442	 0.5229184351622731	 
0.0	 0.0	 0.0	 1.0	 
6	 18	  37
0.7938506377210909	 -0.31080770311746225	 0.5226851219163071	 -0.5877892551023456	 
0.28675062661170797	 0.9492850860962303	 0.128964737246526	 -0.38213562817885355	 
-0.5362604247262799	 0.04750154732343042	 0.8427148746012911	 0.26608198942126765	 
0.0	 0.0	 0.0	 1.0	 
6	 19	  37
0.9416449224396825	 -0.24081198425547043	 0.23519019597446383	 -0.33200572009407714	 
0.23767447652188448	 0.9704346970423866	 0.042039766725074854	 -0.1312524972664188	 
-0.23836040622052088	 0.01631217383409423	 0.9710397673273709	 -0.07715973394821428	 
0.0	 0.0	 0.0	 1.0	 
6	 20	  37
0.9607789857852063	 -0.15590384879982608	 0.22934195081352052	 -0.004622992503101675	 
0.11987937604200742	 0.9792384861257314	 0.1634653556260908	 -0.23222411100966983	 
-0.2500653428072942	 -0.12956070862567215	 0.959521415658392	 -0.766148935040242	 
0.0	 0.0	 0.0	 1.0	 
6	 21	  37
0.8357916175006638	 -0.18921971786394098	 0.5154107783963333	 -0.058056483098671445	 
0.08237525157947738	 0.9713276294822161	 0.22301783366286232	 -0.27441590143439615	 
-0.5428321011536084	 -0.14393934339140627	 0.8274145124308674	 -0.5641118058203504	 
0.0	 0.0	 0.0	 1.0	 
6	 24	  37
0.998494388276722	 -0.04692901357147131	 0.028401131405334006	 1.563667646933852	 
0.04333113125695189	 0.9922780205246168	 0.11621851422101818	 -0.2610173866205447	 
-0.03363583868267878	 -0.11481288111077459	 0.9928175223509882	 -0.08424983865655954	 
0.0	 0.0	 0.0	 1.0	 
6	 25	  37
0.8383477395270866	 0.157875111615124	 -0.5217743925896872	 1.8820948485455047	 
-0.05402436481101784	 0.9764950965316543	 0.2086592783856067	 -0.45823688968127807	 
0.5424522427242705	 -0.14674050423161314	 0.8271715594610722	 0.4607651836109443	 
0.0	 0.0	 0.0	 1.0	 
6	 26	  37
0.5724036045604707	 0.4056938307418023	 -0.7125774548666419	 1.6809395193423753	 
-0.2878072636545095	 0.9131404262640186	 0.2886893501847096	 -0.766992310985342	 
0.7678027692538514	 0.0398381427831155	 0.6394465027707229	 0.8659603705517266	 
0.0	 0.0	 0.0	 1.0	 
6	 35	  37
-0.2024334984883345	 -0.6399592036262278	 0.7412643903384669	 -0.7178674674646286	 
0.5884720278676001	 0.5255360052076561	 0.6144205234591164	 -1.0118528164951874	 
-0.7827651953856719	 0.5605926550753807	 0.2702119981946909	 1.37813941412034	 
0.0	 0.0	 0.0	 1.0	 
6	 36	  37
0.40639533028099123	 -0.5947901597114632	 0.6935902979686314	 -0.7944585677119859	 
0.4276991635849702	 0.794637542558962	 0.4308417359362588	 -1.0967919846417784	 
-0.8074133148484238	 0.12155592073718259	 0.5773282403790888	 1.2720639827181697	 
0.0	 0.0	 0.0	 1.0	 
6	 37	  37
0.5167243396547954	 -0.6028167319725711	 0.6079538999481997	 -1.0555988852268925	 
0.3828253471122472	 0.7978404843350695	 0.46572021124744906	 -0.9436228151148257	 
-0.7657941697458283	 -0.007908805844816165	 0.6430371220803706	 0.8552940164066323	 
0.0	 0.0	 0.0	 1.0	 
6	 38	  37
0.8342250874255234	 -0.4185906175850641	 0.3589573768285489	 -1.0415058664334478	 
0.24452991559799286	 0.8642815836354741	 0.4395707731028018	 -0.6514569737313419	 
-0.49424045148845974	 -0.2789251495622275	 0.8233633080567607	 0.2393165320484134	 
0.0	 0.0	 0.0	 1.0	 
6	 39	  37
0.867742169033347	 -0.2926766802335647	 0.40170124337467705	 -0.8652145273718608	 
0.14417392809718707	 0.92170336296929	 0.3601066358012971	 -0.5092655270370573	 
-0.4756442016237862	 -0.25456486705466796	 0.8419972220400193	 -0.09778586687891616	 
0.0	 0.0	 0.0	 1.0	 
6	 53	  37
0.5175594898433861	 0.8555558988438793	 0.012501137008122491	 0.13696181051663023	 
-0.18694828343915867	 0.12732541390424035	 -0.974083455507415	 1.50908615953752	 
-0.8349745587694312	 0.5018090701925942	 0.2258431829394863	 2.7655131842220237	 
0.0	 0.0	 0.0	 1.0	 
6	 54	  37
0.4689965284902483	 -0.3126347429785587	 0.826015601394323	 -0.7595935227233488	 
0.2687122053142354	 0.9414252146126826	 0.20374571408160813	 -0.6974315448416712	 
-0.8413299037709616	 0.12640444127559228	 0.5255339287301531	 1.3672192217678523	 
0.0	 0.0	 0.0	 1.0	 
6	 59	  37
0.4882747376288834	 -0.5530298051188243	 0.6750894868413228	 -0.9353077827849874	 
0.3546700361030133	 0.8325593019492938	 0.425504611289221	 -0.44427188233022646	 
-0.7973687641763579	 0.031670860233652544	 0.6026607756673132	 0.7502353174350492	 
0.0	 0.0	 0.0	 1.0	 
7	 8	  37
0.9903694552722625	 0.03435386484492376	 0.13411992407520462	 0.3345602930557217	 
-0.052254853505824116	 0.9898282615263713	 0.13232325180695195	 -0.02352326049029099	 
-0.12820987617499197	 -0.13805732379666769	 0.9820908323557931	 -0.02150857154679959	 
0.0	 0.0	 0.0	 1.0	 
7	 9	  37
0.974800747146116	 0.17798514893628264	 0.13447970152221597	 0.2939904382728776	 
-0.17965056520017275	 0.9837304560448865	 0.0002535211608755473	 -0.3422312062458561	 
-0.13224665510565287	 -0.024406487003454824	 0.9909163161465842	 0.004057357261512706	 
0.0	 0.0	 0.0	 1.0	 
7	 10	  37
0.9748685962146075	 0.1660372371653167	 -0.14853570610822342	 -0.20659078469738867	 
-0.16548708074681753	 0.9860798292007049	 0.01614300310984919	 -0.3007135350846312	 
0.14914840334531365	 0.00884343361013043	 0.9887752765221871	 0.11410291956616454	 
0.0	 0.0	 0.0	 1.0	 
7	 11	  37
0.9924964768381477	 -0.07967103039127753	 -0.09275381598757543	 -0.4720333111701175	 
0.08037266778919497	 0.9967574574038183	 0.0038477762829141927	 -0.22361670520269242	 
0.0921465014871024	 -0.011273776043003239	 0.9956816379935005	 0.28905729145896003	 
0.0	 0.0	 0.0	 1.0	 
7	 15	  37
0.9567078125227053	 -0.27686424575502183	 0.08975717732038106	 -1.096852309937666	 
0.25029326723833717	 0.9400235836135793	 0.23175189886048775	 -0.5833259050938798	 
