0	 1	  37
0.9544596073519878	 0.03972248301287146	 0.29568392292578344	 -0.17405799527568908	 
0.02917421056301926	 0.9739193838378655	 -0.22501088689860543	 0.013555790591568405	 
-0.2969102951591829	 0.22339014778670185	 0.9284078406068759	 -0.09700866042845327	 
0.0	 0.0	 0.0	 1.0	 
0	 12	  37
0.9979865170089731	 -0.005097282802318141	 -0.06322127471295738	 -1.0131745485229846	 
0.00993636864578726	 0.9970227050770325	 0.07646564025110021	 -0.07102479842754404	 
0.06264327933971081	 -0.07693986787686134	 0.9950658652997085	 0.6220827545044723	 
0.0	 0.0	 0.0	 1.0	 
2	 3	  37
0.6754503888257785	 -0.3053239380797762	 0.671225792912162	 -0.18974471852501743	 
0.2884181513086905	 0.9471267774096249	 0.1405910292633761	 -0.025568011532578712	 
-0.6786617288684996	 0.09863143692107192	 0.7277981158398962	 0.012722286628817966	 
0.0	 0.0	 0.0	 1.0	 
3	 4	  37
0.8904429541606929	 0.11354250608280189	 0.4407033522654605	 -0.16330591424804264	 
0.11573109470957942	 0.8800464987480081	 -0.4605697273580779	 0.11107033985512973	 
-0.4401336832178376	 0.4611141500255745	 0.7704908056189201	 -0.24458529657236913	 
0.0	 0.0	 0.0	 1.0	 
4	 5	  37
0.9813823033514446	 -0.12354330956429391	 0.14705721787969292	 -0.04003653574305285	 
0.040933474400122946	 0.8826118182386549	 0.46831701760558664	 0.08860270324377006	 
-0.18765187273818854	 -0.4535784705730175	 0.8712366760476136	 -0.0334181310369855	 
0.0	 0.0	 0.0	 1.0	 
5	 6	  37
0.7868271742073596	 -0.349075954781968	 0.508968540994351	 0.030446292644592185	 
0.33252741472921826	 0.9345199455576075	 0.1268778538930596	 0.010596853602607275	 
-0.519931261208983	 0.06941504986718317	 0.851383012791289	 0.06266571753753279	 
0.0	 0.0	 0.0	 1.0	 
6	 7	  37
0.8170949128471892	 -0.3480602394553899	 0.4595758621919786	 0.05527751274852091	 
0.35811838274790603	 0.9311596933784381	 0.06850437479020254	 0.16394296587175874	 
-0.4517821680160336	 0.1086079883693141	 0.885492618560484	 -0.31841423000023616	 
0.0	 0.0	 0.0	 1.0	 
7	 8	  37
0.8418606445277128	 -0.1390817188267313	 0.5214661357016247	 0.06327542727938204	 
0.2826649875511165	 0.9367273671326636	 -0.2065002287587969	 0.12698153557884748	 
-0.45975119359073985	 0.3212446344344293	 0.8279074373617975	 -0.2624661855673682	 
0.0	 0.0	 0.0	 1.0	 
8	 9	  37
0.9470985782208351	 0.15501918829130118	 0.28102194646251066	 -0.16774586108431458	 
0.016822664082575416	 0.8504317074214676	 -0.52581642137287	 -0.07947827922266333	 
-0.320501608584476	 0.5027275228925826	 0.8028348252418119	 -0.023269672188435637	 
0.0	 0.0	 0.0	 1.0	 
8	 10	  37
0.7843553189893598	 -0.34535733338354546	 0.5152815209682038	 0.06730007928304645	 
0.3071530844251307	 0.9379281321822952	 0.16108321324445388	 -0.09016058587911607	 
-0.5389283034887172	 0.03192383340447213	 0.8417464894845328	 0.08778547403858476	 
0.0	 0.0	 0.0	 1.0	 
8	 15	  37
0.9063420302736579	 -0.30437310721193994	 0.2930889553797161	 0.11366360367092443	 
0.236782389987573	 0.9403404402314837	 0.24432346644772462	 -0.3126374425998392	 
-0.3499688899762338	 -0.15204232328995845	 0.9243402555214149	 0.7698985936943378	 
0.0	 0.0	 0.0	 1.0	 
8	 16	  37
0.9407208234347981	 -0.21772503453893632	 0.2600771841034396	 0.6618149582266114	 
0.19873942139141418	 0.9751877659663407	 0.09752673220498788	 -0.6363918957030361	 
-0.27485809928245075	 -0.040057838740955205	 0.9606499855900908	 1.0364903753558916	 
0.0	 0.0	 0.0	 1.0	 
10	 14	  37
0.7517751445462565	 -0.29437525159935435	 0.590065541519137	 -0.4673395035270819	 
0.34699042184663137	 0.9375183971859151	 0.0256301011439739	 -0.15970876111250076	 
-0.5607421681924347	 0.18547901817664011	 0.806948421292884	 0.3252566389872307	 
0.0	 0.0	 0.0	 1.0	 
10	 15	  37
0.9300712118791807	 0.2109616545151919	 -0.3007702132156795	 -0.18091567211650833	 
-0.14428329948773158	 0.9626623998114631	 0.229048976156124	 -0.3453761322668441	 
0.337860726220918	 -0.16963574008282511	 0.9257828284020103	 0.6946346030019316	 
0.0	 0.0	 0.0	 1.0	 
10	 16	  37
0.8974334950709292	 0.18438916746000783	 -0.4007664617307454	 -0.02853650904048873	 
-0.1932081830076614	 0.9809797457337698	 0.018690545176265536	 -0.6321743121516409	 
0.3965901157916746	 0.06065783859908989	 0.915989577818892	 1.1941272433448809	 
0.0	 0.0	 0.0	 1.0	 
11	 12	  37
0.8487943502369217	 0.00435269423538925	 0.5287052156530843	 -0.36047910064397465	 
0.17991660031506096	 0.93791265010767	 -0.29656344632991677	 0.05831537063350948	 
-0.49717015994219854	 0.34684422270076815	 0.7953118364780868	 -0.20349583546162292	 
0.0	 0.0	 0.0	 1.0	 
11	 13	  37
0.8006239351624562	 -0.11239910056136411	 0.5885301662939463	 -0.32716121516758995	 
0.32750185211234134	 0.9046242845792234	 -0.27275894231448217	 0.22023131206333718	 
-0.5017408208507352	 0.41112205723182155	 0.7610747681729468	 -0.4511465597915686	 
0.0	 0.0	 0.0	 1.0	 
12	 13	  37
0.9897489546784273	 -0.11772885381324244	 0.08085124422531642	 0.15291865926816373	 
0.11790913504918366	 0.9930210944958062	 0.002557686123170152	 0.06392729186003683	 
-0.08058810448766665	 0.007001633107454054	 0.9967228975743025	 -0.22950072931634236	 
0.0	 0.0	 0.0	 1.0	 
14	 15	  37
0.4757180607356554	 0.5409335560863667	 -0.6936016252789966	 -0.011773003415204245	 
-0.33920736824698833	 0.84037107120571	 0.42274676108460063	 -0.09980683990967425	 
0.8115606496232184	 0.034166512557276416	 0.5832683442488661	 0.4365654653888483	 
0.0	 0.0	 0.0	 1.0	 
15	 16	  37
0.9993214740175754	 0.021418978719922637	 -0.029963626581834716	 0.276970673596641	 
-0.026377390268759668	 0.9839761802693386	 -0.17633805586194445	 -0.40748124643690675	 
0.025706513764991074	 0.17700876818156844	 0.983873503625793	 0.3569304664151001	 
0.0	 0.0	 0.0	 1.0	 
16	 17	  37
0.6810575797439743	 -0.4497630321381413	 0.5778181270912027	 -0.10243344736282284	 
0.4038960474960228	 0.8889646426326079	 0.21589313783946465	 -0.21680447088822621	 
-0.6107606371487692	 0.08634279976341344	 0.7870936189797529	 0.42043764169491965	 
0.0	 0.0	 0.0	 1.0	 
17	 18	  37
0.9554304072852199	 0.2052246040883001	 -0.21221592473610046	 -0.03162773056843327	 
-0.2776115727868238	 0.8691017196453247	 -0.4093824807736219	 -0.2952878571853609	 
0.1004218675868151	 0.45005006697737465	 0.8873389350885237	 0.42550805539468306	 
0.0	 0.0	 0.0	 1.0	 
17	 19	  37
0.9249425329312866	 0.21199061707930822	 -0.3155016466597134	 -0.055900258134921235	 
-0.2972290860668141	 0.9207589875669376	 -0.2527009244355768	 -0.7383360674277283	 
0.23693075184648954	 0.32751009921076185	 0.9146589275486326	 0.8268891097904546	 
0.0	 0.0	 0.0	 1.0	 
18	 19	  37
0.987824421913066	 -0.016401784798472173	 -0.1547058270639512	 0.16090440389135555	 
0.029477903869089103	 0.996145799155411	 0.08261113731520918	 -0.11366896272232327	 
0.1527545896384173	 -0.08616570246015619	 0.9845006384273939	 0.5294085593817655	 
0.0	 0.0	 0.0	 1.0	 
19	 20	  37
0.762563727811392	 -0.5013137053024409	 0.40887789118798007	 0.09174632470469107	 
0.36415568999940157	 0.8550400345829222	 0.36918446974581026	 -0.08028796172415811	 
-0.5346842006899519	 -0.13263147490837807	 0.8345787544601014	 0.45753483159806535	 
0.0	 0.0	 0.0	 1.0	 
20	 21	  37
0.2363443356153979	 -0.5848643995245185	 0.7759349129864814	 -0.22839848387929002	 
0.7434609915188869	 0.6230134133389987	 0.24314613073097321	 -0.34018199830566864	 
-0.6256253744152882	 0.5194111290379848	 0.582069557629684	 0.3368850744974753	 
0.0	 0.0	 0.0	 1.0	 
21	 22	  37
0.9438542088207255	 -0.04734646898130885	 0.3269518991631694	 -0.20300085799015619	 
0.1780799415319344	 0.9064990259867655	 -0.382814642234369	 -0.08174104553048647	 
-0.2782566565517958	 0.4195447863578419	 0.8640343773974324	 0.03403029260686295	 
0.0	 0.0	 0.0	 1.0	 
21	 28	  37
0.6125161380300581	 -0.4293075233830369	 0.6637160771139009	 0.0684161985942298	 
0.5326069405410571	 0.8445881302916759	 0.05477898372465657	 -0.5215768034800216	 
-0.584083750450427	 0.31994677766330837	 0.745976026372583	 0.5659891007360883	 
0.0	 0.0	 0.0	 1.0	 
22	 23	  37
0.9866525287445967	 0.1262777233518923	 -0.10281402680061008	 -0.04090264232277418	 
-0.16170529813052095	 0.8341897648288958	 -0.5272369797455698	 -0.13262712853768832	 
0.01918812336871451	 0.5368252721694226	 0.8434752178231513	 0.2452155098143432	 
0.0	 0.0	 0.0	 1.0	 
22	 29	  37
0.9646580533791214	 0.17293129223127313	 -0.19882054274653208	 0.05591322398709432	 
-0.14474962861222715	 0.9782524211133643	 0.14855889607311598	 -0.36661214407776377	 
0.2201871591792431	 -0.11452933577500131	 0.9687108165905408	 0.9508264755463937	 
0.0	 0.0	 0.0	 1.0	 
23	 28	  37
0.7719854866706758	 -0.5356243156483295	 0.34226451883901216	 0.13407952840826107	 
0.05039336069716759	 0.5883343002850601	 0.8070460087911561	 0.2065022952278714	 
-0.6336394223590313	 -0.6057799465105698	 0.4811774504672531	 0.4116128492316106	 
0.0	 0.0	 0.0	 1.0	 
23	 29	  37
0.9752903266620059	 0.02331620759605241	 -0.21969327068177255	 0.1748363992209836	 
0.12015884185588092	 0.7784913808749068	 0.6160462828613891	 0.19657605289776148	 
0.18539318068195015	 -0.6272220694194511	 0.7564534646558313	 0.7065070012286798	 
0.0	 0.0	 0.0	 1.0	 
23	 30	  37
0.8608173836785226	 -0.114114357646198	 -0.49595498317474146	 0.25963316379832785	 
0.19518261314032606	 0.9740419163274573	 0.11465641179126566	 0.11402642042948938	 
0.4699969994420986	 -0.195500022036137	 0.8607453525284312	 0.6618734906714422	 
0.0	 0.0	 0.0	 1.0	 
24	 27	  37
0.8554463226880193	 0.17649656616532955	 0.486888643461104	 -0.09085748182351139	 
0.19667390529397086	 0.7589936604751366	 -0.6206834928810105	 -0.007160741947454963	 
-0.4790938989133179	 0.6267197024909947	 0.6145660668582632	 -0.16395275794604622	 
0.0	 0.0	 0.0	 1.0	 
24	 28	  37
0.9583235262317275	 -0.1727371376453352	 0.22754757820922258	 0.06299197680316258	 
0.12286336986211309	 0.9682744091795538	 0.21759885310844482	 0.03144804709376253	 
-0.25791589989163405	 -0.18057283795211682	 0.949143212996335	 0.031134463349025733	 
0.0	 0.0	 0.0	 1.0	 
25	 27	  37
0.920810130210689	 0.04284389255803244	 -0.3876507512850306	 0.11566353634299609	 
-0.3093815946294103	 0.6854351109479195	 -0.659137115920789	 -0.03586690035677511	 
0.23746943594057748	 0.7268721411295717	 0.6444107055626676	 -0.21810215294658986	 
0.0	 0.0	 0.0	 1.0	 
26	 27	  37
0.767971784152473	 -0.20873747395665632	 -0.6055146618471438	 0.14380888554354807	 
-0.009911223222824256	 0.9414158936126841	 -0.33710218466758424	 0.012575499222016754	 
0.6404069849711932	 0.2648863571791211	 0.720911999747875	 -0.04271691425678039	 
0.0	 0.0	 0.0	 1.0	 
28	 29	  37
0.6468811166596459	 0.4264522444123916	 -0.6322051124000838	 -0.13857376027900709	 
-0.5403379284912164	 0.8413209275014274	 0.01462942179165391	 -0.21281546805630652	 
0.538126141293089	 0.3321409041111477	 0.7746629433974744	 0.14480653306341873	 
0.0	 0.0	 0.0	 1.0	 
28	 30	  37
0.40611752648958266	 0.015408701740058399	 -0.9136909360328952	 -0.013133065912074601	 
-0.6033266735423543	 0.7554829085394855	 -0.2554261143599763	 -0.20184724355178923	 
0.6863421010475022	 0.6549871348472458	 0.3161113308856475	 0.0884857627373868	 
0.0	 0.0	 0.0	 1.0	 
29	 30	  37
0.944799822827018	 -0.02946920419429249	 -0.3263201814019308	 0.08700152625829101	 
-0.13987925036573423	 0.8643465270681501	 -0.48305162918920697	 -0.003509470749098896	 
0.29628886260397014	 0.5020325160279778	 0.812512315443565	 -0.10567661214259269	 
0.0	 0.0	 0.0	 1.0	 
30	 31	  37
0.9497910047522766	 0.22252709820279032	 -0.21995167163971668	 -0.06475202570089593	 
0.07577626419547039	 0.5184547458682586	 0.8517409431694928	 0.2030047381113508	 
0.303570428527283	 -0.8256430021820113	 0.4755613818127343	 0.5700039199099218	 
0.0	 0.0	 0.0	 1.0	 
31	 32	  37
0.7750670503037831	 0.34356873610215966	 -0.5303127295347123	 0.03612935669762082	 
-0.524018146505367	 0.8184688167286146	 -0.23561362052296642	 -0.3795678214541683	 
0.3530949584268687	 0.46050984746911267	 0.8144044638369201	 0.1011842309904479	 
0.0	 0.0	 0.0	 1.0	 
31	 33	  37
0.4305025186215927	 0.31158614184788824	 -0.8471019169313762	 0.21998148231076428	 
-0.7236042693409037	 0.6801277794521734	 -0.11757153145669272	 -0.5206380884950735	 
0.5395038858544775	 0.6635814040687114	 0.518261784547265	 0.17151580366091562	 
0.0	 0.0	 0.0	 1.0	 
31	 34	  37
0.996371951141613	 -0.072632684975987	 0.044355699199006976	 -0.504742376799552	 
0.07714381120306871	 0.9909006686488602	 -0.11029368642087559	 -0.037741486231992485	 
-0.03594116541403641	 0.11331530322255692	 0.9929087947461539	 -0.025287958042397727	 
0.0	 0.0	 0.0	 1.0	 
32	 33	  37
0.899195457430981	 0.11546558948093752	 -0.42203699717122944	 0.2488296534183167	 
-0.1890651716830217	 0.9723908049709618	 -0.13678626855205403	 -0.0590288644539937	 
0.3945907882755986	 0.20279008864770617	 0.8961999161762391	 -0.025085636575580775	 
0.0	 0.0	 0.0	 1.0	 
32	 34	  37
-0.6180122821193741	 -0.46194882638515494	 0.636132141108262	 -1.3592018602808305	 
0.45550252794946555	 0.44909660992564765	 0.7686544620210939	 -0.8069633712811473	 
-0.640763814662821	 0.7647976966196154	 -0.06712836259049684	 2.0162760561755544	 
0.0	 0.0	 0.0	 1.0	 
32	 35	  37
-0.5501622056965347	 -0.047496320968649516	 0.8337059715016837	 -1.4071150388249072	 
0.4233658532492797	 0.8446918751299014	 0.32750113036757583	 -0.9929739463742131	 
-0.7197797591802874	 0.5331413842349642	 -0.44460922470231456	 2.1228517331341292	 
0.0	 0.0	 0.0	 1.0	 
32	 36	  37
-0.5237734732025433	 -0.2310209747263406	 0.819933325341662	 -1.3669815228266902	 
0.3822096515864828	 0.7964687063223075	 0.46856523780943055	 -0.9692194505859655	 
-0.7612996328670354	 0.5588084726324041	 -0.32887073434824693	 2.166665359308592	 
0.0	 0.0	 0.0	 1.0	 
33	 34	  37
0.9204108472501389	 0.22796858708359918	 -0.3176069828693753	 0.0856502890160087	 
-0.010014461116480279	 0.825874051825445	 0.5637656969787781	 0.03997188437953357	 
0.39082423521683834	 -0.5157154000265349	 0.7624264183136912	 0.27068504764915946	 
0.0	 0.0	 0.0	 1.0	 
33	 35	  37
0.8584074668428218	 0.011076864531612426	 -0.5128488314704824	 0.17601232376957499	 
-0.05113496822211534	 0.9966348596627077	 -0.06406380826970647	 0.023778343612035215	 
0.5104133970551852	 0.08121736007309516	 0.8560852203661404	 0.07898624246770723	 
0.0	 0.0	 0.0	 1.0	 
33	 36	  37
0.8328734837908698	 0.19595696972523177	 -0.5176124283806991	 0.09458064305774594	 
-0.1426983703042116	 0.9796344055339163	 0.14125723559071937	 0.023384998890137326	 
0.5347512834118135	 -0.043786955937978676	 0.8438742604079732	 0.09885204407112812	 
0.0	 0.0	 0.0	 1.0	 
34	 35	  37
0.984319750516886	 0.07181258850808271	 -0.1611135651462813	 0.003052874515512012	 
-0.15445285313953247	 0.7920558924104933	 -0.5905859627987065	 0.02069294262488262	 
0.08519944189626055	 0.6062098773771224	 0.7907279175993345	 -0.19446436473811904	 
0.0	 0.0	 0.0	 1.0	 
34	 36	  37
0.9831479096590172	 0.09533419325784177	 -0.15598583053912804	 -0.018658452331127888	 
-0.15334023350753725	 0.8946108727293665	 -0.41971199551865923	 0.032258556031583105	 
0.09953371549861399	 0.43655787473172203	 0.8941533769375155	 -0.15191481067510945	 
0.0	 0.0	 0.0	 1.0	 
35	 36	  37
0.999756113613714	 -0.01023040195882713	 0.01957171856950918	 -0.07611755843478932	 
0.006020743319501291	 0.9789219199342666	 0.20414608818709096	 0.0002722752981051126	 
-0.021247680858953073	 -0.20397846344154005	 0.9787447688290063	 0.04894341698831096	 
0.0	 0.0	 0.0	 1.0	 
