0	 1	  37
0.9601430358015545	 0.023035055776015965	 0.2785583188619067	 -0.1382575979722567	 
0.040352278568582846	 0.9747343948483045	 -0.21969195049895132	 -0.0037232361199350983	 
-0.27658099069910663	 0.22217615917353947	 0.9349549239823252	 -0.08530964121660449	 
0.0	 0.0	 0.0	 1.0	 
0	 12	  37
0.9967554062200598	 -0.014059298575663182	 -0.07925273682746128	 -0.970373705452335	 
0.02132507454046553	 0.9955682822761049	 0.09159168369261633	 -0.08666507198562462	 
0.07761379624091361	 -0.09298457640579456	 0.9926378832100398	 0.6169979291390911	 
0.0	 0.0	 0.0	 1.0	 
2	 3	  37
0.6734579311846457	 -0.2937042318362411	 0.6783747040728894	 -0.18576603525958432	 
0.3004146105178423	 0.9472258799523167	 0.11186685897070478	 0.026536192883150858	 
-0.6754298458847593	 0.12845604909867844	 0.7261498238917692	 0.012513876536809805	 
0.0	 0.0	 0.0	 1.0	 
3	 4	  37
0.8895102801933344	 0.08107472674134746	 0.4496647085487043	 -0.1733973696065828	 
0.1275730801549046	 0.9009261557014052	 -0.4147977473334166	 0.012098044975358727	 
-0.4387443112453604	 0.42633197236062703	 0.7910401245783502	 -0.25267113498358584	 
0.0	 0.0	 0.0	 1.0	 
4	 5	  37
0.9794229701198965	 -0.1363878502638107	 0.14875819272206284	 -0.033600254383249005	 
0.04903430189874639	 0.8758174436858485	 0.4801452307093002	 0.06962378687074396	 
-0.19577099590802682	 -0.46297101381836014	 0.8644834050027667	 -0.017374982555914954	 
0.0	 0.0	 0.0	 1.0	 
5	 6	  37
0.789782973474663	 -0.35253611180530353	 0.5019573136061644	 0.041498161132635214	 
0.34025318372274893	 0.9326854465432258	 0.1196897187439073	 0.033808255218859634	 
-0.5103632292554513	 0.07626367208350648	 0.8565706197064472	 0.05552053034117119	 
0.0	 0.0	 0.0	 1.0	 
6	 7	  37
0.8093084362571975	 -0.35603612331523504	 0.46718105044788344	 0.04259625996478452	 
0.3610578087512172	 0.9288927133925384	 0.08243534282101021	 0.1480042117978714	 
-0.4633110334782655	 0.10196374797400684	 0.8803103318468971	 -0.31606319396822335	 
0.0	 0.0	 0.0	 1.0	 
7	 8	  37
0.8359827294440259	 -0.09995626306627466	 0.539575408580804	 0.01921037755146478	 
0.2542170282299692	 0.9419390308419546	 -0.2193731176202818	 0.16032803171337898	 
-0.4863194203702325	 0.3205613945102318	 0.8128553461227999	 -0.2605718849941509	 
0.0	 0.0	 0.0	 1.0	 
8	 9	  37
0.9315884438245868	 0.1868231890599196	 0.31183339680343203	 -0.2862866625143575	 
0.011728445196196683	 0.8419348838181587	 -0.5394516613964446	 -0.0642528945654937	 
-0.3633254944340747	 0.5062042546636542	 0.7821456626835241	 -0.010189229104886724	 
0.0	 0.0	 0.0	 1.0	 
8	 10	  37
0.7262532188668356	 -0.3842951658204409	 0.5699767430453632	 -0.1470933947575623	 
0.3262317091140563	 0.9225035173381373	 0.20630107238520887	 -0.1958533970871694	 
-0.6050860550814919	 0.036117669163514415	 0.7953404176326713	 0.13214400209967242	 
0.0	 0.0	 0.0	 1.0	 
8	 15	  37
0.8998848746328642	 -0.3031200530468922	 0.31356888533118654	 0.08427285996938855	 
0.23705034908153502	 0.9434561962473997	 0.23172729179514076	 -0.2814113877607965	 
-0.36607969679745406	 -0.13419627119721778	 0.9208566752700694	 0.7730483032883537	 
0.0	 0.0	 0.0	 1.0	 
8	 16	  37
0.9316302590616786	 -0.21752890946333264	 0.2911120642439326	 0.6063286263498534	 
0.19158857744650398	 0.9746919878407511	 0.11519264660155859	 -0.640454744536043	 
-0.30880232737577445	 -0.05154320892939982	 0.9497286034549897	 1.0763949383994502	 
0.0	 0.0	 0.0	 1.0	 
10	 14	  37
0.762361834918741	 -0.28587621420096376	 0.5805852416428229	 -0.46445041616084426	 
0.33821798177824186	 0.9408725673430651	 0.01916791128743421	 -0.14950923254224868	 
-0.551736376778968	 0.18175148465802055	 0.8139738130698196	 0.3340103613033669	 
0.0	 0.0	 0.0	 1.0	 
10	 15	  37
0.9401681988606418	 0.17004470373972833	 -0.2952432159782908	 -0.18531557695850712	 
-0.10924723758803183	 0.9712520628582315	 0.2115052516440503	 -0.32656068611868966	 
0.32272093041902294	 -0.1665960057255187	 0.9317172167271475	 0.6956678277043814	 
0.0	 0.0	 0.0	 1.0	 
10	 16	  37
0.8616554848183452	 0.30693191193768854	 -0.4041566860967877	 -0.00806572463763208	 
-0.2812573720734701	 0.951701262692086	 0.12312187963402414	 -0.7878642233227234	 
0.422426462401195	 0.007583404549703864	 0.9063654758642606	 1.2641151824276062	 
0.0	 0.0	 0.0	 1.0	 
11	 12	  37
0.8488590605233283	 0.009800842206469878	 0.5285283709125705	 -0.3497733260830909	 
0.1806047739758884	 0.9342873018201444	 -0.3073908802725811	 0.08391409681814484	 
-0.49681003510856186	 0.3563862808101316	 0.7913081623904501	 -0.20174820079475775	 
0.0	 0.0	 0.0	 1.0	 
11	 13	  37
0.7929246579877542	 -0.10254694526656169	 0.6006285131189661	 -0.3618015005558222	 
0.33467189815111886	 0.8970317639168173	 -0.288667170132334	 0.2567277257541817	 
-0.5091809180860276	 0.4299048017186823	 0.7455981854298538	 -0.4262239801682078	 
0.0	 0.0	 0.0	 1.0	 
12	 13	  37
0.9914907221609289	 -0.10207396973978144	 0.08079017619959072	 0.1456969494706658	 
0.1006644967457832	 0.9946915063554348	 0.021341655963712722	 0.02532461943679323	 
-0.08253972960772885	 -0.013027351454436878	 0.9965026247583921	 -0.22746053512323527	 
0.0	 0.0	 0.0	 1.0	 
14	 15	  37
0.5037714099485787	 0.5850783020813832	 -0.6355295012444239	 -0.09554026816578343	 
-0.3721270741217462	 0.8109267806898816	 0.45157413241408534	 -0.15643325833916405	 
0.7795741191342931	 0.009007596433590443	 0.6262452043588683	 0.3550040212858688	 
0.0	 0.0	 0.0	 1.0	 
15	 16	  37
0.9979106236208597	 0.0502718642713413	 -0.04058481153472303	 0.2862804302065086	 
-0.05557307738645958	 0.988262465061949	 -0.1422987463735262	 -0.4584302509578799	 
0.03295482262770777	 0.14425685360620652	 0.9889913750145711	 0.3534536524722149	 
0.0	 0.0	 0.0	 1.0	 
16	 17	  37
0.6714704157527392	 -0.45668351830547266	 0.5835817379570555	 -0.13525019230836194	 
0.44407432702078437	 0.8784392687291152	 0.17647221661126367	 -0.09568558029277174	 
-0.5932330678998599	 0.14065779488812663	 0.7926474070400589	 0.41260767330777104	 
0.0	 0.0	 0.0	 1.0	 
17	 18	  37
0.9388628832455543	 0.2544602660278166	 -0.2319190795878962	 -0.0022756545208532583	 
-0.3313887930350405	 0.850574875104563	 -0.4082938276433232	 -0.28197626143057725	 
0.09336998615520448	 0.46018730409900444	 0.8828984600912309	 0.4309643826878097	 
0.0	 0.0	 0.0	 1.0	 
17	 19	  37
0.9319128557469197	 0.17519918869683856	 -0.31755892929280016	 -0.03648867197820003	 
-0.2703057913770391	 0.919294818485066	 -0.286062608277525	 -0.6861327994104363	 
0.2418123413758124	 0.35242343989365726	 0.904060014917079	 0.8493199489240718	 
0.0	 0.0	 0.0	 1.0	 
18	 19	  37
0.9899132738037788	 0.00976553050523472	 -0.14133769759351347	 0.1269870723335384	 
-0.0030679273391298317	 0.9988652052167961	 0.047527777446972695	 -0.0684003655550975	 
0.14164144227211892	 -0.04661476398265294	 0.9888198853228604	 0.5166945952967952	 
0.0	 0.0	 0.0	 1.0	 
19	 20	  37
0.7831378877905634	 -0.4676427006766876	 0.40988456083481456	 0.07941238224567893	 
0.3461179255170073	 0.8754013403733403	 0.33745351518151784	 -0.03390749210112561	 
-0.5166211671454607	 -0.12240423920915887	 0.8474194781103918	 0.4501419688432026	 
0.0	 0.0	 0.0	 1.0	 
20	 21	  37
0.22487051906012218	 -0.5882733078394624	 0.7767675102250655	 -0.08920625089759392	 
0.7591860114602976	 0.6054922189507327	 0.2387797579216484	 -0.3641541820747138	 
-0.6107944414126855	 0.5360164998148222	 0.5827662157895143	 0.3243806163447721	 
0.0	 0.0	 0.0	 1.0	 
21	 22	  37
0.951593607637934	 -0.06326023855689018	 0.30077856991538876	 -0.15328475251546325	 
0.17796617442590265	 0.911263417518666	 -0.3713852779155518	 -0.10698093636085143	 
-0.2505945862600191	 0.40693626787241216	 0.8784106256342994	 0.015626689473368677	 
0.0	 0.0	 0.0	 1.0	 
21	 28	  37
0.612031398379964	 -0.4584068697996312	 0.6444227720352287	 0.08309460300106444	 
0.5498028169470516	 0.8323621651941159	 0.06992916723692001	 -0.5296715785443099	 
-0.5684491444924087	 0.31150660935823804	 0.7614651682460476	 0.5598658194882244	 
0.0	 0.0	 0.0	 1.0	 
22	 23	  37
0.9870564695840616	 0.12991115924000673	 -0.09403518786692114	 -0.06175397133601598	 
-0.16009053272451368	 0.8329530272319975	 -0.5296794084699092	 -0.1300600259354171	 
0.009515628420194646	 0.5378776302561473	 0.8429692210785635	 0.25026570479678717	 
0.0	 0.0	 0.0	 1.0	 
22	 29	  37
0.9638357289808812	 0.17780209454614784	 -0.19851222308688307	 0.05772207389560366	 
-0.14923751683237707	 0.9772494669966652	 0.15070382485006475	 -0.3586717957318727	 
0.22079141991843712	 -0.11562825965020779	 0.9684426954965712	 0.955168063272022	 
0.0	 0.0	 0.0	 1.0	 
23	 28	  37
0.7682924548137352	 -0.5397328109166172	 0.34411509222399944	 0.11342014509357741	 
0.051083087609694836	 0.5875817502381253	 0.8075507445030075	 0.2103155214298366	 
-0.6380573814607469	 -0.6028566824769783	 0.4790058437600809	 0.41726593115669103	 
0.0	 0.0	 0.0	 1.0	 
23	 29	  37
0.9758264205664279	 0.016486158507667867	 -0.2179243068181532	 0.1723958285120619	 
0.12773312896449437	 0.7660832717138348	 0.6299211605948521	 0.19215166781243576	 
0.17733314605412145	 -0.6425298649696259	 0.7454584682815407	 0.7137465837384747	 
0.0	 0.0	 0.0	 1.0	 
23	 30	  37
0.8566807174564857	 -0.14196744483573526	 -0.4959268020031317	 0.2986559906208749	 
0.21206220851287416	 0.9733134314415847	 0.08769597422943502	 0.1467209103990732	 
0.47024224401778597	 -0.1802947830144288	 0.8639247786462062	 0.6488472089322973	 
0.0	 0.0	 0.0	 1.0	 
24	 27	  37
0.8529876668200582	 0.1807732802037771	 0.4896254297085069	 -0.08904410750238839	 
0.20066637510097998	 0.752412844685834	 -0.6273817952854572	 0.013257859417142987	 
-0.48181432747138825	 0.6334002939027874	 0.6055237580204073	 -0.170920362420839	 
0.0	 0.0	 0.0	 1.0	 
24	 28	  37
0.953759228968651	 -0.1770362271395226	 0.24290225902063575	 0.0308589231382444	 
0.12313747090803996	 0.9673461461708233	 0.22153689703258844	 0.03469586591492521	 
-0.27419062058264587	 -0.18138249024825848	 0.9444151077867422	 0.028201215000936038	 
0.0	 0.0	 0.0	 1.0	 
25	 27	  37
0.9055504024050433	 0.015234634523371753	 -0.4239650629651031	 0.15856237044167507	 
-0.3253242037577737	 0.6663582887520608	 -0.6709178738569985	 -0.0018707283750779692	 
0.2722914452446771	 0.7454760471821772	 0.6083772118712216	 -0.2001626530582925	 
0.0	 0.0	 0.0	 1.0	 
26	 27	  37
0.7672647045685945	 -0.21509434096354146	 -0.6041848207367742	 0.15409049724111537	 
-0.0008078947602797567	 0.9417553020249338	 -0.3362979310284008	 0.03555505625484115	 
0.6413300401737974	 0.25851765044844927	 0.7224018299930374	 -0.03595365052427682	 
0.0	 0.0	 0.0	 1.0	 
28	 29	  37
0.6234726207430181	 0.4412331999974843	 -0.6454418288303075	 -0.11716275806821735	 
-0.5748963833805152	 0.81821636528438	 0.004015962751442035	 -0.20309017136455054	 
0.5298830432839269	 0.3685583302556017	 0.7637988725046447	 0.1567918510008155	 
0.0	 0.0	 0.0	 1.0	 
28	 30	  37
0.4125660304165097	 0.06844365611303108	 -0.9083527599364934	 -0.06747123112644257	 
-0.6058383350373223	 0.7652791534840662	 -0.21750340006978477	 -0.24781824762892227	 
0.6802567032713239	 0.6400494380753664	 0.3571939731768138	 0.0661344131837752	 
0.0	 0.0	 0.0	 1.0	 
29	 30	  37
0.9486207424736686	 -0.03816193697677523	 -0.31410564069256847	 0.07784125369144408	 
-0.12366564002935379	 0.8690270562810023	 -0.4790603144988196	 -0.0156188015577557	 
0.2912481698222988	 0.4932906263226155	 0.8196577709979967	 -0.12356222376174707	 
0.0	 0.0	 0.0	 1.0	 
30	 31	  37
0.9516891017980819	 0.20559527218087975	 -0.2280755084958272	 -0.0639208973728832	 
0.0753777128908432	 0.5636155138065121	 0.8225908782596405	 0.24142801482588855	 
0.2976676904168568	 -0.8000425842750446	 0.5208894406958188	 0.5129904687124691	 
0.0	 0.0	 0.0	 1.0	 
31	 32	  37
0.8109717195608952	 0.3453866314510628	 -0.47226363917554737	 -0.04429881473363892	 
-0.504193520496904	 0.8220570054181765	 -0.2645962466321802	 -0.34143452416082193	 
0.2968396266696569	 0.4526923399592567	 0.8408066849049375	 0.06823605000429694	 
0.0	 0.0	 0.0	 1.0	 
31	 33	  37
0.9021019220357837	 -0.058469717954965555	 0.42754346485662825	 -0.6304194401603741	 
0.2924846154012792	 0.8113173041128061	 -0.5061788041796031	 -0.11314658016611609	 
-0.31727727938336464	 0.5816747580301159	 0.7489923923897327	 -0.2440433358704715	 
0.0	 0.0	 0.0	 1.0	 
31	 34	  37
0.9949139311778304	 -0.09112094214090155	 0.04293301121083759	 -0.5013474249016137	 
0.09585532435891202	 0.9874433264479887	 -0.12556844287231916	 -0.0005792113762016838	 
-0.030952000586766223	 0.12904515084529758	 0.9911555491964877	 -0.01730712167901229	 
0.0	 0.0	 0.0	 1.0	 
32	 33	  37
0.9073194735317551	 0.12437326078214449	 -0.40162503028630425	 0.21840447326298149	 
-0.2092071545267365	 0.9621444970413948	 -0.17467207363453158	 -0.005701002789490833	 
0.3646967773985459	 0.24250620366369535	 0.8989922145045174	 -0.037455947363760296	 
0.0	 0.0	 0.0	 1.0	 
32	 34	  37
-0.6375103044688235	 -0.45388213722010406	 0.622552501568002	 -1.3428912462706653	 
0.4541597639315006	 0.43133544790414113	 0.7795438667624915	 -0.852286633965513	 
-0.6223499984106613	 0.7797055449936493	 -0.06884578842895811	 2.0163982220652836	 
0.0	 0.0	 0.0	 1.0	 
32	 35	  37
-0.5513710768455127	 -0.07487514108465934	 0.8308932836807451	 -1.401081979622132	 
0.3949871721760273	 0.8538322212255779	 0.3390511345112726	 -1.0092794827022737	 
-0.7348299595379902	 0.5151351776422848	 -0.44120367101923225	 2.123189128983947	 
0.0	 0.0	 0.0	 1.0	 
32	 36	  37
-0.5256974483697044	 -0.2556805101596215	 0.8113381967478779	 -1.3307319399115272	 
0.43245357271800616	 0.7409982124364103	 0.5137173898258438	 -1.0390297719128994	 
-0.7325476777800983	 0.6209260228807951	 -0.27897091943144214	 2.0513496608855317	 
0.0	 0.0	 0.0	 1.0	 
33	 34	  37
0.9263000618047305	 0.20250958946978717	 -0.3177389835593517	 0.08291440318439375	 
-0.0007641652344495923	 0.844294124540405	 0.5358795082087434	 0.07926693042020813	 
0.3767858961692256	 -0.4961424164887827	 0.7822244505310637	 0.23531154742764163	 
0.0	 0.0	 0.0	 1.0	 
33	 35	  37
0.8327340142388052	 0.06713126803453222	 -0.5495884409099232	 0.19626659152801956	 
-0.10144568934193812	 0.9943180234605685	 -0.032255857381364945	 -0.0315841370487711	 
0.5443003156747781	 0.08261392784236667	 0.8348126168684757	 0.1120869250373193	 
0.0	 0.0	 0.0	 1.0	 
33	 36	  37
0.8423517143283454	 0.18111513539183766	 -0.5075833893067166	 0.09070310403778542	 
-0.09973511276639951	 0.9779584448935696	 0.18343987391738284	 -0.03838417536087134	 
0.5296191996610121	 -0.10389700569962622	 0.8418485110499875	 0.13223788897208605	 
0.0	 0.0	 0.0	 1.0	 
34	 35	  37
0.9806943115193422	 0.09133456499308666	 -0.17290651980514782	 0.015410008181219695	 
-0.17553907419530207	 0.8008136257174371	 -0.5726111859682355	 -0.010033041631608872	 
0.08616670345476012	 0.5919083832003197	 0.8013861523091866	 -0.2015444889894475	 
0.0	 0.0	 0.0	 1.0	 
34	 36	  37
0.9852365298412636	 0.11176178058619628	 -0.12968532941912853	 -0.05881576355340369	 
-0.15631916378298702	 0.8961686248054177	 -0.4152663181002686	 0.026778746517531857	 
0.0698090201946184	 0.4294078484547867	 0.9004085741400388	 -0.1435870120236475	 
0.0	 0.0	 0.0	 1.0	 
35	 36	  37
0.9999523212863495	 -0.00579359769258677	 0.00786062210126961	 -0.05959500718194612	 
0.004410972568299476	 0.9861628474277373	 0.16572079433257625	 0.0667320090017262	 
-0.008711973085600245	 -0.16567821998981902	 0.9861413838522152	 0.02866411836762973	 
0.0	 0.0	 0.0	 1.0	 
