0	 1	  37
0.9889227801640762	 0.09846187919324637	 0.11107201816068299	 -0.3232389211461818	 
-0.09436865689748121	 0.9946703404532073	 -0.0415387820965617	 0.09389412286862266	 
-0.11457002866333751	 0.03059693070284524	 0.9929438737228033	 -0.1586801425977047	 
0.0	 0.0	 0.0	 1.0	 
0	 2	  37
0.9973974210060642	 0.011398142744538056	 -0.07119316619189153	 -0.5135163657670793	 
0.0057640473964210995	 0.9716589250720438	 0.23631696740913952	 -0.03353632566260653	 
0.07186904986197444	 -0.23611229461808114	 0.9690644065293704	 -0.40929142814054537	 
0.0	 0.0	 0.0	 1.0	 
0	 3	  37
0.9964739474038257	 0.08235603647493524	 -0.016036065651405074	 -0.5507991717782619	 
-0.08384918318090583	 0.9843085834916238	 -0.15526083519229023	 0.06696499981169776	 
0.00299777005988798	 0.15605798832758183	 0.9877433460438068	 -0.13644623685614118	 
0.0	 0.0	 0.0	 1.0	 
0	 10	  37
0.8968013924888053	 -0.07271842232213402	 0.43641642210750897	 -0.47059393361690205	 
-0.02135988610245325	 0.9781340459942032	 0.20687567119576863	 -0.2473792341500811	 
-0.44191743312052	 -0.19484819506987883	 0.8756387172699596	 -0.3781356846106196	 
0.0	 0.0	 0.0	 1.0	 
0	 19	  37
0.056652151895798926	 -0.18010794014495696	 0.9820140852260297	 -1.78224053761755	 
0.13982065894700563	 0.9753317542506665	 0.17081613647996605	 -0.6306125503350475	 
-0.9885548629272939	 0.12762875478142785	 0.08043745356326039	 2.343400447713694	 
0.0	 0.0	 0.0	 1.0	 
0	 35	  37
0.9131386393460263	 -0.022771302598787905	 0.4070126449033772	 -2.1249285688439783	 
-0.009256490798103749	 0.9970229353937758	 0.07654791752152898	 0.08290199203743902	 
-0.40754403775713965	 -0.07366637005264086	 0.9102093842692875	 -0.04184646037506566	 
0.0	 0.0	 0.0	 1.0	 
0	 36	  37
0.3172530708557749	 -0.2269325495908476	 0.9207888503716682	 -1.6336609530467392	 
0.18590772038232034	 0.9669900999567599	 0.174265504583857	 -0.045536736920920924	 
-0.9299402177209191	 0.11589548965259446	 0.34896909167339674	 0.5789504464988814	 
0.0	 0.0	 0.0	 1.0	 
0	 43	  37
0.997831521759196	 0.061076808034258384	 0.024533195961246132	 0.5278423236542866	 
-0.06344747867641448	 0.793383706962381	 0.6054062363208993	 -0.4340442741030905	 
0.017512042523146438	 -0.6056499954982061	 0.7955384411326014	 -0.6718885448906725	 
0.0	 0.0	 0.0	 1.0	 
0	 44	  37
0.9823231401425345	 -0.13704281543763305	 0.1275167246969486	 0.41268473717432264	 
0.09084586713197389	 0.944615939410614	 0.31535338183764977	 -0.3826594847233747	 
-0.16367124599498326	 -0.2981945568724046	 0.9403678692331635	 -0.7089080828243213	 
0.0	 0.0	 0.0	 1.0	 
0	 45	  37
0.9983765064784067	 0.05679267741124496	 0.004352367681430429	 0.2834311567608696	 
-0.056658500283720534	 0.9823608382600261	 0.1782049320267471	 -0.1246838400131022	 
0.005845139653741991	 -0.17816221609959865	 0.9839837697324623	 -0.6550914220579859	 
0.0	 0.0	 0.0	 1.0	 
0	 54	  37
0.8891092902675434	 0.23548558814879297	 -0.3924680977279072	 0.11531758187920974	 
-0.1437865100053307	 0.9577850618288163	 0.2489442003302298	 -0.03751405847483195	 
0.43452285267915663	 -0.16490698321110459	 0.8854352474279414	 -0.26693335881025737	 
0.0	 0.0	 0.0	 1.0	 
1	 2	  37
0.9777414554080428	 -0.05510665410477004	 -0.20244728461981917	 -0.1528171310967034	 
0.1057727354059825	 0.9627689978000632	 0.2487729593822404	 -0.13955229212875742	 
0.18120092389747008	 -0.2646490384423097	 0.9471679426745098	 -0.24906992973808745	 
0.0	 0.0	 0.0	 1.0	 
1	 3	  37
0.9939333028926971	 -0.04239586398513971	 -0.10148487630069514	 -0.2457703339083277	 
0.030077972711639513	 0.9923221201857185	 -0.11996718446174519	 -0.0607159172106456	 
0.10579180005261152	 0.11618692055078357	 0.9875771840897066	 0.0005357867208204775	 
0.0	 0.0	 0.0	 1.0	 
1	 10	  37
0.9380822005573268	 -0.14890662244290323	 0.31277564289785736	 -0.08922667555985365	 
0.05814767684922168	 0.957774050688212	 0.28158074420196133	 -0.37722719748794126	 
-0.34149763201896394	 -0.24595870714601353	 0.9071293632688227	 -0.20496352093154546	 
0.0	 0.0	 0.0	 1.0	 
1	 11	  37
0.9150026599879355	 0.23868219837796728	 -0.3252705649032245	 -0.4043325268674737	 
-0.1126658856562743	 0.9253204355149989	 0.36206144482341723	 -0.44833507526894917	 
0.38739712237481805	 -0.2946402888197632	 0.8735620011080587	 0.19126519303523012	 
0.0	 0.0	 0.0	 1.0	 
1	 35	  37
0.9543748510358369	 -0.12330194793639813	 0.2719655738239926	 -1.753998734164378	 
0.08787161358764359	 0.9864067327958644	 0.1388536532486338	 -0.19331648150789707	 
-0.28538959903231903	 -0.10862038082274318	 0.9522365197964704	 -0.10968325536794112	 
0.0	 0.0	 0.0	 1.0	 
1	 43	  37
0.9917962128263462	 0.0703271358809006	 -0.10674439649042487	 0.9151757078834002	 
0.016782212600998752	 0.7561912045221251	 0.6541354749160088	 -0.5641519207573801	 
0.12672264818701703	 -0.6505604938529291	 0.7488073278716639	 -0.35284302366492026	 
0.0	 0.0	 0.0	 1.0	 
1	 44	  37
0.9720516302478021	 -0.23052298379187627	 -0.04443852018553834	 0.9050673402590403	 
0.23092910844611786	 0.9047870633531938	 0.3578157582625221	 -0.39282859075905824	 
-0.04227735806399419	 -0.3580775389945493	 0.9327342070829907	 -0.41283733369948483	 
0.0	 0.0	 0.0	 1.0	 
1	 45	  37
0.9911219488739312	 -0.022647200059743845	 -0.13101292604089035	 0.6993076835785114	 
0.05209857540498711	 0.9727378603152197	 0.2259796308301697	 -0.23324718568116884	 
0.12232342744181346	 -0.23079895892057817	 0.9652817307191024	 -0.38563011646772694	 
0.0	 0.0	 0.0	 1.0	 
1	 54	  37
0.8440885394199875	 0.15985555367626583	 -0.5118210034559798	 0.4670030977622755	 
-0.04203442966063996	 0.9713164649226411	 0.23404578973630003	 -0.09587735883954779	 
0.5345536870539163	 -0.17604126484730245	 0.8265965332180055	 -0.04079695954666654	 
0.0	 0.0	 0.0	 1.0	 
2	 3	  37
0.9953288420832106	 0.08595985665589927	 0.04394768663983583	 0.019729892061821862	 
-0.06440846116260977	 0.9303435200533201	 -0.3609882059367915	 -0.02776418827566285	 
-0.07191693992350194	 0.35647137015263364	 0.9315342806432536	 0.26758057704778226	 
0.0	 0.0	 0.0	 1.0	 
2	 10	  37
0.8461910556745602	 -0.07199887686085085	 0.5279932376717981	 -0.04520231925959527	 
0.07764152485547127	 0.9969148981168791	 0.01150997527057044	 -0.25118936175969603	 
-0.5271930300321594	 0.031254561961223844	 0.8491705726425766	 -0.005180988223691259	 
0.0	 0.0	 0.0	 1.0	 
2	 11	  37
0.9325082185523553	 0.34121334335529196	 -0.11832952568406743	 -0.20799987025726235	 
-0.326577518876743	 0.9365859781377104	 0.12709771721057508	 -0.36585261572369	 
0.1541932115776292	 -0.07987590295034035	 0.9848067290749207	 0.402471043237853	 
0.0	 0.0	 0.0	 1.0	 
2	 34	  37
0.9586967860653043	 -0.05413788542581048	 0.2792303023485759	 -1.6680222326911427	 
0.031251140126715926	 0.9958241455599339	 0.08577667142415192	 0.24869016192139273	 
-0.28270804486048073	 -0.07350755390739323	 0.9563852784781433	 0.049349543024377246	 
0.0	 0.0	 0.0	 1.0	 
2	 35	  37
0.8949697424095935	 -0.028355514166002932	 0.44522480275439147	 -1.5215234298966847	 
0.09828244316720157	 0.985991109153676	 -0.13476681355211018	 0.0103980843976384	 
-0.4351663147997453	 0.16437000178343084	 0.8852190581869117	 0.4312684654859071	 
0.0	 0.0	 0.0	 1.0	 
2	 43	  37
0.9910869982030525	 0.0027928777102386552	 0.13318694315494253	 0.8745412112766758	 
-0.056012459462546564	 0.9158468159186007	 0.39760182866369886	 -0.3330710714342377	 
-0.12086838452556092	 -0.40151813110475637	 0.9078403075521185	 -0.4195091657374562	 
0.0	 0.0	 0.0	 1.0	 
2	 44	  37
0.9588927051764259	 -0.1772801851568657	 0.22157733618351616	 0.8244225528829264	 
0.16057491564802992	 0.9827820221151032	 0.09140674740946354	 -0.26037158867883087	 
-0.2339668276146506	 -0.05206950122765486	 0.9708492625623396	 -0.44739903303680045	 
0.0	 0.0	 0.0	 1.0	 
2	 45	  37
0.9959611550224927	 0.037522328207437484	 0.0815686984826564	 0.7649826913303054	 
-0.033647517412549975	 0.99826256240076	 -0.04837045669663056	 -0.04935020613548671	 
-0.08324195011070577	 0.04543051171802755	 0.9954932678560934	 -0.3270867038592861	 
0.0	 0.0	 0.0	 1.0	 
2	 46	  37
0.8393602963267482	 0.30337467536215323	 -0.4510411281681318	 0.5639362108912174	 
-0.30894289984666296	 0.9489676937230652	 0.06336087834192734	 -0.14479891554624183	 
0.44724554506960496	 0.08616334846577008	 0.8902512565543269	 0.14830202511433171	 
0.0	 0.0	 0.0	 1.0	 
2	 53	  37
0.7917014597847558	 0.2737000512450584	 -0.5461657994813827	 0.35011951389815477	 
-0.3117541720149999	 0.9498572408611304	 0.02409477567693542	 -0.042527142299679896	 
0.5253742806856153	 0.15119359752361292	 0.8373304970332438	 0.08143727112453585	 
0.0	 0.0	 0.0	 1.0	 
2	 54	  37
0.920072817160355	 0.22569198408990088	 -0.3202017167976631	 0.6193642047600075	 
-0.23047118494871746	 0.9727970411509822	 0.02342967426635978	 -0.02019863072015102	 
0.31677917234398634	 0.052240262685572206	 0.9470596131836689	 0.08805391818388685	 
0.0	 0.0	 0.0	 1.0	 
3	 10	  37
0.8921089383766229	 -0.14020013619315577	 0.4295178271969114	 0.06157349623663967	 
-0.03831521456072378	 0.9237391059969269	 0.3811010474731929	 -0.3590963723395973	 
-0.45019283246371333	 -0.35644071858223475	 0.8187041148882055	 -0.15683327894506352	 
0.0	 0.0	 0.0	 1.0	 
3	 35	  37
0.9225287160626506	 -0.09106619493008004	 0.37503028701793284	 -1.4919118089165777	 
0.006632537371889828	 0.97535879938767	 0.2205248781998365	 -0.011961175796203313	 
-0.385871452024903	 -0.20095313035133083	 0.900400500840706	 0.049983949184000155	 
0.0	 0.0	 0.0	 1.0	 
3	 45	  37
0.9995892924124644	 -0.025708128261185254	 -0.012662489315081933	 0.8650596581480442	 
0.028417131650985344	 0.9462956474856581	 0.32205126017208724	 -0.18386135732000905	 
0.0037031234220153792	 -0.3222788229018549	 0.9466375479484825	 -0.4875960418073914	 
0.0	 0.0	 0.0	 1.0	 
3	 54	  37
0.9015472431565054	 0.1545481388414826	 -0.40413789866522	 0.6506781711110083	 
-0.010014494263425386	 0.941235739729491	 0.3376018248773633	 -0.03576048415914411	 
0.4325647677071649	 -0.30031675783497647	 0.8501162077633478	 -0.12140066464000862	 
0.0	 0.0	 0.0	 1.0	 
4	 5	  37
0.92381613206635	 -0.03313544705634185	 0.38139978537270364	 0.2277049835385285	 
0.03225698190914291	 0.9994417598234212	 0.008698036512645604	 -0.005184500812242775	 
-0.381475086017529	 0.004267419529234273	 0.9243692703019069	 0.10071431947187383	 
0.0	 0.0	 0.0	 1.0	 
4	 6	  37
0.9044521188773516	 -0.10464997375344534	 0.41353929396330813	 0.41506165813745083	 
0.051170558001677045	 0.9890570998027418	 0.13837495193706928	 0.020624016714501633	 
-0.42349490983017213	 -0.10399248205131217	 0.8999097871591024	 -0.32367193418651496	 
0.0	 0.0	 0.0	 1.0	 
4	 9	  37
0.9775986182552219	 0.1679949550111781	 -0.12680156417123709	 0.6985468031910251	 
-0.07947697431146039	 0.8524811822535687	 0.5166809890617733	 -0.40981339303152137	 
0.1948957468488615	 -0.49502881632724066	 0.846736156583546	 -0.16912266057337857	 
0.0	 0.0	 0.0	 1.0	 
4	 10	  37
0.8171602901713898	 0.3047197140342676	 -0.48928003847069346	 0.5246523871607943	 
-0.12278719440205195	 0.9213799501405351	 0.3687577692332682	 -0.2968798526891307	 
0.5631805794395632	 -0.24125688250886776	 0.7903307861802042	 -0.2567139598305155	 
0.0	 0.0	 0.0	 1.0	 
4	 18	  37
0.3944901964553012	 -0.25131503223309515	 0.8838655098341233	 -2.492722647515928	 
0.12984056192254687	 0.9674676837524233	 0.21713523291800824	 0.15097657227679087	 
-0.9096806656076041	 0.029103873769627364	 0.41428740163237693	 -0.2684418421209556	 
0.0	 0.0	 0.0	 1.0	 
4	 19	  37
0.9420124562730983	 -0.033863255881883235	 0.3338649609159403	 -2.2179444450522854	 
-0.03538013174123225	 0.9793285737786666	 0.199157703488003	 -0.24030641871995084	 
-0.3337076242825407	 -0.19942122374943005	 0.9213416288293844	 -0.19938387816480432	 
0.0	 0.0	 0.0	 1.0	 
4	 20	  37
0.575452945639281	 0.011175832913400172	 0.8177585267753351	 -2.3660425466769808	 
-0.021027591989830834	 0.9997782530439787	 0.0011336293214012489	 -0.009066738994803066	 
-0.8175645220593811	 -0.01784784297949981	 0.5755603415549013	 -0.22480930644138997	 
0.0	 0.0	 0.0	 1.0	 
4	 36	  37
0.9882386279848332	 -0.006585976106478606	 0.15277774405121694	 -0.6965735140098118	 
-0.0269195461852826	 0.9759776970995729	 0.2162010009167227	 0.1322354853231732	 
-0.150531565433409	 -0.2177708880519601	 0.9643215688375054	 -0.8232973708673685	 
0.0	 0.0	 0.0	 1.0	 
4	 37	  37
0.7602521578061482	 -0.18520062883661728	 0.6226695621512389	 -0.22908000738681952	 
0.015118866808357632	 0.9632861514053191	 0.26805076082182483	 -0.061077777326961964	 
-0.6494521355862383	 -0.1943721111405892	 0.7351403988308788	 -0.10783382399668788	 
0.0	 0.0	 0.0	 1.0	 
5	 6	  37
0.9994214434977283	 -0.02735451876628249	 0.020211595186465873	 0.36741635444119475	 
0.025020070157951997	 0.9938479073369527	 0.1078903757118808	 0.027257345425810483	 
-0.02303854088712257	 -0.10732225950391067	 0.993957322146564	 -0.30930351984387844	 
0.0	 0.0	 0.0	 1.0	 
5	 7	  37
0.9893180162304152	 0.12690156128171748	 0.0717346255735563	 0.6548559740263519	 
-0.14481704587865904	 0.9118652256816925	 0.38409612522837805	 -0.1414336581938763	 
-0.016669912564083338	 -0.3903816132155025	 0.9205022053631201	 -0.25579280145219496	 
0.0	 0.0	 0.0	 1.0	 
5	 8	  37
0.9671993935346325	 0.18477769574128264	 -0.17430586996076877	 0.6715532564005552	 
-0.06910543132560253	 0.851715505756566	 0.5194277010471607	 -0.28200504725015557	 
0.24443766589366103	 -0.4903446751116791	 0.8365478629953461	 -0.14510057313924035	 
0.0	 0.0	 0.0	 1.0	 
5	 9	  37
0.8259581008926324	 0.37747751492728104	 -0.418693134997649	 0.49246247391165465	 
-0.1480352619041413	 0.8618861395116554	 0.48501324079932695	 -0.35549156519128006	 
0.5439474026069132	 -0.3386192673815502	 0.7677618217619147	 -0.0893011307686929	 
0.0	 0.0	 0.0	 1.0	 
5	 37	  37
0.9563565381072152	 -0.09779499582709755	 0.27535124988051307	 -0.27776217825002275	 
0.029511553970002	 0.9698392500668422	 0.24195226225861308	 0.0009854285231117102	 
-0.2907081701670224	 -0.22326658464930021	 0.9303981900117706	 -0.3669248948700393	 
0.0	 0.0	 0.0	 1.0	 
5	 38	  37
0.9627060488283454	 -0.10879461143760523	 0.24771111414600713	 0.2744232386519768	 
0.028927760124371593	 0.9517288491610583	 0.30557385746944105	 -0.09355293501778786	 
-0.26899860267946096	 -0.28701207325948497	 0.9193823043542818	 0.10470812165367953	 
0.0	 0.0	 0.0	 1.0	 
5	 39	  37
0.9294506517180863	 0.20593811708898604	 -0.30612248847588414	 0.6987273435412169	 
-0.06832645041942874	 0.9114464972939044	 0.4057052855753222	 -0.16421175043107109	 
0.3625644524686694	 -0.35616677905233557	 0.8612155614627378	 0.4157846434875179	 
0.0	 0.0	 0.0	 1.0	 
5	 40	  37
0.9056864908735539	 0.35278193631606464	 -0.23511036909978356	 1.0007521467111509	 
-0.10160361969153422	 0.7190323356503961	 0.6875094215752355	 -0.4193469369206305	 
0.41159286280829316	 -0.598779930941431	 0.6870617945913229	 0.4933686298926991	 
0.0	 0.0	 0.0	 1.0	 
5	 41	  37
0.9131377124912274	 0.37073776046287293	 -0.16950820332143654	 0.8350966075610876	 
-0.1141145091980869	 0.6316621166012331	 0.7667990931406542	 -0.5615071233642799	 
0.391353289007219	 -0.6808498244237298	 0.6191010577970355	 0.5084308864281321	 
0.0	 0.0	 0.0	 1.0	 
6	 7	  37
0.9894591037168536	 0.14179248726324828	 0.0294206156893664	 0.3354697751846076	 
-0.14473529570084814	 0.9616703604876273	 0.23289871605052853	 -0.09469292043574869	 
0.004730354133460619	 -0.2347019563516634	 0.9720558705313562	 0.02805836695281901	 
0.0	 0.0	 0.0	 1.0	 
6	 8	  37
0.9572521719795997	 0.23605318265038286	 -0.16717408352063612	 0.27994345709329993	 
-0.13878214763344526	 0.8818891057324371	 0.45056755396798376	 -0.3785427414946137	 
0.2537869081307942	 -0.40810599131974135	 0.8769502295514515	 0.15261094035919487	 
0.0	 0.0	 0.0	 1.0	 
6	 9	  37
0.7963716542473188	 0.4350864939040655	 -0.42010942757055125	 0.11544537951307844	 
-0.27386417862263746	 0.8787376652866362	 0.39092010344051065	 -0.37421772083833393	 
0.5392500347507978	 -0.19626476614221716	 0.8189563734365851	 0.1568888020838829	 
0.0	 0.0	 0.0	 1.0	 
6	 37	  37
0.9622386119618561	 -0.051383869705825855	 0.26731358286434814	 -0.6489015220985289	 
0.01824617046776695	 0.991988552809543	 0.12500315339258083	 -0.002498296685062269	 
-0.27159515995868094	 -0.11540541161003982	 0.9554672469834514	 -0.07123752758566029	 
0.0	 0.0	 0.0	 1.0	 
6	 38	  37
0.9725560376155881	 -0.03570339168065888	 0.2299130738343602	 -0.08579386256988612	 
-0.018050917291514892	 0.9735994710870226	 0.22754831197792597	 -0.21028833433985167	 
-0.23196749358994553	 -0.2254536265433891	 0.9462355648547733	 0.419364459807593	 
0.0	 0.0	 0.0	 1.0	 
6	 39	  37
0.9072815219132402	 0.26606894692344346	 -0.3256494364770866	 0.3353657617122733	 
-0.16289908775582626	 0.9362972290804071	 0.31114528121871027	 -0.2641322519834934	 
0.3876907623391535	 -0.2292483681499183	 0.892827563697204	 0.7217894935466308	 
0.0	 0.0	 0.0	 1.0	 
6	 40	  37
0.8992471583371973	 0.38028368988293676	 -0.21619172840673778	 0.585168747709798	 
-0.19370036945176589	 0.7892874684003436	 0.5826709698452682	 -0.5087472953824811	 
0.39221768840367705	 -0.4820887962141352	 0.7834256042969753	 0.7000411536336487	 
0.0	 0.0	 0.0	 1.0	 
6	 41	  37
0.8923221345195484	 0.418333679816185	 -0.1695822531337693	 0.4574911063660242	 
-0.18220554043660558	 0.6775152215503808	 0.7125828131534913	 -0.7140906816985881	 
0.4129919482032077	 -0.6049545907743719	 0.6807845428770628	 0.7867044161277039	 
0.0	 0.0	 0.0	 1.0	 
7	 8	  37
0.9650633050230231	 0.07953540625472243	 -0.24965363295961887	 0.03812945721221713	 
-0.03147744811904558	 0.9811076359020235	 0.19088472184712543	 -0.2968269036793476	 
0.260119179527294	 -0.17635738126497	 0.9493345493109411	 0.06249787290532763	 
0.0	 0.0	 0.0	 1.0	 
7	 37	  37
0.949783249509121	 -0.1431891932465234	 0.27822407136929045	 -1.0281478836372053	 
0.15839561731680304	 0.9868292899329835	 -0.03284480088526669	 -0.05536256114712414	 
-0.26985664225051714	 0.07526491525122155	 0.9599544703607056	 -0.0747026386139143	 
0.0	 0.0	 0.0	 1.0	 
7	 38	  37
0.9552395913048205	 -0.2308501283666131	 0.18500146333723116	 -0.3758406902605695	 
0.23313854295402572	 0.9723962175351242	 0.009592492515330788	 -0.23738280033351777	 
-0.18210915131610642	 0.03396784297686545	 0.9826914279927477	 0.32915693292843723	 
0.0	 0.0	 0.0	 1.0	 
7	 39	  37
0.9300657879725085	 0.0845947287716331	 -0.3575211349097144	 0.020984598040592172	 
-0.08520478073732614	 0.9962640204916093	 0.014076463099752854	 -0.3073412415722541	 
0.3573762378538624	 0.01737047316420418	 0.9337989565637085	 0.6098795599546676	 
0.0	 0.0	 0.0	 1.0	 
7	 40	  37
0.9288192724885402	 0.18068007819703266	 -0.32349570073893097	 0.3261485456694922	 
-0.06620312402720312	 0.939928479952669	 0.3348904282640847	 -0.5146270693523327	 
0.36457085103296	 -0.2896362579453363	 0.8849852725670214	 0.5886017199080887	 
0.0	 0.0	 0.0	 1.0	 
7	 41	  37
0.9058513529696556	 0.30396471922804524	 -0.29502334786870527	 0.266218804122014	 
-0.1289944863126406	 0.8613415686296121	 0.4913767644604454	 -0.7294880580870542	 
0.40347707347999534	 -0.4070579216957875	 0.8194571981261278	 0.5920755066879853	 
0.0	 0.0	 0.0	 1.0	 
8	 9	  37
0.9369413653864493	 0.2531718170455487	 -0.24092511052530335	 -0.1817528469918673	 
-0.28240771339407	 0.9545608432066934	 -0.0951813008529343	 -0.016097855001980587	 
0.205880453767003	 0.1572184075430713	 0.9658652137261766	 0.03988615244186156	 
0.0	 0.0	 0.0	 1.0	 
8	 36	  37
0.9993974951709568	 -0.034564067386023134	 -0.003157830228446572	 -1.420638033610229	 
0.030645049079659994	 0.9214621249834992	 -0.38725757989715265	 0.7544791985515578	 
0.016295018039954683	 0.386927483472845	 0.921966157144854	 -0.450290658260025	 
0.0	 0.0	 0.0	 1.0	 
8	 37	  37
0.8467881693856276	 -0.19339410974912433	 0.4955285203728249	 -1.0177782038199172	 
0.3477777778291452	 0.9061680407945061	 -0.24064517258999213	 0.22933831792910256	 
-0.40249274954557757	 0.37610929283519323	 0.8345905501539375	 0.14541644595457068	 
0.0	 0.0	 0.0	 1.0	 
8	 38	  37
0.8685461530380334	 -0.23043826942493464	 0.43877760201185606	 -0.3365642789914201	 
0.3339440281642649	 0.9262881634037329	 -0.17456123393114759	 0.0031423203892540965	 
-0.36620891045448134	 0.2981416480845663	 0.8814775048639418	 0.3713676401876421	 
0.0	 0.0	 0.0	 1.0	 
8	 39	  37
0.9915500020538167	 0.06237515451724036	 -0.1137450373687898	 0.1521543148018119	 
-0.08224716474232666	 0.9803357749885958	 -0.17937996590856786	 -0.11299441491013056	 
0.10031947626919512	 0.18721941239214668	 0.977182119312779	 0.5248951277253794	 
0.0	 0.0	 0.0	 1.0	 
8	 40	  37
0.9876842604650603	 0.12329631553064498	 -0.09632144208925032	 0.4426058961606868	 
-0.1148088907947886	 0.989375154737809	 0.08919485288964683	 -0.21295660771371702	 
0.10629543839721245	 -0.07703779438757938	 0.9913457812548757	 0.3650839203403234	 
0.0	 0.0	 0.0	 1.0	 
8	 41	  37
0.9838450949706391	 0.1562722852715613	 -0.08733728847529768	 0.3706261011246973	 
-0.12247815521637975	 0.9433782486915422	 0.3082800372882923	 -0.5223713247160723	 
0.13056772417793835	 -0.2926028925893965	 0.9472780038886741	 0.38338721936683245	 
0.0	 0.0	 0.0	 1.0	 
8	 42	  37
0.5858741307220667	 0.7123302716119342	 -0.3864415700929848	 0.1838623374751029	 
-0.523898755237097	 0.6967238202063478	 0.4900061352861749	 -0.5353710703583612	 
0.6182892504416384	 -0.08462566101568311	 0.7813814051319468	 0.41743447880972806	 
0.0	 0.0	 0.0	 1.0	 
9	 10	  37
0.914841071253291	 0.18056146831068492	 -0.3611971352455899	 -0.18749991333311364	 
-0.24280004229248342	 0.9606753641980664	 -0.13472558808808777	 0.04312806818595912	 
0.32266693944514985	 0.21095118104528837	 0.9227056114518309	 -0.02621126475783579	 
0.0	 0.0	 0.0	 1.0	 
9	 20	  37
-0.39832762524575144	 0.08097656943488561	 -0.9136618073273273	 1.5483434217131764	 
-0.20014335060867963	 0.9644202956372971	 0.17273138849091643	 -1.094820399171626	 
0.8951411856088469	 0.2516670192246612	 -0.36794832417251533	 3.183538678080734	 
0.0	 0.0	 0.0	 1.0	 
9	 36	  37
0.940755278172456	 -0.12235339020363062	 0.316242240215221	 -1.5387957634004488	 
0.19773329207798504	 0.9555940193262159	 -0.21849854789441922	 0.40352467484973636	 
-0.27546515531853777	 0.26808528145656463	 0.9231734561130367	 -0.1639415182225983	 
0.0	 0.0	 0.0	 1.0	 
9	 43	  37
0.6870963287630705	 0.5275696567607268	 -0.4995687062513827	 0.563615460693874	 
-0.39204384779791696	 0.8480949259969034	 0.3564219660768847	 -0.32209282762293395	 
0.6117190992638004	 -0.049043386543723345	 0.7895533483129613	 0.29411184311645816	 
0.0	 0.0	 0.0	 1.0	 
9	 44	  37
0.7916279061051689	 0.18521337987839148	 -0.5822553238825456	 0.5574699697561722	 
-0.1907393812846163	 0.9802367330609596	 0.05248271701368111	 -0.28897430648785194	 
0.5804685578932823	 0.06951223685078005	 0.8113102379640564	 0.27575830286764325	 
0.0	 0.0	 0.0	 1.0	 
9	 45	  37
0.6742328953751283	 0.24370370387341217	 -0.6971502761330947	 0.45858774427872795	 
-0.3955479641715481	 0.9163353094275279	 -0.06222064557765642	 0.018402837916362155	 
0.6236600122132356	 0.3177075784660111	 0.7142199127379806	 0.34483595108375703	 
0.0	 0.0	 0.0	 1.0	 
10	 18	  37
-0.6197137308530811	 -0.5027568038570275	 0.6026528751840652	 -2.1414559066842886	 
0.07419771938742549	 0.7269086388756232	 0.682714090352391	 -1.137919304739869	 
-0.781312735228256	 0.46780276495918016	 -0.4131718563342449	 2.1305739778728197	 
0.0	 0.0	 0.0	 1.0	 
10	 19	  37
0.4914212375382437	 -0.2733613379019095	 0.8269091523479826	 -2.316652317479358	 
0.3696714625151918	 0.9251600471665398	 0.08615043197039392	 -0.8482418519505189	 
-0.7885735077329572	 0.2633485638223308	 0.5556971808768293	 1.6561101065818586	 
0.0	 0.0	 0.0	 1.0	 
10	 20	  37
-0.03656058559684891	 -0.19258026005223713	 0.9805999016005598	 -2.3449602389692594	 
0.4207668868962887	 0.8870700730836261	 0.1898997428408339	 -0.6967496206228659	 
-0.9064317682387462	 0.4195468136902266	 0.04859959516248032	 1.561310560933208	 
0.0	 0.0	 0.0	 1.0	 
10	 35	  37
0.9983125911425836	 -0.002254810765399966	 -0.058024875653401954	 -1.594806571505896	 
-0.005859729982373921	 0.9902334556029757	 -0.13929596896221472	 0.38972986618392413	 
0.05777225917959419	 0.13940092981397498	 0.988549314316835	 -0.35494862203253547	 
0.0	 0.0	 0.0	 1.0	 
10	 36	  37
0.7100046824799049	 -0.261691611159074	 0.6537666644190246	 -1.4091492596312916	 
0.32210442852908133	 0.9462610993952495	 0.028959780614638123	 0.10306096062990973	 
-0.6262124942689693	 0.19001955799406958	 0.7561418382824578	 0.33099499906261354	 
0.0	 0.0	 0.0	 1.0	 
10	 43	  37
0.912797034042324	 0.2568535519007012	 -0.3175339785275436	 0.933093252515358	 
-0.11177359823339482	 0.9049067523233191	 0.4106707103478696	 -0.1253209038137957	 
0.39282087187609627	 -0.33936709103220014	 0.854705645320567	 0.058287703154393106	 
0.0	 0.0	 0.0	 1.0	 
10	 44	  37
0.9486613028960408	 -0.043603146275201676	 -0.3132738387138154	 0.955940175918503	 
0.08205005414481915	 0.990471632641938	 0.11060620934850687	 -0.10272360787334782	 
0.3054660717697112	 -0.13063196609757036	 0.943199750016434	 0.07283941953460629	 
0.0	 0.0	 0.0	 1.0	 
10	 45	  37
0.8948118050743469	 0.08981698053229131	 -0.4373153821987635	 0.8137406116620653	 
-0.10614613088296157	 0.9942657438760925	 -0.01298574037538961	 0.10327200681427641	 
0.433641363799818	 0.058039129581531096	 0.8992144499724483	 0.12009640970617506	 
0.0	 0.0	 0.0	 1.0	 
10	 54	  37
0.5825545598289008	 0.2536170834646441	 -0.7722101785119401	 0.5459996172522638	 
-0.27916597722380443	 0.9547079025823226	 0.10295230889853985	 0.1108338511178198	 
0.763345624198654	 0.15559947211269637	 0.626970702900077	 0.4391551295415881	 
0.0	 0.0	 0.0	 1.0	 
11	 34	  37
0.8421034048510782	 -0.38502225972414345	 0.3776502549385277	 -1.5975167483132187	 
0.38092395062908585	 0.9203239675700942	 0.08888609876223678	 0.10957569868255929	 
-0.38178370758238334	 0.06900474065565698	 0.9216721469110881	 -0.0971225398993236	 
0.0	 0.0	 0.0	 1.0	 
11	 35	  37
0.7501994938658059	 -0.31817315008849395	 0.579626229536115	 -1.2977401691027444	 
0.42575913892968065	 0.9031457044143472	 -0.05529007339269549	 -0.07642433169348777	 
-0.5058951225514488	 0.2882597494633573	 0.8130045767509413	 0.19934433343243602	 
0.0	 0.0	 0.0	 1.0	 
11	 46	  37
0.9410764394653366	 -0.02280978550686393	 -0.3374238414344408	 0.7073381664231	 
-0.04023423586185495	 0.9830861015814699	 -0.1786698719481249	 0.5264555443638093	 
0.3357921103121039	 0.18171799735435562	 0.9242414338741072	 -0.292979775621975	 
0.0	 0.0	 0.0	 1.0	 
11	 47	  37
0.4295189813713938	 -0.9018321259592461	 0.04703468113538152	 0.4318160856287814	 
-0.8552699426419195	 -0.42295607398882934	 -0.2993684764454058	 -0.18882513309051102	 
0.28987371363227815	 0.08835709402069804	 -0.9529775727063303	 5.735460280207489	 
0.0	 0.0	 0.0	 1.0	 
11	 53	  37
0.8961234229895928	 -0.027378430524658773	 -0.44295962830874475	 0.5062537732543866	 
-0.08766118276772526	 0.9675119292718517	 -0.23714169551646355	 0.5430299954902534	 
0.4350612920097334	 0.2513385928556659	 0.8646100762402409	 -0.31489350298454816	 
0.0	 0.0	 0.0	 1.0	 
11	 54	  37
0.9776377782971922	 -0.07859263677480494	 -0.19505786805692338	 0.712831997594767	 
0.0489749563206964	 0.9871251300933835	 -0.15226763015002406	 0.6059664290522495	 
0.20451363793037014	 0.13930963707835228	 0.9688998900389979	 -0.3643740100925921	 
0.0	 0.0	 0.0	 1.0	 
12	 13	  37
0.8391651804531604	 0.26819096709069284	 -0.473154736937053	 -0.057713603861848047	 
-0.27023076954262626	 0.9605850606075428	 0.0652048505097798	 -0.34062655435751976	 
0.47199272357464733	 0.07314332853077789	 0.8785629871466389	 0.702706533825248	 
0.0	 0.0	 0.0	 1.0	 
12	 32	  37
0.7637594243401165	 -0.5036246421026266	 0.4037743944316621	 -1.4878363396561352	 
0.4310180273555692	 0.86353400574872	 0.26178709099205627	 -0.3863604224477729	 
-0.48051535025029907	 -0.025908314931141867	 0.8766035348954861	 1.166860648913359	 
0.0	 0.0	 0.0	 1.0	 
12	 33	  37
0.6342607902904612	 -0.4926454260056715	 0.5958302897099216	 -1.7456927580926198	 
0.46169544130204343	 0.8595277103203471	 0.2192018126575866	 -0.2853123583382819	 
-0.6201214150317906	 0.13606101361944434	 0.7726168721894562	 0.7742112048657336	 
0.0	 0.0	 0.0	 1.0	 
12	 47	  37
0.9475843962271243	 -0.198640364889104	 0.25025150841423505	 -0.6699279545602288	 
0.2247054955443119	 0.9711370993886086	 -0.0800010903879753	 0.5594105660400208	 
-0.2271370782128308	 0.13204067414173334	 0.9648699436054244	 -0.7179310264823149	 
0.0	 0.0	 0.0	 1.0	 
12	 48	  37
0.9920293918755075	 -0.09898912890173865	 -0.07796690332689574	 -0.8945967708590283	 
0.08468067774457204	 0.9819310070801459	 -0.16923557590320562	 0.5638615352074737	 
0.09331060214054158	 0.16128437523159078	 0.9824868863421659	 -0.4500258727493304	 
0.0	 0.0	 0.0	 1.0	 
12	 52	  37
0.9976514399384393	 -0.06461773276409649	 0.02271900088439646	 -1.0353168175656358	 
0.06842224593117821	 0.955483986030046	 -0.2869995621980409	 0.5487376642148823	 
-0.003162380510117057	 0.28788001155439996	 0.957661264903696	 -0.7237054169316659	 
0.0	 0.0	 0.0	 1.0	 
12	 53	  37
0.31506306462009914	 0.2429387887591785	 0.9174508216947738	 -1.9224744903089508	 
0.07346595697276397	 0.9575398754152574	 -0.2787833211578687	 1.0315886965855994	 
-0.946223027873592	 0.15523573012022263	 0.2838377170422812	 0.6240865210237695	 
0.0	 0.0	 0.0	 1.0	 
13	 14	  37
0.7722723803443713	 0.2712174350992246	 -0.5744880098447979	 0.2825968742961696	 
-0.3926261199075903	 0.9146764382782082	 -0.09597782673618432	 -0.1499266871533137	 
0.4994397866845905	 0.29968002295262924	 0.8128663994283211	 0.35810150811741437	 
0.0	 0.0	 0.0	 1.0	 
13	 24	  37
0.6652409595668268	 0.2536239448519679	 -0.702231699877138	 -0.14951297131857297	 
-0.38807762477296864	 0.9209613690273559	 -0.03501305342054344	 -0.3056659174230633	 
0.6378481189634245	 0.2958125273834506	 0.7110870029594386	 0.6432338244926051	 
0.0	 0.0	 0.0	 1.0	 
13	 25	  37
0.9193940615792852	 0.24343280064533426	 -0.3089579762730096	 -0.17926689297258933	 
-0.16302493092468287	 0.9506681859815791	 0.2639183056544125	 -0.276928752391852	 
0.357962891135027	 -0.1922770702201961	 0.9137243002338236	 0.6849044709194544	 
0.0	 0.0	 0.0	 1.0	 
13	 26	  37
0.9893220568230972	 -0.06434914150299266	 -0.13077100546812132	 -0.08697815541805773	 
0.05874583688474043	 0.9972002109873582	 -0.04626733032582736	 -0.49339939994254206	 
0.1333821372299415	 0.0380910382451771	 0.9903324079688486	 0.9838743251580984	 
0.0	 0.0	 0.0	 1.0	 
13	 47	  37
0.7793303401691009	 -0.30142975756499996	 0.5493489984938713	 -0.863642698461798	 
0.28768812085516104	 0.9509551365214587	 0.11366562119779534	 0.3675514921391096	 
-0.5566684525017926	 0.06945811383675676	 0.8278259505545229	 -1.2882815746263605	 
0.0	 0.0	 0.0	 1.0	 
13	 48	  37
0.8401749317036552	 -0.2898662679347303	 0.4583488091512294	 -1.4929514119470793	 
0.3832823168228051	 0.915307459367809	 -0.12372113981284952	 0.5649609828501868	 
-0.38366749894629054	 0.279624393677016	 0.8801189969049977	 -0.5385051505006951	 
0.0	 0.0	 0.0	 1.0	 
13	 49	  37
0.994061872725534	 -0.09451360562139481	 0.05392746559822399	 -1.761447024533775	 
0.10592437811662879	 0.9539514791505324	 -0.280636066012757	 0.37279602886064134	 
-0.024920259107995696	 0.2846818465918652	 0.9582980887526777	 -0.3856207887220853	 
0.0	 0.0	 0.0	 1.0	 
13	 51	  37
0.9978784789362312	 0.06342170606626946	 -0.014704709298563967	 -1.938612287370438	 
-0.06363778485110363	 0.902532007931068	 -0.4258945961140606	 0.6426437752039873	 
-0.013739491080683	 0.4259268268840998	 0.9046532841510523	 -0.43323793721815207	 
0.0	 0.0	 0.0	 1.0	 
13	 52	  37
0.8047108700238432	 -0.18521045006730172	 0.5640367938808042	 -1.762742816890276	 
0.3504114320499757	 0.9151152262353279	 -0.19943909095498372	 0.4792993293219739	 
-0.47922045444049494	 0.3581357450717989	 0.8013030289146003	 -0.7214723484747716	 
0.0	 0.0	 0.0	 1.0	 
14	 15	  37
0.9344298752436714	 0.12644237979525574	 -0.33294614105559045	 0.1847836177564125	 
-0.12211310367710199	 0.9919340530643354	 0.033988590463667735	 -0.004361479491040253	 
0.3345582134135144	 0.008897132294939061	 0.9423330848879734	 0.03970414166244904	 
0.0	 0.0	 0.0	 1.0	 
14	 16	  37
0.8672479702820716	 0.2095001660642854	 -0.45165322810831704	 0.20568187723633388	 
-0.18755041490039956	 0.9778016758448181	 0.09342764358450295	 0.13995596737551033	 
0.4612003901909826	 0.0036828160559227775	 0.8872883617818865	 -0.3434023582498511	 
0.0	 0.0	 0.0	 1.0	 
14	 23	  37
0.8903338802405717	 0.14464544554098122	 -0.43172129525889474	 -0.09589689180730414	 
-0.12919017238964423	 0.9894811496199979	 0.06509188816297522	 0.023446589223545172	 
0.4365953287126431	 -0.002179364801549515	 0.8996553614108912	 0.15597923923674492	 
0.0	 0.0	 0.0	 1.0	 
14	 24	  37
0.9932609649459363	 0.007222494779019316	 -0.11567407265171638	 -0.26097059388773985	 
-0.008714447445945782	 0.9998851751392852	 -0.012397376431849898	 -0.15007623837664222	 
0.11557125040588341	 0.01332186570447904	 0.9932098539451636	 0.500539718198604	 
0.0	 0.0	 0.0	 1.0	 
14	 25	  37
0.9635893226874664	 -0.24050157918383938	 0.1168529315541123	 -0.13574613789924214	 
0.17082418217244694	 0.8899131276057785	 0.42293465700982397	 -0.13397689699538948	 
-0.20570541069166204	 -0.3875740132219679	 0.8985942734555975	 0.5168095765497441	 
0.0	 0.0	 0.0	 1.0	 
14	 26	  37
0.8190076594463885	 -0.36135108479645106	 0.44570376628942177	 0.11631414269791802	 
0.3167330267613311	 0.932428937563721	 0.17394385919714603	 -0.19077990036262513	 
-0.47844189148396415	 -0.001292250060353467	 0.8781182645652166	 0.7123401721574478	 
0.0	 0.0	 0.0	 1.0	 
14	 49	  37
0.7073238610065677	 -0.26402534009234707	 0.6557313287009261	 -2.267021023980361	 
0.3468397790632809	 0.9379178004683203	 0.003516706414162077	 -0.16877950709047154	 
-0.6159505851203455	 0.22494625881260905	 0.7549861305587771	 0.590275953873365	 
0.0	 0.0	 0.0	 1.0	 
14	 51	  37
0.7828975318358168	 -0.12525707966669897	 0.6094112885718105	 -2.444012882695095	 
0.23784511036227188	 0.9653767224858892	 -0.10713303486395027	 -0.183759345804169	 
-0.5748923013244679	 0.22881968375944384	 0.7855828372629359	 0.5564706695106554	 
0.0	 0.0	 0.0	 1.0	 
15	 16	  37
0.9887438289832844	 0.06528133589319196	 -0.13462536102634357	 -0.14954569830917352	 
-0.062263203793284434	 0.9977075492942362	 0.026513006896329187	 0.18023098621515093	 
0.1360475435311834	 -0.01783236566720911	 0.9905418076153282	 -0.355861766760256	 
0.0	 0.0	 0.0	 1.0	 
15	 22	  37
0.9289241466725946	 0.1869652393542931	 -0.31959963861335144	 -0.4290541478121826	 
-0.1158115172259458	 0.9665544071200246	 0.2288236669461504	 0.32564723259612355	 
0.35169251087621606	 -0.17554651050377007	 0.9195084558847364	 -0.5672751797602743	 
0.0	 0.0	 0.0	 1.0	 
15	 23	  37
0.9944036438019802	 -0.020819957357774567	 -0.10357568522082773	 -0.25905968169337346	 
0.021330507872884593	 0.9997651659060737	 0.003823934450889365	 0.012673886887276834	 
0.10347174796642969	 -0.006011856320666524	 0.9946142241876246	 0.20740549794749058	 
0.0	 0.0	 0.0	 1.0	 
15	 24	  37
0.9662424596283906	 -0.11817285209166492	 0.22893380318292866	 -0.24388043740427187	 
0.1268745050125721	 0.9916375665084496	 -0.023617719344051418	 -0.18877041270090636	 
-0.22422838622505684	 0.05186630618928891	 0.97315544343809	 0.5772061842278433	 
0.0	 0.0	 0.0	 1.0	 
15	 49	  37
0.4219171482404857	 -0.2942049149402154	 0.8575717976039305	 -2.0979514518841187	 
0.41126730302473524	 0.905074684305761	 0.10816201408806905	 -0.5207998839083271	 
-0.8079883201404437	 0.30705583181865764	 0.5028633916510288	 1.3221347204380518	 
0.0	 0.0	 0.0	 1.0	 
15	 50	  37
0.6715047946486697	 -0.11812272620095648	 0.731524662823271	 -2.1555073684895274	 
0.2859331426235707	 0.9520598593157027	 -0.10873942352786653	 -0.7025226064752154	 
-0.6836106704208584	 0.28218619001400097	 0.6730879626409364	 1.4669162385645722	 
0.0	 0.0	 0.0	 1.0	 
15	 51	  37
0.473243650616282	 -0.17230557439602917	 0.8639162205812712	 -2.263304750385699	 
0.36932161421470333	 0.92914623392246	 -0.016994742173805463	 -0.5285014243000087	 
-0.7997762139656437	 0.3271055869589554	 0.5033487285719681	 1.397930661004854	 
0.0	 0.0	 0.0	 1.0	 
16	 17	  37
0.9360507380445297	 0.11175382397823093	 -0.3336466673481598	 -0.23633065893484625	 
-0.1170691984098698	 0.9931148743911759	 0.004201076846278895	 0.17243218420398393	 
0.33181895453690075	 0.03512732681603221	 0.9426888417292305	 -0.29534412644006675	 
0.0	 0.0	 0.0	 1.0	 
16	 22	  37
0.9685565747213405	 0.10388388527695996	 -0.2260670253350261	 -0.23978477779181037	 
-0.060807958819333735	 0.9799408514394697	 0.1897849304457883	 0.1349225846801144	 
0.24124790923091982	 -0.17007076779931934	 0.9554451215176407	 -0.16114696526465236	 
0.0	 0.0	 0.0	 1.0	 
16	 23	  37
0.9960794502828116	 -0.08479481216101423	 0.02521048501855202	 -0.004707095102262219	 
0.08484211603441445	 0.9963940776698065	 -0.0008107597302024526	 -0.22349938805131797	 
-0.025050829748638224	 0.0029464920015991754	 0.9996818364428701	 0.5425010395503098	 
0.0	 0.0	 0.0	 1.0	 
16	 24	  37
0.9208778156104669	 -0.2125820475384866	 0.3267918630884784	 0.126837372899684	 
0.22439625818326428	 0.9744966892582041	 0.001588061128922225	 -0.42712412437381525	 
-0.3187951819426454	 0.07186846101833366	 0.9450949985483001	 0.9310175014836044	 
0.0	 0.0	 0.0	 1.0	 
16	 48	  37
-0.24244523723385078	 -0.35026880310403713	 0.9047276233843465	 -1.752302653497936	 
0.5249188668836466	 0.7368984662764424	 0.4259587228699704	 -0.6691985868845735	 
-0.8158924501012443	 0.5781802625232835	 0.005205179756409532	 1.7096580281474456	 
0.0	 0.0	 0.0	 1.0	 
16	 49	  37
0.26494622867954337	 -0.2659563098807852	 0.9268606891777658	 -1.707428394996936	 
0.4473162885840457	 0.8854273471412565	 0.12620043938826944	 -0.7666697837744748	 
-0.8542316043532235	 0.38116355304382576	 0.35355722585619	 1.9933487006897805	 
0.0	 0.0	 0.0	 1.0	 
16	 51	  37
0.35791956052547713	 -0.19083028231828775	 0.9140445238299778	 -1.8056882624308466	 
0.4142868990431329	 0.9097246386704706	 0.027702835181710656	 -0.8804116189496631	 
-0.8368153640286926	 0.3687612847713303	 0.40466672877730264	 1.9531109554904273	 
0.0	 0.0	 0.0	 1.0	 
17	 21	  37
0.9447131607562324	 0.1668308144858009	 -0.28228447217651415	 -0.24594486766631002	 
-0.1605426240382073	 0.9859826264024791	 0.04543485775696679	 0.055239565591398476	 
0.28590751959487837	 0.002395781808363831	 0.9582542201673999	 -0.09799873738505421	 
0.0	 0.0	 0.0	 1.0	 
17	 22	  37
0.994073209511771	 -0.06657427398055292	 0.08594370352112844	 0.05962528149899598	 
0.049280353491631866	 0.9806217345024644	 0.18961134085575398	 -0.015087037229191073	 
-0.09690150097240524	 -0.1842522180744088	 0.9780905986890756	 0.12468074687384127	 
0.0	 0.0	 0.0	 1.0	 
18	 19	  37
0.7772634755879612	 0.19916625194326398	 -0.5968201518077243	 -0.2589828684948989	 
-0.2381082866756098	 0.9711379581420546	 0.01398249162655049	 -0.17320267666484743	 
0.5823795440546723	 0.13123974376138234	 0.8022531996347029	 0.04367846798750295	 
0.0	 0.0	 0.0	 1.0	 
18	 20	  37
0.9890050756482037	 0.028386450825266724	 -0.14513156015021242	 -0.09988557566346737	 
-0.05578306486488667	 0.9805153280119957	 -0.18835588976139803	 -0.08667624336369706	 
0.13695696410321684	 0.19438081423605788	 0.9713181193823974	 0.09793639515766708	 
0.0	 0.0	 0.0	 1.0	 
18	 36	  37
0.5934077876714307	 0.2740111985038505	 -0.7568256474415894	 1.1265479739829707	 
-0.23521795337723786	 0.9582599497746981	 0.16251271663108982	 -0.3850249683537712	 
0.7697660111617823	 0.08158266821008467	 0.6330912701244595	 1.2428340477031896	 
0.0	 0.0	 0.0	 1.0	 
18	 45	  37
-0.5807146384192441	 0.3940448861946676	 -0.7123897363027055	 0.9061802609048836	 
-0.11304084895732174	 0.8275514330696201	 0.5498912547871868	 -1.1241595079125797	 
0.8062209840934522	 0.39985904177378606	 -0.4360280627656151	 3.394847890208409	 
0.0	 0.0	 0.0	 1.0	 
19	 20	  37
0.8620391323926656	 -0.11668715955413744	 0.4932267642969989	 0.17871368990034667	 
