0	 1	  37
0.9925789395459977	 -0.016383899984524504	 0.12049322217884086	 -0.03652381875186643	 
0.027169942843736045	 0.9957121765232196	 -0.08842542467672863	 -0.110362079292235	 
-0.11852781519799704	 0.09104300821418862	 0.9887680858925919	 -0.010523043424004631	 
0.0	 0.0	 0.0	 1.0	 
0	 2	  37
0.9445000577682885	 -0.13974068514458246	 0.29730822691446507	 0.07528292580198415	 
0.1326746502310343	 0.9901860366409062	 0.04392095203257266	 -0.06195267254855279	 
-0.30052799879840314	 -0.0020380767153172358	 0.9537708153332906	 -0.18107117951342222	 
0.0	 0.0	 0.0	 1.0	 
1	 2	  37
0.9760467429366319	 -0.1176005259720629	 0.1830378974253331	 0.13283160551659223	 
0.09487646786097885	 0.9871827308836761	 0.12833047841909004	 0.025728490969258895	 
-0.19578358319587785	 -0.10789055628803684	 0.9746940116851238	 -0.16878752751971435	 
0.0	 0.0	 0.0	 1.0	 
1	 34	  37
0.4520731079177577	 -0.678056546747535	 0.5795422542924614	 -1.6912113715449248	 
0.38104395322023027	 0.7342612448058456	 0.5618415524776267	 -1.6707752222238368	 
-0.8064957599466219	 -0.03316238515213516	 0.5903091100424783	 0.8992685423072291	 
0.0	 0.0	 0.0	 1.0	 
1	 37	  37
0.13422828888515498	 -0.680450497595242	 0.720395646006658	 -1.5858977705801427	 
0.15028912869832428	 0.7325437730029569	 0.6639222834260724	 -0.8959802086756479	 
-0.9794875927024608	 0.019150481899400437	 0.2005924095895925	 2.0177007784948096	 
0.0	 0.0	 0.0	 1.0	 
1	 38	  37
-0.30065663750743593	 -0.566825712953663	 0.7670164258067048	 -1.5668740448027434	 
0.06962285177919866	 0.7890359983626145	 0.6103890986887318	 -0.989173133209101	 
-0.9511878073403032	 0.23691940490909982	 -0.1977648875424147	 2.149346742008362	 
0.0	 0.0	 0.0	 1.0	 
1	 50	  37
-0.8730112634936468	 0.48608844956046954	 -0.039615060483672165	 0.28850947049990683	 
-0.14035979030866083	 -0.17263026040789373	 0.9749348298506985	 -1.5696387236240075	 
0.4670658016572554	 0.8566894492144753	 0.2189354346077025	 1.100741306588942	 
0.0	 0.0	 0.0	 1.0	 
2	 34	  37
0.6781322166021096	 -0.2713778125915448	 0.683001302809401	 -2.2945945678401545	 
-0.04970164401529126	 0.9102680494910776	 0.4110253333529293	 -0.9086166506999501	 
-0.7332574195932062	 -0.3126758080004558	 0.6037941666683895	 0.9901033124180861	 
0.0	 0.0	 0.0	 1.0	 
2	 36	  37
-0.1902949354289322	 -0.0628271606823872	 0.9797145428290268	 -2.5758428557099387	 
-0.14599837679971592	 0.9886639761222835	 0.035043063363900166	 -0.216066545886606	 
-0.970810131550937	 -0.1363682155000488	 -0.19731041097566485	 2.8960617031515405	 
0.0	 0.0	 0.0	 1.0	 
2	 37	  37
0.44395779730562956	 -0.7173192490308214	 0.5369865633155003	 -1.9233808199992009	 
0.354744569561197	 0.6910227872357089	 0.6297966321661563	 -1.3427379599161957	 
-0.8228351989179694	 -0.08911005830348706	 0.5612500627445614	 1.2555690126324885	 
0.0	 0.0	 0.0	 1.0	 
2	 38	  37
-0.17543050212042594	 -0.49162072983920235	 0.8529555656176618	 -2.243326111503592	 
0.36990145153801846	 0.7699958373156938	 0.519883955000124	 -1.0333531472145658	 
-0.9123579643297044	 0.4067130050894293	 0.04677046520277066	 1.9164987069635544	 
0.0	 0.0	 0.0	 1.0	 
3	 4	  37
0.41440385705365923	 -0.34773102120614763	 -0.8410425554928715	 3.4260941958632825	 
-0.7663395612971601	 -0.6318076590444722	 -0.1163733593380362	 -0.24788492435735704	 
-0.4909105010589266	 0.6927497519766236	 -0.5283035690646054	 2.805295992622628	 
0.0	 0.0	 0.0	 1.0	 
3	 6	  37
0.7362311200818393	 0.23121819512170977	 -0.6360046258225632	 -0.06919728919030364	 
0.03487638422971307	 0.9256072516356348	 0.37687511664022894	 -1.3447333803939368	 
0.6758308779910114	 -0.2996487309570728	 0.673396809013611	 0.27334442788964286	 
0.0	 0.0	 0.0	 1.0	 
3	 31	  37
-0.29834980930902966	 0.39291122825829017	 0.8698322585382919	 -2.249382532501512	 
-0.8959889850338003	 0.1987695795958801	 -0.39710753320149544	 0.6020649449444984	 
-0.32892420096941066	 -0.8978370792832281	 0.2927412664466626	 0.8674677722326344	 
0.0	 0.0	 0.0	 1.0	 
3	 47	  37
0.3231735544606479	 -0.22993913672727484	 0.9179797639917704	 -0.9682347226132083	 
-0.9280728103276344	 -0.26668049136744376	 0.25992763272608255	 -1.0725381939828442	 
0.18503975904609582	 -0.9359537963623709	 -0.29958434312732113	 3.0141751265283405	 
0.0	 0.0	 0.0	 1.0	 
4	 6	  37
0.9964658045403001	 0.010812748549583877	 -0.08330056932971641	 0.21461830121449982	 
-0.014644654556428454	 0.9988557055256277	 -0.04552816306224039	 -0.015359698717181439	 
0.08271296436940365	 0.046587165697244595	 0.995483903193579	 -0.041181624921379764	 
0.0	 0.0	 0.0	 1.0	 
4	 7	  37
0.993468259561485	 0.11343066348080934	 0.012421828616452314	 0.49038984339391056	 
-0.11346593037755799	 0.9935395182649314	 0.002169859314168104	 -0.03446375330342478	 
-0.012095449037893407	 -0.003565140697296586	 0.9999204917814116	 0.5140316818258145	 
0.0	 0.0	 0.0	 1.0	 
6	 7	  37
0.9916918631904844	 -0.037465023933617135	 0.1230594184263799	 0.22935985277637966	 
0.02636052418526373	 0.9955332672274908	 0.09065669643239654	 -0.09509032172688307	 
-0.12590620019071122	 -0.08665959742008428	 0.9882498383144445	 0.552004604218674	 
0.0	 0.0	 0.0	 1.0	 
8	 9	  37
0.963253006199449	 0.08466803764335488	 -0.25490188200432795	 0.3590128293315741	 
-0.05928101327047958	 0.992630180898276	 0.10569335568275287	 -0.12320726056373364	 
0.26197215026286685	 -0.08669860074695046	 0.9611732128576882	 0.5869889578649978	 
0.0	 0.0	 0.0	 1.0	 
8	 10	  37
-0.10030886746964705	 0.8223839672935761	 -0.5600203044938946	 0.8515308673150288	 
-0.9756233310729211	 0.02911913168187944	 0.21751136070621788	 -0.7552836422135549	 
0.19518516074008724	 0.5681871931930271	 0.7994160784712149	 0.3485602101562112	 
0.0	 0.0	 0.0	 1.0	 
8	 24	  37
0.8046047500944243	 0.12020933035099193	 -0.581516047089033	 1.918830862654411	 
-0.1506205102754652	 0.9885833746962578	 -0.004046375973119463	 0.07204379765695146	 
0.5743906841252274	 0.09084397707456143	 0.8135248698223243	 0.36590820879026303	 
0.0	 0.0	 0.0	 1.0	 
8	 26	  37
0.4568893242757403	 -0.1915687305680921	 -0.8686504284413765	 1.8079588750463536	 
0.13438785848094012	 0.9801911506831049	 -0.14548268493342237	 0.5283353045490113	 
0.8793133962676587	 -0.050266585233736	 0.47358338394962257	 0.3133091924607591	 
0.0	 0.0	 0.0	 1.0	 
8	 28	  37
0.12500969824603844	 -0.2503338269253662	 0.9600549726142423	 -2.00527490604854	 
0.32718646046568123	 0.923917252608234	 0.19830766606662206	 -0.6983967589381983	 
-0.9366544696057203	 0.28932660684726613	 0.1974044557194033	 2.6394651136631846	 
0.0	 0.0	 0.0	 1.0	 
8	 29	  37
0.9608100491115915	 0.08660066037035513	 -0.26333320176081254	 0.8722104810524588	 
-0.05717412448178195	 0.9914330401137509	 0.11743784083738885	 0.46888516165703825	 
0.27124743135359664	 -0.09777961236487206	 0.9575301448987662	 -0.3577299549079825	 
0.0	 0.0	 0.0	 1.0	 
9	 10	  37
0.874675399642822	 0.16679925794955971	 -0.4551054304302972	 0.1978502305770722	 
-0.1572416727466549	 0.9857905612277603	 0.05909336465367211	 -0.09053378405630898	 
0.458495367055659	 0.019874026812256983	 0.888474547438902	 -0.014304315189865779	 
0.0	 0.0	 0.0	 1.0	 
9	 29	  37
-0.6266630684312934	 -0.3895740074836562	 0.6749262858693531	 -1.7613291051891637	 
0.2089289572485927	 0.7503822195049757	 0.6271165884218031	 -0.8584126028965112	 
-0.7507610069038555	 0.5340024506909212	 -0.38884353301655666	 2.5384932786657255	 
0.0	 0.0	 0.0	 1.0	 
10	 11	  37
0.8684476692748265	 0.12907839375056332	 -0.47868299948702725	 0.2984255522873554	 
-0.13392866653150887	 0.9906962993678013	 0.024165154666125253	 -0.19711229012008788	 
0.4773486755111134	 0.04312320356513817	 0.8776551892982042	 0.7304571808798287	 
0.0	 0.0	 0.0	 1.0	 
11	 12	  37
0.9962415209779271	 0.05072116307929093	 -0.07021535085342491	 0.12342491796842216	 
-0.03824703459421466	 0.984907884187932	 0.16880054505006545	 -0.2964045499599726	 
0.07771741261991746	 -0.1654805827894445	 0.9831460626454902	 0.8659263630272651	 
0.0	 0.0	 0.0	 1.0	 
11	 15	  37
0.27506602080239995	 0.4346349022063184	 -0.8575728458761025	 1.384232995126599	 
-0.35032502862790177	 0.8759678088986765	 0.33159127263863797	 -0.7480665329656254	 
0.8953273471288549	 0.2092197398845427	 0.39321246410286953	 2.2975874300813106	 
0.0	 0.0	 0.0	 1.0	 
11	 17	  37
0.383011715795247	 0.5568891972935129	 -0.7370050525616277	 1.1509123352695338	 
-0.2754008246124867	 0.8304031732247553	 0.48433971105105367	 -0.9863010526726591	 
0.8817348872344469	 0.017464015461602884	 0.47142188833105053	 2.1253769716503417	 
0.0	 0.0	 0.0	 1.0	 
12	 13	  37
0.972340878233263	 0.15822329849510855	 -0.17180979113512101	 0.5527028264944995	 
-0.14349511498162326	 0.9850732370288978	 0.09507822918953869	 -0.2131034475776138	 
0.1842888181441755	 -0.06779458313711634	 0.9805312468270896	 0.4254411512920539	 
0.0	 0.0	 0.0	 1.0	 
12	 14	  37
0.8493109802532747	 0.23523890615666754	 -0.4725817557327371	 1.0041011081438274	 
-0.2647340874984853	 0.9643121453409217	 0.004236657212229554	 -0.34295877786184215	 
0.4567129533279807	 0.12151026038242276	 0.8812766505951635	 0.7458979526437387	 
0.0	 0.0	 0.0	 1.0	 
12	 15	  37
0.46849810484114635	 0.40938439584099384	 -0.7828882054304808	 1.2775150590970707	 
-0.4171530748823575	 0.8836575693336205	 0.2124443745444736	 -0.6228913966237407	 
0.7787765005933653	 0.22705443532620787	 0.5847678560952619	 1.1113211078681826	 
0.0	 0.0	 0.0	 1.0	 
12	 16	  37
0.6596758227905368	 0.3733229561081299	 -0.6522712466975034	 1.0780767016792687	 
-0.3361059162444748	 0.9228193420480485	 0.18824790837475056	 -0.9955768007190893	 
0.6722057883498843	 0.09504963116547956	 0.7342376629703877	 1.1267499088766655	 
0.0	 0.0	 0.0	 1.0	 
12	 17	  37
0.47345096301474016	 0.5723040702343848	 -0.6695612270835068	 1.059302051723669	 
-0.4095992746595508	 0.8160161552371537	 0.4078554506076181	 -0.9586980925870706	 
0.779790112670573	 0.08115223709257606	 0.6207589665853288	 1.0222073805157281	 
0.0	 0.0	 0.0	 1.0	 
12	 18	  37
0.6696313124020039	 0.5196145662551924	 -0.5306548859533831	 0.9365835659745769	 
-0.3410679421342521	 0.8498513176572398	 0.40177779521093476	 -0.9791461401341657	 
0.6597473488382323	 -0.08805362236547482	 0.7463109240050301	 1.2325210048353006	 
0.0	 0.0	 0.0	 1.0	 
12	 21	  37
0.1199126598424768	 0.707960374967878	 -0.6959978889945307	 0.5149177950667619	 
-0.591330613902028	 0.6140630743461869	 0.5227376452741458	 -1.127052006893483	 
0.7974641428125476	 0.3488819975290357	 0.49227257970396565	 1.6853220210908517	 
0.0	 0.0	 0.0	 1.0	 
13	 14	  37
0.9387321612295905	 0.14995934768622277	 -0.3103129444846681	 0.5480316206675061	 
-0.1811677138264901	 0.9806528142834406	 -0.07415063927472954	 -0.19723945596408074	 
0.2931896808213158	 0.12582627658597625	 0.9477381279553997	 0.2537895829761498	 
0.0	 0.0	 0.0	 1.0	 
13	 15	  37
0.6422279418848374	 0.34166694882828513	 -0.6861537486166894	 0.9149951001764496	 
-0.3999819490878686	 0.9130030055274272	 0.08024931340363911	 -0.403921472852776	 
0.6538789727971346	 0.2229107623607597	 0.7230166533057932	 0.5287091963995174	 
0.0	 0.0	 0.0	 1.0	 
13	 16	  37
0.817444380610358	 0.23965154519771192	 -0.5237860455308984	 0.744681108861871	 
-0.26540455932042456	 0.9637658056983267	 0.026756151789549227	 -0.7208452846365486	 
0.5112192333045367	 0.11714353866519134	 0.8514295548361698	 0.5315287089623822	 
0.0	 0.0	 0.0	 1.0	 
13	 17	  37
0.7121430043035922	 0.4288739514849661	 -0.555805249308716	 0.6227334001779177	 
-0.3422140100078069	 0.9033439854204554	 0.2585714898419103	 -0.7011863658217797	 
0.6129779056180005	 0.006064465546050778	 0.7900767744224672	 0.39507939378084067	 
0.0	 0.0	 0.0	 1.0	 
13	 18	  37
0.8300879269903179	 0.40285764819042397	 -0.3855641953804801	 0.5639186093246068	 
-0.3129708509958268	 0.9088365424780416	 0.2757995385846515	 -0.7897448448927263	 
0.4615227837191406	 -0.10826751290686892	 0.8804969425029803	 0.6318566588167875	 
0.0	 0.0	 0.0	 1.0	 
14	 15	  37
0.8680790380652842	 0.2220437616835398	 -0.4439992697843917	 0.4565670667108188	 
-0.21202215538555877	 0.9745466794137333	 0.07283800703840912	 -0.12283976288997163	 
0.448871239106842	 0.030908535084806666	 0.8930617409572525	 0.167906641189887	 
0.0	 0.0	 0.0	 1.0	 
14	 16	  37
0.9729486195950654	 0.08072268563354962	 -0.2164597691308091	 0.30816611047823395	 
-0.06788822942672428	 0.9955009417626252	 0.06609888996821468	 -0.4686224167201583	 
0.22082158393907175	 -0.049615753282932586	 0.9740513872957659	 0.22507943529961988	 
0.0	 0.0	 0.0	 1.0	 
14	 17	  37
0.887187639258002	 0.2745314475293019	 -0.37085115216927533	 0.2752662859040087	 
-0.18040208749017275	 0.9461427973586397	 0.2688287444369653	 -0.4491773982369035	 
0.42468009086487746	 -0.17159921714225104	 0.888932241005559	 0.17140740851025849	 
0.0	 0.0	 0.0	 1.0	 
14	 18	  37
0.9697933109158267	 0.17406097832696404	 -0.1708909299137267	 0.25412562441778325	 
-0.1122090108161754	 0.9403893950448416	 0.3210559508541327	 -0.521335001474379	 
0.2165873311035841	 -0.29218241136498263	 0.9315145551704331	 0.40960151169971637	 
0.0	 0.0	 0.0	 1.0	 
14	 20	  37
0.9838229413017662	 0.13156663331302818	 -0.12158388530975746	 0.3464313194279889	 
-0.11131456266584526	 0.9807337875217219	 0.16053132451895444	 -0.862576041025373	 
0.14036199024968496	 -0.14440034283883632	 0.9795136817222997	 0.9422026947455614	 
0.0	 0.0	 0.0	 1.0	 
14	 21	  37
0.6755827816917104	 0.5229679363739642	 -0.5197041875975663	 0.2189371971285627	 
-0.3807784046330291	 0.8510940274887515	 0.36145091359422526	 -0.7069675933564045	 
0.6313443685080391	 -0.04629788221649033	 0.7741193670587582	 1.0375012469580498	 
0.0	 0.0	 0.0	 1.0	 
15	 16	  37
0.9524920486398818	 -0.16846377288478448	 0.253729884923365	 -0.07378995430892374	 
0.16706334731278394	 0.9855703621312977	 0.027219464965894592	 -0.32585430866216736	 
-0.2546541483315135	 0.01646263994033829	 0.9668920551042633	 0.10046012753813142	 
0.0	 0.0	 0.0	 1.0	 
15	 17	  37
0.9974241583016279	 -0.06243308287607848	 0.03531513271783072	 -0.10064290527498508	 
0.0538553187957843	 0.9770257719950655	 0.20620437797207547	 -0.37118755229973355	 
-0.04737776982608759	 -0.20377132040607437	 0.9778714618528709	 0.06690050488255664	 
0.0	 0.0	 0.0	 1.0	 
15	 18	  37
0.959954310164527	 -0.1752309962692341	 0.2185905312291434	 -0.012118583062609717	 
0.11097185267335037	 0.9542569499838054	 0.2776309084411339	 -0.38365450876287766	 
-0.25724107430733456	 -0.24225559096561014	 0.9354887804432033	 0.2706191676739557	 
0.0	 0.0	 0.0	 1.0	 
15	 21	  37
0.9616677449428394	 0.2174245306462281	 -0.16709794077073917	 0.32647839788228356	 
-0.16698742910111755	 0.9476782125955691	 0.27206838091529	 -0.5973675437386303	 
0.21750941786220038	 -0.23373613080765937	 0.9476587330343721	 0.8437393544994606	 
0.0	 0.0	 0.0	 1.0	 
16	 17	  37
0.9769629405347651	 0.14562203840904614	 -0.15600523949938291	 -0.09147749514579487	 
-0.10654310113604379	 0.9662132025513596	 0.2346925964229807	 -0.07896226913877102	 
0.18491073636211652	 -0.21266468711339856	 0.9594695151139402	 -0.0357994840788072	 
0.0	 0.0	 0.0	 1.0	 
16	 18	  37
0.9979086030487605	 0.038579946513359546	 0.051865284037578493	 -0.07935431240108219	 
-0.04817820591903275	 0.9788438641107211	 0.1988556012970633	 0.025252855981713597	 
-0.04309617657862081	 -0.20093849163318542	 0.9786554256450456	 0.18070041477814133	 
0.0	 0.0	 0.0	 1.0	 
16	 19	  37
0.9546541347229522	 -0.14502163741914267	 0.26000809167532135	 0.3061588351516463	 
0.09548818447988253	 0.9763492847292673	 0.1939692780658421	 -0.4253832447750543	 
-0.28198845664513955	 -0.16034587269062756	 0.9459237344680455	 0.7545535555594268	 
0.0	 0.0	 0.0	 1.0	 
16	 20	  37
0.994249085713802	 0.011585766663167798	 0.10646372888498305	 0.20115593836267293	 
-0.014951979216193623	 0.9994114199411334	 0.030874779493403854	 -0.33681288451517605	 
-0.10604335846618122	 -0.032289064744498684	 0.9938371206707565	 0.6316450141181179	 
0.0	 0.0	 0.0	 1.0	 
16	 21	  37
0.8439942991393921	 0.4389645016463223	 -0.3081944018222953	 0.05543433561361697	 
-0.3751073725599988	 0.8937969096563001	 0.24580793994495337	 -0.25568908588537814	 
0.383364163780785	 -0.0918545076914769	 0.9190183171979853	 0.7564978388309603	 
0.0	 0.0	 0.0	 1.0	 
17	 18	  37
0.976520213552343	 -0.10098932621527835	 0.19028775187665226	 0.08428364707015733	 
0.08790085417132854	 0.993223312136935	 0.07603217781760084	 -0.08205661190330645	 
-0.19667666958649957	 -0.0575205025909937	 0.9787796889096348	 0.2059138440859278	 
0.0	 0.0	 0.0	 1.0	 
17	 21	  37
0.9336896439873499	 0.3088168136812066	 -0.18126175630441738	 0.3617637056595057	 
-0.303316905026872	 0.9511212000048036	 0.05802859662564152	 -0.39148615760312727	 
0.19032210548355846	 0.0007990551975106656	 0.9817213747673508	 0.7078826836507166	 
0.0	 0.0	 0.0	 1.0	 
17	 22	  37
0.6127980271513535	 0.6484049149595827	 -0.4517185453085414	 0.28944522171543335	 
-0.5857367830368259	 0.7564028302208456	 0.2911480369701383	 -0.24468541266046534	 
0.5304630042868961	 0.08617322490280983	 0.8433167710847271	 0.7405778303274829	 
0.0	 0.0	 0.0	 1.0	 
18	 19	  37
0.9509970262056046	 -0.17460648212613947	 0.25518078404854694	 0.3218401062071313	 
0.1772978781456428	 0.9840765179324246	 0.012604334930799746	 -0.552729146184652	 
-0.253318215991567	 0.03325632651885898	 0.9668112009039409	 0.47781217552893995	 
0.0	 0.0	 0.0	 1.0	 
18	 20	  37
0.9961701285495657	 -0.030367189650536083	 0.08199334593898609	 0.2589482132989524	 
0.044674930886061136	 0.9828792060863426	 -0.17875294904814004	 -0.4165391029492316	 
-0.07516133005653591	 0.1817313952948407	 0.9804715571745679	 0.3659457047510239	 
0.0	 0.0	 0.0	 1.0	 
18	 21	  37
0.8522194161912459	 0.33530809080219715	 -0.40160994871795336	 0.16478328774201004	 
-0.33743401792133676	 0.9389000991912712	 0.06785931983216452	 -0.4137102497603273	 
0.3998253996635467	 0.077685828702579	 0.913293250715606	 0.5521755187910644	 
0.0	 0.0	 0.0	 1.0	 
19	 20	  37
0.9699315877586863	 0.11611695688761009	 -0.21389148508314915	 -0.011364551074939094	 
-0.14561833274956656	 0.9810597384374512	 -0.1277383684891765	 0.09160690588592041	 
0.19500773378292105	 0.15504400001354876	 0.9684695874546853	 -0.12092803557179221	 
0.0	 0.0	 0.0	 1.0	 
20	 21	  37
0.7892915031366777	 0.42555077123905083	 -0.4426346847842951	 -0.12195339690777472	 
-0.3442488521763626	 0.9036175278891483	 0.25488838943106146	 0.023516831452530657	 
0.5084404103250452	 -0.04880475785569	 0.859713001390084	 0.17667559120270507	 
0.0	 0.0	 0.0	 1.0	 
21	 22	  37
0.8312026982069151	 0.42529535514986144	 -0.3580864914814516	 -0.051623539543423615	 
-0.4043587455273826	 0.904486848628319	 0.13563755222626692	 0.11482121565675303	 
0.3815705431621578	 0.03205310509708682	 0.9237838053595492	 0.06814641157097527	 
0.0	 0.0	 0.0	 1.0	 
22	 23	  37
0.98033194218051	 -0.008078664181389719	 -0.19719030991819378	 -0.14419940776297727	 
-0.08301716464493367	 0.8895834844492433	 -0.44916519741567124	 -0.07482793901947242	 
0.17904589778854205	 0.456701170767262	 0.8714164372473746	 -0.1366722079903195	 
0.0	 0.0	 0.0	 1.0	 
23	 31	  37
0.9928317671882627	 0.08352560880909941	 -0.08549008559419242	 -0.8685549844228955	 
-0.07011002883333545	 0.9862871288294036	 0.1494064368172968	 -0.3559821904462059	 
0.0967970346592387	 -0.14234174432864408	 0.9850731759126615	 0.7324993935523292	 
0.0	 0.0	 0.0	 1.0	 
23	 32	  37
0.9535703406042723	 -0.1405989469917117	 0.26633727043858385	 -0.8206000795067808	 
0.06278036426688768	 0.9577106792581327	 0.2808004285919864	 -0.5036943818965427	 
-0.2945542927583477	 -0.2510422094783032	 0.9220713517282071	 0.677480487964596	 
0.0	 0.0	 0.0	 1.0	 
23	 42	  37
-0.9581476482111325	 0.2600779225790399	 -0.11963510527620333	 0.4088152758923211	 
-0.04855230032193753	 0.2642172893766328	 0.96324031172284	 -2.3591547702046647	 
0.28212720244762923	 0.9287349988998135	 -0.24053179302877736	 3.244293914718709	 
0.0	 0.0	 0.0	 1.0	 
24	 25	  37
0.8292963741009363	 0.1503935473191954	 -0.5381907699206567	 -0.018843360109383898	 
-0.1810946369579339	 0.9834565849218647	 -0.004228243003599982	 -0.004385699411461843	 
0.5286513561583991	 0.10096992868459535	 0.8428124448139775	 0.07987130370218658	 
0.0	 0.0	 0.0	 1.0	 
24	 26	  37
0.7911854057532411	 0.2635685899810475	 -0.5518670601680101	 -0.002898347059059144	 
-0.2270094401301651	 0.9644664211205688	 0.13517113827541122	 -0.04913886489950028	 
0.5678841147759539	 0.018333600472461464	 0.822904314777148	 0.12164834338003838	 
0.0	 0.0	 0.0	 1.0	 
24	 28	  37
0.6711255661086243	 0.18450643049330476	 -0.7180166095725068	 -0.019709347765416753	 
-0.2121616555342477	 0.9758260910419756	 0.05244875558776547	 0.08974320316435805	 
0.7103364740996663	 0.11713589180245862	 0.6940470275242858	 0.06022177729606911	 
0.0	 0.0	 0.0	 1.0	 
24	 29	  37
0.9578834719564074	 0.10808624354681061	 -0.2660387530204518	 0.0807915236596319	 
-0.060056159381016334	 0.9813740471642715	 0.1824780460023035	 0.14340792871189878	 
0.28080689427636835	 -0.15881543850758448	 0.9465332242549669	 0.0382498236027367	 
0.0	 0.0	 0.0	 1.0	 
24	 30	  37
0.9978027820457314	 0.0058690244511478105	 -0.06599365646629184	 -0.16296530531044795	 
-0.010893712430512823	 0.9970453320019039	 -0.07603902263110522	 -0.173172101047274	 
0.0653523922383903	 0.07659086424113734	 0.994918541561828	 0.4318711895905501	 
0.0	 0.0	 0.0	 1.0	 
24	 31	  37
0.9275844664578313	 -0.1004081144899053	 0.35986840390720787	 -0.3330674502375199	 
0.040585579451294346	 0.9845903447789681	 0.17010192153128093	 -0.2607201628356448	 
-0.371402569090121	 -0.14317843242825945	 0.9173658311495165	 0.9247942997215477	 
0.0	 0.0	 0.0	 1.0	 
25	 26	  37
0.9968712200756034	 0.06624855552244478	 -0.04311495652517152	 0.008597604927995963	 
-0.06169069869212066	 0.9931125452130455	 0.09960788239564013	 0.046501005503269445	 
0.049416882538823224	 -0.09663643946077048	 0.9940922342964401	 0.011427871079219536	 
0.0	 0.0	 0.0	 1.0	 
25	 27	  37
0.8550041145087897	 0.2011507270432315	 -0.47802337723485827	 0.24922545888922112	 
-0.2187866662166276	 0.9755838900699058	 0.01919552348553765	 0.0924551491358847	 
0.4702130994122285	 0.08817288951854334	 0.8781373370350998	 0.11701457984908692	 
0.0	 0.0	 0.0	 1.0	 
25	 28	  37
0.9623303795505426	 0.0663443176998966	 -0.26366393781297043	 0.0282847873684817	 
-0.058500205661887496	 0.9975828125516363	 0.03750010718760768	 0.06118944980759867	 
0.265514531676938	 -0.020663097795355245	 0.9638854028658564	 -0.018916574134489265	 
0.0	 0.0	 0.0	 1.0	 
25	 29	  37
0.961830641785423	 -0.15327700572907726	 0.22668916171129674	 0.08320982301101526	 
0.0860096702634444	 0.9557562542624684	 0.2813046730137098	 0.05656984231993301	 
-0.2597771220562263	 -0.25106999413092956	 0.9324589561494272	 -0.0833464011344997	 
0.0	 0.0	 0.0	 1.0	 
26	 27	  37
0.9339247869192888	 0.08827205244543121	 -0.3463993896282615	 -0.04014043450434318	 
-0.14282588051109127	 0.9804671364655301	 -0.13522189973267748	 0.07540600176712663	 
0.3276969029972558	 0.1757618817268229	 0.9282900951199754	 0.01546313604926165	 
0.0	 0.0	 0.0	 1.0	 
26	 28	  37
0.9753292356305756	 0.006742630714923857	 -0.22065225821486545	 -0.008500878121046915	 
-0.02486068311967208	 0.9965297739647635	 -0.07943774944294749	 0.041657375375036255	 
0.21935092559435612	 0.08296352531552295	 0.9721122491297597	 -0.019769033163575263	 
0.0	 0.0	 0.0	 1.0	 
26	 29	  37
0.9379814985693619	 -0.20135928847281762	 0.2822147148667003	 -0.005105253896450116	 
0.14979393868611826	 0.9695201673766569	 0.19388765041342318	 0.03922582266692732	 
-0.3126539369246323	 -0.1395889751938122	 0.9395543804005537	 -0.07683073918135393	 
0.0	 0.0	 0.0	 1.0	 
27	 28	  37
0.9862667164875988	 -0.05845789404169444	 0.1544688919264301	 -0.04279918248175049	 
0.045768355496143553	 0.9953745025057262	 0.08446808507747623	 -0.065411557545342	 
-0.1586922228212453	 -0.07623827375857296	 0.9843802639378559	 -0.02369934830321487	 
0.0	 0.0	 0.0	 1.0	 
28	 29	  37
0.8259541986202231	 -0.27185100476899804	 0.49385898087177843	 -0.039581593898526994	 
0.1627449143940434	 0.953730071552393	 0.25281029143518424	 0.04069073073300373	 
-0.5397348929062314	 -0.1284366841005855	 0.8319797254481301	 -0.0457068682224245	 
0.0	 0.0	 0.0	 1.0	 
29	 30	  37
0.9803311324005096	 -0.015348353804662818	 0.19676203618031096	 -0.07067223882258108	 
0.07689544334851611	 0.9478904060845924	 -0.309177730189323	 -0.2547276121625232	 
-0.18176347718551775	 0.31822665835575986	 0.9304266936589665	 0.3576323084675035	 
0.0	 0.0	 0.0	 1.0	 
29	 31	  37
0.7922899794135735	 -0.2172495212802252	 0.5701572011510083	 -0.08040333892367858	 
0.21895283611440453	 0.9734555197738456	 0.06666338259712479	 -0.5794659724079141	 
-0.5695052625554018	 0.07202080619754965	 0.8188264525504525	 0.8267526784794084	 
0.0	 0.0	 0.0	 1.0	 
30	 31	  37
0.9092229364071739	 -0.1075615046157056	 0.4021743087716097	 -0.11936995281336209	 
-0.010519135749946446	 0.9598021196412213	 0.2804803717112726	 -0.11726468115767998	 
-0.4161766448206706	 -0.25924971332100827	 0.8715426475214989	 0.5531439107601607	 
0.0	 0.0	 0.0	 1.0	 
30	 32	  37
0.6892405009707397	 -0.379473122611841	 0.6172095924698694	 -0.0349392778956832	 
0.07974909603993299	 0.8864305891504765	 0.4559395708853887	 -0.3154359825243334	 
-0.7201302753685732	 -0.2650301111827826	 0.6412265018416078	 0.46475877972159735	 
0.0	 0.0	 0.0	 1.0	 
31	 32	  37
0.9186280950100624	 -0.22825374788092678	 0.32252542479081164	 0.057862126738134234	 
0.17018506226529775	 0.9652372075571045	 0.1983788742006563	 -0.19759641369566777	 
-0.35659426192795063	 -0.1273473977970241	 0.9255393955064188	 -0.07407369352016191	 
0.0	 0.0	 0.0	 1.0	 
31	 33	  37
0.9745209823310009	 -0.016842580359370925	 0.22366310040652299	 -0.0398180879687409	 
0.009336810439677495	 0.999358536215869	 0.03457369033367974	 -0.834267847149613	 
-0.2241019387855312	 -0.03160448669593927	 0.9740531183940898	 0.3949543943666829	 
0.0	 0.0	 0.0	 1.0	 
31	 47	  37
0.11367798345276815	 -0.320038777365044	 0.9405596722488156	 -2.2222444181947654	 
0.5211649202181825	 0.8251980970274201	 0.2177962961032629	 -0.6643786667737999	 
-0.8458513119999804	 0.46542806280349297	 0.2605998394913163	 1.6059911833629368	 
0.0	 0.0	 0.0	 1.0	 
31	 48	  37
-0.4046135993406796	 0.27275759212865963	 -0.8728637529218154	 1.338257690932299	 
-0.6964601105661762	 0.5266586867522759	 0.48741557428801796	 -1.7942762335828237	 
0.5926475762362737	 0.8051297557565142	 -0.023128484099183676	 2.9425224170511877	 
0.0	 0.0	 0.0	 1.0	 
33	 34	  37
0.888888704590039	 0.15456360333491195	 -0.43126205881849955	 -0.3903867476089722	 
-0.1678162586916547	 0.9857904123803152	 0.007413917843127781	 -0.3086021560188984	 
0.426279924663335	 0.06578263739906628	 0.9021962482995841	 0.6194278617747354	 
0.0	 0.0	 0.0	 1.0	 
33	 36	  37
0.8747597183993638	 0.11056009840478559	 -0.47177526398338127	 -0.49601170028200076	 
-0.09224312719345978	 0.9938129407668843	 0.06186310895718399	 -0.33231288154983823	 
0.4756959538943297	 -0.010597330088348372	 0.8795459374265582	 0.9512725592545398	 
0.0	 0.0	 0.0	 1.0	 
33	 38	  37
0.9804866450507996	 -0.15581828601042208	 0.11986075513612414	 -0.961668588500936	 
0.1466309947328442	 0.9857833621568365	 0.08203971159395809	 -0.6247939995279648	 
-0.1309400254341057	 -0.06286353982665557	 0.9893952117833286	 1.203506112150631	 
0.0	 0.0	 0.0	 1.0	 
33	 41	  37
0.406091411573127	 -0.49286185374153085	 0.7695303493514773	 -1.6230443782391808	 
0.4419341351224778	 0.842989798963078	 0.306695971701189	 -0.3620165352570822	 
-0.7998649796434975	 0.21553512931921576	 0.5601433944707872	 1.2168271405991855	 
0.0	 0.0	 0.0	 1.0	 
33	 42	  37
0.2925509542454233	 -0.5116497157925264	 0.80785426129935	 -1.9470477517630276	 
0.4602524336201072	 0.8158633762125523	 0.35004949464586166	 -0.26845270566174984	 
-0.8382014295602582	 0.2694095760816249	 0.47416963609942175	 0.976308846346961	 
0.0	 0.0	 0.0	 1.0	 
33	 47	  37
0.34333087944030033	 -0.40025169983006537	 0.8496602167960392	 -2.370145901708853	 
0.45972703580878993	 0.8604846500713594	 0.21958419692234787	 -0.1109311367468519	 
-0.819008522403285	 0.31522173747175536	 0.4794374791941849	 0.7039587117614072	 
0.0	 0.0	 0.0	 1.0	 
33	 48	  37
-0.540541316098725	 0.741962389525343	 0.3966193365433672	 -2.2287531253066812	 
0.4445957205474738	 0.6521400786067798	 -0.6140423138071316	 1.4423534875073705	 
-0.7142476677323704	 -0.1555799807320541	 -0.6823819595609799	 4.050940346363358	 
0.0	 0.0	 0.0	 1.0	 
34	 35	  37
0.9489414085442992	 0.03907583431292731	 -0.3130228143805334	 -0.14396758897099388	 
-0.11018452107944735	 0.9708560151832095	 -0.21283319547728335	 -0.034573316614176584	 
0.2955834475481568	 0.23645650119065717	 0.9255910266312105	 0.023762790967908464	 
0.0	 0.0	 0.0	 1.0	 
34	 36	  37
0.9985937756692488	 -0.04510296167169116	 -0.027860259206905436	 0.012555587844571683	 
0.046535155826824784	 0.997504449928694	 0.05309756721947498	 -0.003975029637638978	 
0.02539587499589529	 -0.054319381632116505	 0.9982006082508151	 0.36937707365009775	 
0.0	 0.0	 0.0	 1.0	 
34	 37	  37
0.9677725691679483	 -0.2065659210342112	 0.14403740706273382	 -0.13489119243384545	 
0.16041093390356195	 0.9465846106631964	 0.2797246988376088	 -0.3890543830406658	 
-0.1941251829368221	 -0.24760471546982313	 0.9492140529021112	 0.7368080561532879	 
0.0	 0.0	 0.0	 1.0	 
35	 50	  37
0.7264410067218322	 -0.24997904928622078	 0.6401514966560087	 -1.6337503876595927	 
0.14765282486311412	 0.96651630767885	 0.20986869776311187	 0.06937805982677563	 
-0.6711796384448153	 -0.05793705126082463	 0.7390271923469985	 1.2872167020985563	 
0.0	 0.0	 0.0	 1.0	 
36	 37	  37
0.9627229750070013	 -0.19775645409385154	 0.1845450033403666	 -0.17060937135421012	 
0.16038464061424776	 0.9667334630518459	 0.19925656443596312	 -0.3796292476481925	 
-0.21781010180592603	 -0.16223068846556463	 0.9624136134070842	 0.36639414625664574	 
0.0	 0.0	 0.0	 1.0	 
36	 48	  37
0.303210220963242	 -0.264501818973066	 0.9154793005105913	 -1.993065447569715	 
0.4629491934914769	 0.8806009382511222	 0.10109417291236086	 -0.02858011976397018	 
-0.8329115236020049	 0.39316761732266614	 0.3894581088381705	 0.6879022651684519	 
0.0	 0.0	 0.0	 1.0	 
36	 49	  37
0.8175338268796856	 -0.12682271663729722	 0.5617423256727159	 -1.9673340114113447	 
0.24712196541959372	 0.9583311172356682	 -0.14329062755460384	 0.19856928465702736	 
-0.5201626439053592	 0.2559638026803222	 0.8148087846868222	 0.45570910408251214	 
0.0	 0.0	 0.0	 1.0	 
37	 38	  37
0.9138361113338328	 -0.138715744051004	 0.3816562641627086	 -0.11597521971983471	 
0.19650620736915317	 0.9735359678748913	 -0.11667488898340816	 -0.032112281861267425	 
-0.35537145648975577	 0.1816195518281975	 0.9169108278922626	 0.019777086407176108	 
0.0	 0.0	 0.0	 1.0	 
37	 49	  37
-0.26263811129799153	 -0.045792441202795846	 0.9638071772001453	 -2.5865869732633424	 
-0.3044395531231038	 0.951783768202828	 -0.0377388007206132	 -0.4778342519116349	 
-0.9156078751234222	 -0.3033326736675652	 -0.26391572158107124	 3.602158791428032	 
0.0	 0.0	 0.0	 1.0	 
38	 39	  37
0.9306401351295107	 -0.17255698714263307	 0.3226964906446666	 0.18440415686034856	 
0.21363829804836634	 0.9721572161973443	 -0.09627577370464005	 0.11187740659049729	 
-0.2970986645764729	 0.15853842809769148	 0.9415933040985311	 0.06665992258512846	 
0.0	 0.0	 0.0	 1.0	 
39	 40	  37
0.8915059079806374	 -0.2077439369331225	 0.4025663581363271	 -0.13432004342745357	 
0.20854713086598992	 0.9770932934869535	 0.04238856013574459	 0.11019565759399196	 
-0.4021508550819981	 0.04616440718069275	 0.9144088457940869	 -0.0032769199357067743	 
0.0	 0.0	 0.0	 1.0	 
40	 41	  37
0.9985918204242357	 -0.01636372612843417	 0.05046389450890614	 -0.19761833449087707	 
0.009202465509411816	 0.9902491288664258	 0.13900351581105208	 0.19338797143153016	 
-0.052246443040273025	 -0.13834338165043877	 0.9890052668935393	 -0.44440602494386466	 
0.0	 0.0	 0.0	 1.0	 
41	 42	  37
0.972839032698229	 -0.127112980561867	 0.19345931518397771	 -0.04985190160245077	 
0.1329094306221227	 0.9909784144137791	 -0.01722978286736733	 0.2735922303927051	 
-0.18952387635988885	 0.042474372727938296	 0.9809569959742831	 -0.37349704617217533	 
0.0	 0.0	 0.0	 1.0	 
41	 43	  37
-0.15110511582123107	 0.6722768978590826	 0.7247144379530608	 -2.5699477095813177	 
0.5175985494162118	 -0.5707892033976568	 0.6374099363258319	 -1.3833528400738748	 
0.842175151387694	 0.471427044079608	 -0.26172037844898083	 2.8393328276539798	 
0.0	 0.0	 0.0	 1.0	 
41	 44	  37
0.3945830803980038	 -0.304010634433493	 0.8671111386754107	 -2.5506868110729264	 
0.5998262785099081	 0.8000945392654225	 0.007560677655183381	 -0.07202201604282962	 
-0.696069413401118	 0.5171327318870819	 0.4980573353926504	 0.7288663527073257	 
0.0	 0.0	 0.0	 1.0	 
41	 45	  37
0.6024833960720014	 0.24059601422923999	 -0.7610041493937808	 0.9267871302910795	 
-0.38425672739880734	 0.9231435831685597	 -0.012356872722157235	 -0.05020507450282857	 
0.6995430829522271	 0.299865774625442	 0.648629318102394	 0.12185507159416561	 
0.0	 0.0	 0.0	 1.0	 
41	 46	  37
0.9165132836673245	 -0.05134549900488016	 0.39669514818469676	 -0.05750151940178773	 
0.17841149948367574	 0.940089648053883	 -0.2905181413852038	 0.6409272969377172	 
-0.3580122033022408	 0.3370387119514116	 0.8707652777487218	 -0.5060014041307314	 
0.0	 0.0	 0.0	 1.0	 
41	 47	  37
0.9919067824232755	 -0.10017168008301311	 0.07801646936416995	 0.19612238650889355	 
0.11258559089771554	 0.9779830101685912	 -0.17570918172876782	 0.6621434730562445	 
-0.05869769761171429	 0.18307065939392742	 0.9813458686743204	 -0.8482249956330651	 
0.0	 0.0	 0.0	 1.0	 
41	 48	  37
0.9188687807224722	 0.07052948598478952	 -0.3882083917438128	 0.28871789037547746	 
-0.17289575302768073	 0.9563763176229352	 -0.23548120450470353	 0.851413439126658	 
0.3546649438534739	 0.2834959094885072	 0.8909785894760296	 -0.9074143545523792	 
0.0	 0.0	 0.0	 1.0	 
42	 43	  37
0.9340093079909844	 -0.08470085299008788	 0.34706249882255097	 -0.03655599151583019	 
0.13363138454790105	 0.9837962690365358	 -0.11953055715423673	 -0.06126140257184515	 
-0.33131445131477877	 0.15802109521371702	 0.930193564704381	 -0.22587114916790518	 
0.0	 0.0	 0.0	 1.0	 
42	 44	  37
0.9450243387096835	 -0.05676339923871493	 0.3220355815017839	 -0.1469643769990603	 
0.14185455902261618	 0.9584913020117583	 -0.24732914921679777	 0.2422478976114011	 
-0.2946290605673937	 0.27941428108576	 0.9138497558102773	 -0.09746235768950304	 
0.0	 0.0	 0.0	 1.0	 
42	 45	  37
0.8849703225585152	 -0.06441706983534327	 0.46117021727829055	 -0.45279069962554447	 
0.21611966300971355	 0.9340729313727167	 -0.2842534962623113	 0.24702859550041753	 
-0.4124558393952561	 0.3512238602239437	 0.8405486187949792	 0.0799761019403777	 
0.0	 0.0	 0.0	 1.0	 
42	 46	  37
0.9845637664459421	 0.013838399737497342	 0.17447833244986571	 0.0824825186487765	 
0.03373206467619424	 0.9631782475106743	 -0.26673921971646214	 0.27757206564321774	 
-0.17174497842575073	 0.2685072852176851	 0.9478436053329515	 -0.15450485425417923	 
0.0	 0.0	 0.0	 1.0	 
42	 47	  37
0.9885970780290206	 0.006580964536031614	 -0.15044104565662048	 0.3941289352514971	 
-0.032953430401031755	 0.9842840231389981	 -0.17349072948751937	 0.4040594358025129	 
0.14693498132604865	 0.1764699767639886	 0.9732771745826733	 -0.37197248136713434	 
0.0	 0.0	 0.0	 1.0	 
42	 48	  37
0.877945282894853	 0.1729872036903122	 -0.44641629405979755	 0.09407106387507579	 
-0.21259310455975272	 0.9763313060841686	 -0.03976622503617333	 0.2082422991469389	 
0.4289711553663292	 0.12981759556927538	 0.8939413514007999	 -0.6597207846500232	 
0.0	 0.0	 0.0	 1.0	 
43	 44	  37
0.9974676005449943	 -0.06361353256256028	 -0.03180730007283355	 -0.09368719447013268	 
0.060025545764765105	 0.992840994874417	 -0.1032651574947726	 0.2671663463000301	 
0.03814865290745314	 0.10109439832003621	 0.9941451618901822	 0.05224104370673682	 
0.0	 0.0	 0.0	 1.0	 
43	 45	  37
0.9955974217656669	 -0.05672321439429614	 0.0746207124217847	 -0.36883707465284693	 
0.06738209065775629	 0.9865220205314094	 -0.1491105524944967	 0.30760933433632603	 
-0.0651569461542349	 0.1534821812309263	 0.9860009089308444	 0.08435400433345279	 
0.0	 0.0	 0.0	 1.0	 
43	 46	  37
0.9797546696849865	 0.014528793653998976	 -0.19967398775359535	 0.1744925727240396	 
-0.03918789831158564	 0.9919872640939731	 -0.12010652147687327	 0.31975760156893074	 
0.19632904995538536	 0.1254997292041432	 0.9724735071524069	 0.06989542193991109	 
0.0	 0.0	 0.0	 1.0	 
43	 47	  37
0.9010582821555407	 0.06554804036313742	 -0.42871602088498995	 0.35359464078483605	 
-0.07451628167071993	 0.997211170526851	 -0.004147908200165949	 0.38897162100010224	 
0.4272485177562079	 0.035683830806396415	 0.9034297804999039	 -0.09290777059809835	 
0.0	 0.0	 0.0	 1.0	 
44	 45	  37
0.9923119294265931	 -0.02560290109952901	 0.12108478918906633	 -0.31353862999841975	 
0.031484421290467704	 0.9984027099153344	 -0.046912259055843224	 0.04805419514130234	 
-0.11969029172692852	 0.05036387881215946	 0.9915330119452994	 0.03650286149880706	 
0.0	 0.0	 0.0	 1.0	 
44	 46	  37
0.9731829997370347	 0.0865982938945388	 -0.213109325270812	 0.36234755495757	 
-0.08996666404774539	 0.9959258488731381	 -0.0061402692480579885	 0.03066700426558085	 
0.21170934883217996	 0.02514834071809882	 0.9770090647359316	 0.01219856104485862	 
0.0	 0.0	 0.0	 1.0	 
44	 47	  37
0.9003367830485094	 0.10721847012188664	 -0.42177941717748996	 0.5133355273332195	 
-0.06657605386765451	 0.9917014402697146	 0.10998128212738634	 0.07603730185323324	 
0.4300712803027795	 -0.07093978454784523	 0.9000034671194509	 -0.15007196900025918	 
0.0	 0.0	 0.0	 1.0	 
45	 46	  37
0.9563404113528612	 0.11343472613076447	 -0.26934286796029794	 0.5291790977565567	 
-0.11783291110702548	 0.9930334226470546	 -0.000162990550542683	 0.07671722733183618	 
0.26744798124772545	 0.03189332866782919	 0.9630443359020399	 0.013159418407803516	 
0.0	 0.0	 0.0	 1.0	 
45	 47	  37
0.8029826861214272	 0.17126113460932788	 -0.570866385033787	 0.9905932264909401	 
-0.06533570705558052	 0.977347233607167	 0.20130481947525622	 -0.08291888305309264	 
0.592410373957754	 -0.12434632577098456	 0.79598237423607	 -0.03523203468850349	 
0.0	 0.0	 0.0	 1.0	 
46	 47	  37
0.950308197014624	 0.006240097009901569	 -0.3112481194740334	 0.33013779447607117	 
0.029034020838591384	 0.9936648542256155	 0.1085687943689683	 0.028803199170267406	 
0.3099537970742727	 -0.11221059961560709	 0.9441066809493232	 -0.1910008872432333	 
0.0	 0.0	 0.0	 1.0	 
46	 48	  37
0.7354327241830654	 0.1930482111547546	 -0.649516047816083	 0.27119786022985104	 
-0.16599356117587294	 0.9806777073903324	 0.10352474040436546	 0.07094950440784899	 
0.6569511746308296	 0.03167999996194303	 0.7532672379398849	 -0.38619332847075033	 
0.0	 0.0	 0.0	 1.0	 
47	 48	  37
0.8693959320110092	 0.17429199056089312	 -0.4623559401900565	 0.10900727656013356	 
-0.1780973895856327	 0.9833612221544338	 0.03580539883483522	 -0.02033457177141258	 
0.4609034966514066	 0.0512153179162225	 0.8859711947830179	 -0.13954370905756924	 
0.0	 0.0	 0.0	 1.0	 
48	 49	  37
0.8406266801051494	 0.19218699796124186	 -0.5063703610106352	 0.12563692742574684	 
-0.17416894015400847	 0.9811894915419099	 0.08326080694635098	 -0.012781652155985005	 
0.5128469215867678	 0.01820273337643817	 0.8582870705752257	 -0.09044319607218973	 
0.0	 0.0	 0.0	 1.0	 
48	 50	  37
0.6232183606592168	 0.31119882642664964	 -0.7174637031710481	 0.3571141771459803	 
-0.27110562558499013	 0.9464986067575638	 0.1750489279663288	 -0.015681653341553345	 
0.7335534164008846	 0.08541474016038163	 0.6742430625893936	 -0.1464988697677406	 
0.0	 0.0	 0.0	 1.0	 
49	 50	  37
0.9629182165727546	 0.11454451673243704	 -0.2442704686999194	 0.08337136748531129	 
-0.10457882787444733	 0.9930803807637022	 0.05342870111304321	 0.010702260984023822	 
0.24870017481447915	 -0.025901950288590728	 0.9682341204576991	 -0.12944822513962237	 
0.0	 0.0	 0.0	 1.0	 
49	 51	  37
0.9314887961935716	 0.06194490295106718	 -0.3584570428436778	 0.013456522511088274	 
