0	 1	  37
0.8308274959120471	 -0.3526468853228279	 0.4305413409983123	 -0.15182579429457901	 
0.21592432491225763	 0.9172734461191812	 0.33464325924158	 -0.182683745519987	 
-0.5129350426201175	 -0.18506647269764923	 0.8382410409515557	 -0.027942255158196407	 
0.0	 0.0	 0.0	 1.0	 
0	 14	  37
0.9494996948724586	 0.07538137413237156	 -0.3045783608055951	 0.7421579123572616	 
-0.055013027813826464	 0.9956706240995395	 0.07492379512537489	 -0.0829477847119676	 
0.30890758522228484	 -0.05438434277574225	 0.9495359114077714	 0.1457945099260359	 
0.0	 0.0	 0.0	 1.0	 
0	 24	  37
0.516516143066644	 -0.3295089507491713	 0.7903384878188203	 -1.3202023659274036	 
0.28310800198553215	 0.9368023412104818	 0.20555104649288478	 -0.2595527705140491	 
-0.8081218553926871	 0.11758071644083551	 0.5771601527807869	 1.089185585079903	 
0.0	 0.0	 0.0	 1.0	 
0	 25	  37
0.6231148083966692	 -0.38149884630865366	 0.6827785628019879	 -1.241667946048449	 
0.3116289983455916	 0.921786329783829	 0.2306454630244893	 -0.11312254702460753	 
-0.71736692351049	 0.06905499611776052	 0.6932648156110842	 0.3676776025331042	 
0.0	 0.0	 0.0	 1.0	 
0	 26	  37
0.8802618030661832	 -0.2821167032718611	 0.38150927091971004	 -1.7085913883264159	 
0.26002551339201524	 0.9593759023461413	 0.10947424529425093	 0.2068536159971931	 
-0.39689531421760454	 0.002836147482684028	 0.9178595022221895	 -0.1357380608898075	 
0.0	 0.0	 0.0	 1.0	 
1	 2	  37
0.6988324252755794	 -0.06532715195241709	 0.7122960091150569	 -0.46136092810700996	 
0.4581714033090058	 0.805594879729474	 -0.37562728194782463	 -0.025873449074730062	 
-0.5492833572695497	 0.5888541865109224	 0.5929068564751568	 -0.12039288696875719	 
0.0	 0.0	 0.0	 1.0	 
1	 14	  37
0.6283196137846176	 0.32547786507980586	 -0.7065965059895508	 0.6376349839759816	 
-0.3445872620132665	 0.9307515274446508	 0.12231603745073827	 -0.5331009274230021	 
0.6974769399713155	 0.16663058993636745	 0.6969649666272392	 0.5567334183375995	 
0.0	 0.0	 0.0	 1.0	 
1	 15	  37
0.8976084836102258	 -0.275991731980959	 0.34369692176262023	 0.07325304720167661	 
0.29159089046980874	 0.9565205786105406	 0.006567746156745278	 -0.2939948984370349	 
-0.3305658221080549	 0.0943236268000019	 0.9390576609992164	 0.47132268720697906	 
0.0	 0.0	 0.0	 1.0	 
1	 16	  37
0.5074548038028006	 -0.2797097468220725	 0.8150166131007343	 -0.6544765306397325	 
0.43553742546946583	 0.8993897248495732	 0.03748698241306443	 -0.0842615583628579	 
-0.7435030417643831	 0.33594728807915675	 0.5782236993753969	 0.14520264204053734	 
0.0	 0.0	 0.0	 1.0	 
1	 23	  37
0.3062506538917063	 -0.363943375002498	 0.8796338765547248	 -1.71502846630887	 
0.3876757271120251	 0.8916188862743508	 0.23393010119915902	 -0.4277025218653886	 
-0.8694354878880114	 0.26937145622852665	 0.41415087947541257	 0.643222991692837	 
0.0	 0.0	 0.0	 1.0	 
1	 24	  37
0.8982659538059906	 -0.11370034717661259	 0.42448852432654954	 -1.56997304025057	 
0.1295254940793283	 0.9915396233611222	 -0.008504215918582136	 -0.19770229758066485	 
-0.4199302592294577	 0.0626211334678782	 0.905393379159953	 0.3856363905609273	 
0.0	 0.0	 0.0	 1.0	 
1	 25	  37
0.9519286168653219	 -0.13945088602131198	 0.27273679396213574	 -1.0797037095150126	 
0.1792403196865786	 0.9756033562980587	 -0.1267714438610452	 0.30300191831029616	 
-0.24840454140680873	 0.16956279535273003	 0.9536999749610147	 -0.12563892346221822	 
0.0	 0.0	 0.0	 1.0	 
2	 15	  37
0.9413565643519226	 0.18278877800590165	 -0.28361255505822325	 -0.052952299071623625	 
0.0011300086995760356	 0.8388365079541493	 0.5443822517345942	 0.07445391526912405	 
0.3374115318596613	 -0.5127782908415657	 0.7894377002713507	 0.8696186980952818	 
0.0	 0.0	 0.0	 1.0	 
2	 16	  37
0.9648176142796143	 0.01749316820733174	 0.26233749301589143	 -0.28596323213403413	 
-0.10234584954485497	 0.9440725931809777	 0.3134521747978259	 0.13588659457643726	 
-0.2421823657014169	 -0.3292733330693742	 0.9126482202210501	 0.06279717237700116	 
0.0	 0.0	 0.0	 1.0	 
2	 23	  37
0.8838453600227635	 -0.16017600906486934	 0.43950088246359964	 -1.3203132359244674	 
0.004604263495026566	 0.9424810849292686	 0.33422777459124564	 0.4143485484397655	 
-0.46775653958432284	 -0.2933820898940477	 0.8337450263752709	 -0.43165118984279954	 
0.0	 0.0	 0.0	 1.0	 
3	 4	  37
0.9589588197021192	 0.04346054691481441	 0.2801948660796336	 0.010423005962648328	 
0.1522779852745655	 0.7546445536746591	 -0.6382186246184709	 0.2514306971462592	 
-0.2391848601317354	 0.6546928886669223	 0.7170549659633655	 -0.5224739388450411	 
0.0	 0.0	 0.0	 1.0	 
3	 12	  37
0.8534685228515632	 0.2343640847679956	 -0.46547283086387403	 -0.046730216833147493	 
-0.34584847086550147	 0.9228581001541688	 -0.16947496033288084	 0.14708703093774617	 
0.38984652839490985	 0.30562461083933884	 0.8686847998829832	 -0.08699287216963178	 
0.0	 0.0	 0.0	 1.0	 
3	 16	  37
0.7590096406137185	 0.32813390467317294	 -0.5623455397345754	 0.14324876714156823	 
-0.41660072019537936	 0.9085203783867095	 -0.03216460770413284	 -0.10796190277151307	 
0.5003480842254967	 0.258686804186078	 0.8262765468969021	 0.07965889058190972	 
0.0	 0.0	 0.0	 1.0	 
3	 17	  37
0.9639773899153741	 -0.05469398002444892	 0.2603001350000183	 -0.26542317647517893	 
0.08464696066415112	 0.9908331893514611	 -0.10528287101866474	 0.3503081427843995	 
-0.2521556737062729	 0.12352392249558913	 0.9597704708882426	 -0.5814552883360178	 
0.0	 0.0	 0.0	 1.0	 
4	 17	  37
0.994990690435422	 0.09892840879601879	 0.01437692178218924	 -0.2392579820931816	 
-0.09111695850146576	 0.8383084826462393	 0.5375282204654955	 0.07966254647109569	 
0.04112451604925646	 -0.5361455565948936	 0.8431231916649355	 -0.20836190686528477	 
0.0	 0.0	 0.0	 1.0	 
5	 6	  37
0.8625141903917296	 -0.02469552576550613	 0.5054299183665976	 -0.04786259708197573	 
0.29435275295877505	 0.8369282066057123	 -0.4614191519793443	 -0.07156826457208938	 
-0.4116135665870237	 0.5467552541996394	 0.7291316505313685	 -0.10984427881759194	 
0.0	 0.0	 0.0	 1.0	 
5	 11	  37
-0.6057616921432056	 0.7605363305065547	 0.2337461492975305	 -1.3715405015948956	 
-0.17932715696870222	 0.15571720958768834	 -0.9713876267545031	 2.1312262818283303	 
-0.7751738792718196	 -0.6303464449156888	 0.042057297545493484	 1.443851335169099	 
0.0	 0.0	 0.0	 1.0	 
5	 13	  37
0.5492509936167813	 -0.3328647482740139	 0.7665014059787862	 -1.7188587969212763	 
0.5137786960446189	 0.8579114544965936	 0.00440315048926901	 0.28294835631412546	 
-0.6590559896561679	 0.39139365809887244	 0.6422275351449148	 0.007051588450966706	 
0.0	 0.0	 0.0	 1.0	 
5	 17	  37
0.5712620309154572	 0.4617309691823772	 -0.6785751278467632	 0.23569602055944822	 
-0.4592003156437798	 0.8650524853943256	 0.20203778761844196	 -0.03469647951397203	 
0.680290204359141	 0.19618539601867502	 0.7061986464458817	 -0.06761527312174866	 
0.0	 0.0	 0.0	 1.0	 
5	 18	  37
0.884694851116847	 -0.2092834505344933	 0.41655186680618184	 0.09109104530625944	 
0.24599938121147957	 0.9686078927617652	 -0.03581975046229086	 0.18775986189515537	 
-0.3959789449590831	 0.1341610502790866	 0.9084060148067625	 -0.26119491704497905	 
0.0	 0.0	 0.0	 1.0	 
5	 22	  37
0.9810754794552119	 -0.08246460224499799	 0.17518702288782942	 0.3306569904723402	 
0.08874937326414055	 0.9956508881240687	 -0.02833474409582575	 0.4321205560146839	 
-0.17208850152450283	 0.04334626113435844	 0.9841273542020481	 -0.6494642210966021	 
0.0	 0.0	 0.0	 1.0	 
5	 32	  37
0.5825490213144949	 0.517416519986814	 -0.6268307447870274	 1.2120392609364792	 
-0.5790818874292548	 0.8053761392757699	 0.12662322826648986	 0.5503109328982673	 
0.5703514753350746	 0.2892220930876314	 0.7687976167061874	 0.1636980528045893	 
0.0	 0.0	 0.0	 1.0	 
6	 18	  37
0.9989713351900299	 0.0446745139423135	 0.007775556100102804	 0.16491460363042493	 
-0.04270647968057693	 0.8692362444225492	 0.49254899043189054	 0.04963123685953377	 
0.01524559155757143	 -0.49237438924684124	 0.8702499829082786	 -0.13997657354046134	 
0.0	 0.0	 0.0	 1.0	 
7	 8	  37
0.6928786326559109	 -0.006873449038214139	 0.7210214671611345	 -0.4256403406773967	 
0.3857552060936407	 0.8483549274436917	 -0.36261113889904417	 0.050468117171952244	 
-0.6091897252749168	 0.5293832947688548	 0.5904584708843995	 -0.22161402300607888	 
0.0	 0.0	 0.0	 1.0	 
7	 19	  37
0.8067502215841341	 0.11789893969097498	 -0.579011157054589	 1.397630092219118	 
-0.4096780298700819	 0.8177417624047818	 -0.4043047388553455	 -0.34768908780381513	 
0.4258145039987697	 0.5633810877539859	 0.7080139533550281	 0.37677602944791205	 
0.0	 0.0	 0.0	 1.0	 
8	 9	  37
0.9563370102655063	 -0.1734603296869258	 0.23522550206416087	 0.3262157338917749	 
0.08985318091340358	 0.9403508047558632	 0.3281261493309308	 -0.0455432963365244	 
-0.27811136020698	 -0.2926634210486581	 0.9148782396056422	 0.21254172782021916	 
0.0	 0.0	 0.0	 1.0	 
9	 10	  37
0.834425063322255	 0.24253083066260572	 -0.4948874719345364	 1.1102972860704372	 
-0.2829110284057911	 0.9591207972080823	 -0.006974694925933402	 -0.17419751537303757	 
0.4729652880561406	 0.14582898388536772	 0.8689290786669147	 -0.04110952979342483	 
0.0	 0.0	 0.0	 1.0	 
9	 25	  37
0.1533348564757161	 -0.3728370391931858	 0.9151398603466189	 -1.2097652604643139	 
0.4543362737849323	 0.8490021827415476	 0.2697662766605759	 -0.31443482119360133	 
-0.8775345988123738	 0.37441666082820835	 0.29957501895428407	 0.9209933983615874	 
0.0	 0.0	 0.0	 1.0	 
9	 26	  37
-0.5166638624540885	 0.42457881947448556	 -0.7434993472005698	 1.2450937634628607	 
-0.006436789479393388	 0.8664322294385007	 0.49925320182391114	 -1.1127201418879145	 
0.8561641320303128	 0.26273183637290953	 -0.44492129773803696	 3.7339425156953148	 
0.0	 0.0	 0.0	 1.0	 
10	 26	  37
-0.08671995743284103	 -0.4354202727269073	 -0.8960406436547801	 1.8989775223327905	 
0.2905730327419185	 0.8492653976254123	 -0.4408124284084043	 1.3125373590827714	 
0.9529149813210042	 -0.2985924823142335	 0.052873130032309916	 3.0118198209592775	 
0.0	 0.0	 0.0	 1.0	 
10	 29	  37
-0.9252217199096915	 0.09779388197258627	 0.3666075908326021	 -2.5670922308984983	 
-0.2343230688887295	 -0.9072126105975077	 -0.34936797013953985	 0.7052925548822567	 
0.2984249795072798	 -0.4091474499756619	 0.8622881744431461	 0.8088141091004846	 
0.0	 0.0	 0.0	 1.0	 
11	 13	  37
0.9886965415534	 -0.08062492705556157	 0.12640715904421754	 -0.3136742829441108	 
0.048691956346422365	 0.9700719790203857	 0.23788536925718998	 -0.05183755926801247	 
-0.14180353348031527	 -0.22904143000068064	 0.9630325961439415	 0.25100184112979756	 
0.0	 0.0	 0.0	 1.0	 
12	 16	  37
0.24938126661319016	 0.4199128988407912	 -0.8726294409710941	 1.5070655216876798	 
-0.32597233472548237	 0.884914774445227	 0.33266782074942275	 -0.3070467930672889	 
0.9118941938931392	 0.20149193372359905	 0.3575611553123547	 0.4645086755913154	 
0.0	 0.0	 0.0	 1.0	 
12	 17	  37
0.8303147534472235	 0.21337766678237613	 -0.5148275259991302	 2.231704249514822	 
-0.1531456570747585	 0.9755949820118696	 0.15735577139844364	 0.01833981854820521	 
0.5358393583220779	 -0.051811218782887275	 0.8427287699380007	 -0.01657435327415941	 
0.0	 0.0	 0.0	 1.0	 
13	 18	  37
0.8938891157194321	 0.28060303436085376	 -0.34960575782703157	 1.0763098420925918	 
-0.2507017508747133	 0.959423768838133	 0.12905294997320302	 -0.7564243109229791	 
0.37163272313762213	 -0.027712251729412805	 0.9279661363419474	 1.178962515219718	 
0.0	 0.0	 0.0	 1.0	 
13	 22	  37
0.7160634475490206	 0.4071612907471447	 -0.5669857338605002	 1.6068671027850259	 
-0.3055579854173054	 0.9131378095912375	 0.269840060485159	 -0.754638875820035	 
0.6276045384092827	 -0.0199755853990723	 0.7782759917638702	 1.092105914141187	 
0.0	 0.0	 0.0	 1.0	 
13	 27	  37
0.6635085745932859	 0.08492891913881095	 0.7433326645150874	 -1.898090247283385	 
-0.26832097148674255	 0.9544553519593423	 0.1304562661453254	 -0.16729180075965464	 
-0.6983983302540157	 -0.2860105938773639	 0.6560775201821208	 2.033401663969937	 
0.0	 0.0	 0.0	 1.0	 
13	 29	  37
-0.6194472479403618	 0.72758949814387	 0.2947857344069802	 -0.40332674664346346	 
-0.6377504267845712	 -0.6853682871990694	 0.3514892658928728	 -1.7282561080503225	 
0.45777669245518476	 0.029729330509862827	 0.8885700122962884	 0.4268084267181516	 
0.0	 0.0	 0.0	 1.0	 
13	 32	  37
-0.3842602017864426	 -0.6143281407949386	 0.689162559016722	 -1.38924021917388	 
0.7144412516224017	 0.2749203961468548	 0.6434224691154888	 -1.4080064776768104	 
-0.5847373729318646	 0.7396078090514534	 0.3332603989177997	 2.2201685634679613	 
0.0	 0.0	 0.0	 1.0	 
14	 15	  37
0.15730508931534082	 -0.48333383493047016	 0.8611872693479027	 -0.5001459473788809	 
0.4529358180951284	 0.8102259769899178	 0.3719986705584167	 -0.157797995999366	 
-0.87755584070872	 0.3315452762778225	 0.3463718756132968	 0.4364150664245768	 
0.0	 0.0	 0.0	 1.0	 
14	 23	  37
-0.6635835801337715	 -0.20005859131714845	 0.7208560135124376	 -1.3878434953155392	 
0.39616671085655547	 0.7234024305845581	 0.565456329554681	 -0.6149986858681128	 
-0.6345933890184674	 0.6608066914495886	 -0.40078142066406314	 1.9850812275838683	 
0.0	 0.0	 0.0	 1.0	 
14	 24	  37
0.22141388619344923	 -0.3445116675148602	 0.9122979787036932	 -1.6528896421735833	 
0.38104551263483016	 0.8917078704176442	 0.24425681389899165	 -0.4244596330298918	 
-0.8976526100344004	 0.2935452005762628	 0.32871112989533585	 1.5005914682837775	 
0.0	 0.0	 0.0	 1.0	 
14	 25	  37
0.3433375533294034	 -0.3805046116853482	 0.8586824587470969	 -1.7950469886449336	 
0.40451289844187316	 0.8850245781659927	 0.23043613222813053	 -0.14807532036631504	 
-0.8476370918429261	 0.2682307523910857	 0.45778119664723904	 0.8202221200151162	 
0.0	 0.0	 0.0	 1.0	 
14	 26	  37
0.06932457008709347	 0.836224165262059	 -0.5439882805851721	 1.2443415176711556	 
0.7395084649193829	 0.32291911494812525	 0.590635653777942	 -1.8215952955761674	 
0.6695680206631868	 -0.4432295010859406	 -0.5960086199647541	 2.8819556243552302	 
0.0	 0.0	 0.0	 1.0	 
15	 16	  37
0.8338006083971117	 -0.10410895219084502	 0.5421603743453868	 -0.43057416811698684	 
0.20201630375259352	 0.971483327894174	 -0.12413523529522244	 0.3591680838068096	 
-0.5137761754448581	 0.21302926957905302	 0.8310550955549637	 -0.568786492504656	 
0.0	 0.0	 0.0	 1.0	 
15	 23	  37
0.6062344057344966	 -0.34049787253675395	 0.7187078990116118	 -1.7627421778159453	 
0.47573385525987705	 0.8794549854680836	 0.015369694040740638	 0.5291158852519023	 
-0.6373045930034676	 0.33259604226941114	 0.6951422360951809	 -0.42392696381498646	 
0.0	 0.0	 0.0	 1.0	 
16	 17	  37
0.6506147764596671	 -0.37666732474919984	 0.6594104481418371	 -0.573567436454332	 
0.35342299937824734	 0.918740241622901	 0.17609245280015873	 0.27835622514331454	 
-0.6721551875592576	 0.11848246658883273	 0.7308688726086268	 -0.5050241349120473	 
0.0	 0.0	 0.0	 1.0	 
16	 23	  37
0.9415504606969283	 -0.22627518402003619	 0.24956416220703836	 -1.1380231823727662	 
0.2225645503299504	 0.9739524612258598	 0.043377692521809105	 0.43561317239866004	 
-0.25287892537305173	 0.01470184916220106	 0.9673862231463614	 -0.6290894625370892	 
0.0	 0.0	 0.0	 1.0	 
18	 22	  37
0.9440872399088793	 0.15297312074364344	 -0.29205908267195557	 0.5668438616216376	 
-0.14606547030198558	 0.9882303184225517	 0.04545015000987987	 0.1935334405425552	 
0.29557429155238335	 -0.00024915940982650584	 0.9553197245388031	 -0.20536619303652123	 
0.0	 0.0	 0.0	 1.0	 
19	 21	  37
0.8930291944611135	 -0.1471834627430913	 0.42524802896084973	 0.2919300639609467	 
0.10368361134487482	 0.9868716750103671	 0.12383055277562675	 -0.018865606965301724	 
-0.437891044186359	 -0.06649304743494144	 0.8965657299184457	 0.05960930920731813	 
0.0	 0.0	 0.0	 1.0	 
19	 31	  37
-0.9269502827097224	 -0.37518282554810567	 -0.0010103455377321944	 -0.4950106482321982	 
0.3540477989317083	 -0.8738353079153163	 -0.3332596745964877	 0.9140695583879478	 
0.12415043075228743	 -0.30927286019675887	 0.9428345392961255	 0.10681196662923446	 
0.0	 0.0	 0.0	 1.0	 
20	 21	  37
0.9793046611601476	 0.059397213255350266	 -0.19347958984736774	 0.01929399258404916	 
-0.12494291277662983	 0.9294841843095001	 -0.34705679602248674	 0.007325274435110514	 
0.15922201222475033	 0.36404824155048643	 0.9176694550038705	 -0.18072162864625796	 
0.0	 0.0	 0.0	 1.0	 
20	 30	  37
0.8723556857278992	 0.08849804482309453	 -0.4807948144902319	 0.6482237271022047	 
-0.01094273606187509	 -0.9796972848663555	 -0.20018363208057968	 -0.13425670705833664	 
-0.48874923437862006	 0.17989254039004005	 -0.8536760859988592	 2.9741969718800463	 
0.0	 0.0	 0.0	 1.0	 
20	 31	  37
0.3570790100214983	 0.34732063059316537	 0.8671003172450304	 -2.7048127026008286	 
-0.7193978444130364	 0.6943617545121862	 0.018124439981281524	 0.4800525056693448	 
-0.5957863056968861	 -0.6302619562016449	 0.4978037208669021	 0.6680802169015709	 
0.0	 0.0	 0.0	 1.0	 
21	 30	  37
0.9682381871586195	 -0.2411149329227961	 -0.06616949485544875	 0.5749100938770444	 
-0.2483531274842277	 -0.8968598425227334	 -0.3660097634475081	 -0.3813173449224791	 
0.028905656826867788	 0.37081803083417275	 -0.9282555957341028	 3.08294734381068	 
0.0	 0.0	 0.0	 1.0	 
21	 31	  37
0.21181744797171434	 -0.9732280452867734	 0.08922186168219355	 -1.0679702916783578	 
-0.7567377688108794	 -0.10555557602477637	 0.645140271278433	 -1.1156835642162508	 
-0.6184507401482212	 -0.20416951838451317	 -0.7588369322672381	 4.8303408909203	 
0.0	 0.0	 0.0	 1.0	 
24	 25	  37
0.988665974013556	 0.0321393030642743	 -0.14665148150076196	 0.7023039954613598	 
-0.025299309275154773	 0.998513836939412	 0.048270719807486734	 0.08978380396474026	 
0.14798492077919811	 -0.04401343702865679	 0.9880097573318284	 -0.31626070686825974	 
0.0	 0.0	 0.0	 1.0	 
24	 26	  37
0.8848985381418848	 0.17004507120607282	 -0.43363492819752997	 0.759911266181324	 
-0.1253854667351721	 0.9835764354154132	 0.1298301984405489	 0.36883322913308303	 
0.44859008228666725	 -0.06051503494199257	 0.891686530469094	 -1.0679071057590055	 
0.0	 0.0	 0.0	 1.0	 
25	 26	  37
0.9301011067272333	 0.16004108288090957	 -0.33060366461229684	 0.04600789453498088	 
-0.13623073225769497	 0.9861940700143258	 0.09414055373275801	 0.290811462121028	 
0.34110572972805187	 -0.04252185389754288	 0.9390627098803408	 -0.7078443497113912	 
0.0	 0.0	 0.0	 1.0	 
25	 29	  37
0.9753738108489727	 -0.09308292570485335	 0.199953739780423	 0.03950122249652993	 
0.12116413003977965	 0.9836657623684794	 -0.1331199516817107	 0.8930070898986399	 
-0.1842964533073163	 0.15406893550051673	 0.9707201349575898	 -1.4696280879515624	 
0.0	 0.0	 0.0	 1.0	 
26	 29	  37
0.8342158768462593	 -0.19950296869480924	 0.5140840751273906	 -0.30456647616685933	 
0.2698289428530722	 0.9607098316700917	 -0.06503046156393108	 0.40264149542539446	 
-0.48091185514231255	 0.19296420604449505	 0.8552710697604572	 -0.7319241097606304	 
0.0	 0.0	 0.0	 1.0	 
27	 28	  37
0.9479138359511287	 0.013214288575365453	 0.3182526389362128	 -0.039356029080018284	 
0.11988387738186515	 0.9108712723044267	 -0.39489413927583816	 0.09369676892464489	 
-0.2951054312551813	 0.41247897869826283	 0.8618433016365169	 -0.2995161001285337	 
0.0	 0.0	 0.0	 1.0	 
27	 29	  37
0.9464194252312956	 0.13311478719830014	 -0.2942290348929127	 0.22633495095753237	 
-0.17529735624742074	 0.9769427901953612	 -0.1218754346780621	 0.03676511974849445	 
0.2712215117528998	 0.16692285078578364	 0.9479323042538527	 -0.2604710554288986	 
0.0	 0.0	 0.0	 1.0	 
27	 32	  37
0.992506480196781	 0.0008691428267203291	 -0.12218891667472326	 0.0036840008329070326	 
0.01919973835561109	 0.9864440624555122	 0.16297080012487142	 0.38940003563410264	 
0.12067417625354529	 -0.16409557043689993	 0.9790354370238674	 -0.5472989770293527	 
0.0	 0.0	 0.0	 1.0	 
28	 29	  37
0.7703233905976303	 0.24893686990396452	 -0.5870539231625898	 0.28312138873276244	 
-0.06698550791367824	 0.9471451079307621	 0.3137341011945804	 -0.13534195836650675	 
0.6341252365485207	 -0.20235261136254537	 0.7462831935981419	 0.25740104492003907	 
0.0	 0.0	 0.0	 1.0	 
28	 32	  37
0.9163243396730767	 0.15923442410318897	 -0.3674154361254095	 0.13077020651287896	 
0.07231450891100946	 0.8366482231205024	 0.5429460033468018	 0.15609240608605357	 
0.3938531659434246	 -0.5240841048246275	 0.7551261714087976	 -0.3157553599335789	 
0.0	 0.0	 0.0	 1.0	 
29	 32	  37
0.9610306040717207	 -0.23475714821671867	 0.14597691392373033	 -0.40683107606149405	 
0.1757996791982281	 0.9265211080225086	 0.33264562101813816	 0.17853523550352052	 
-0.21334162939131882	 -0.2940199274707348	 0.9316853714740617	 -0.25762732077859923	 
0.0	 0.0	 0.0	 1.0	 
30	 31	  37
0.9686026021366144	 0.05699779522874575	 -0.24199225291988255	 -0.020057189041976533	 
-0.20599754329315065	 0.7289519879286095	 -0.6528353632058506	 0.06822944651896988	 
0.13919055747918085	 0.6821878411654587	 0.7178061981305578	 -0.22270030812444527	 
0.0	 0.0	 0.0	 1.0	 
33	 35	  37
0.9434095577000841	 -0.19996716867443282	 0.26455913874304887	 -0.10870005494458675	 
0.25747172431878695	 0.944446863308311	 -0.20427538658243669	 -0.06832682948958696	 
-0.20901367806065593	 0.26083184974121587	 0.9424860893106765	 -0.017819392449810702	 
0.0	 0.0	 0.0	 1.0	 
36	 37	  37
0.9382901226832774	 -0.14560421099172516	 0.31370537039788965	 -0.23298083061303138	 
0.19675270240124784	 0.9707010592910901	 -0.1379413918624885	 0.16791434332569888	 
-0.28442928782529725	 0.19115142487732534	 0.9394472380046477	 -0.21770662056739007	 
0.0	 0.0	 0.0	 1.0	 
38	 39	  37
0.753136227097832	 0.4577818543045766	 -0.4724633290556059	 0.5537077317647534	 
-0.40141272963125824	 0.8887668700629423	 0.22127193940602422	 -0.306742695761101	 
0.5212040329111287	 0.023004880960009435	 0.8531219910008127	 0.33468811500918383	 
0.0	 0.0	 0.0	 1.0	 
38	 40	  37
0.6170597769872685	 0.00801000651437478	 -0.7868755120221123	 0.833018366160238	 
-0.3986341596299241	 0.8653315391176482	 -0.30379620501979004	 -0.44991975494721403	 
0.6784747883308309	 0.5011358769873913	 0.5371543487634746	 0.15634647453980755	 
0.0	 0.0	 0.0	 1.0	 
38	 41	  37
0.9505731881824863	 -0.30453820558011785	 0.06055654589410823	 0.22413148519010687	 
0.28840622643598596	 0.9382316540771627	 0.19116278884915533	 -0.3523999126517752	 
-0.11503244090924143	 -0.1642493367708797	 0.979688569346804	 0.5623331629707732	 
0.0	 0.0	 0.0	 1.0	 
38	 56	  37
0.29701902075150205	 0.19605597439673192	 -0.9345275577612285	 2.2017908048908925	 
-0.5961671616145602	 0.80258292868967	 -0.021103506541603805	 0.07180724384010072	 
0.7458983957110096	 0.5634027844085088	 0.3552645293249549	 -0.44419442821954025	 
0.0	 0.0	 0.0	 1.0	 
39	 40	  37
0.9969599444933882	 -0.017230798240775055	 -0.07598663479669086	 -0.015803948247107995	 
-0.041416272237225084	 0.7088605361640243	 -0.7041316870182905	 0.16251961341106103	 
0.06599667771723061	 0.7051381707589214	 0.7059919253568345	 -0.29601142686941	 
0.0	 0.0	 0.0	 1.0	 
39	 41	  37
0.5967214956342437	 -0.6859177274069557	 0.41646167636039205	 -0.03743635231628606	 
0.6604879916933248	 0.7145695894507625	 0.23053397723781635	 -0.2213646419465048	 
-0.4557181908558718	 0.1375033565446504	 0.8794394563936768	 0.31200070138378255	 
0.0	 0.0	 0.0	 1.0	 
39	 56	  37
0.812978729533412	 0.10002313806836562	 -0.5736383505111868	 0.8248462402192606	 
-0.395431870934045	 0.8179754893300138	 -0.4177914962094423	 1.0274685509735937	 
0.42743329394870416	 0.5664904859803742	 0.7045490107280539	 -1.3386962604532036	 
0.0	 0.0	 0.0	 1.0	 
40	 56	  37
0.8839143439212459	 0.10657061519185274	 -0.4553439761190477	 0.553015822417297	 
-0.011572852978899538	 0.9783744380365026	 0.20651762169531035	 -0.14221132995147256	 
0.4675056167408072	 -0.1772742591985329	 0.8660325255678389	 -1.4319638057459863	 
0.0	 0.0	 0.0	 1.0	 
41	 56	  37
0.017216166481530234	 0.2708138345265194	 -0.9624777766996616	 2.2225197383577013	 
-0.7595957598649923	 0.6294999517914956	 0.16353621094311213	 0.10992444039008667	 
0.6501675824022651	 0.7282785715119924	 0.2165466163892813	 -0.6364997442509109	 
0.0	 0.0	 0.0	 1.0	 
42	 43	  37
0.7496395479693003	 -0.48405319917198203	 0.4513679745969503	 -0.09466106702593854	 
0.5482514027807581	 0.836199827594812	 -0.013793030099959734	 -0.255985254033392	 
-0.3707572621936286	 0.25780292609234845	 0.8922313062367341	 0.2472425413296214	 
0.0	 0.0	 0.0	 1.0	 
43	 44	  37
0.9379067992391817	 0.12050368570752669	 -0.32528402615531965	 -0.10216842066593133	 
-0.32899651462990553	 0.6062718053153496	 -0.7240136679932508	 -0.3019919758170641	 
0.10996421828161893	 0.7860746528228525	 0.6082717409901142	 0.014799393343050072	 
0.0	 0.0	 0.0	 1.0	 
44	 48	  37
0.9903817111183932	 -0.05303031796725113	 0.12779613319069996	 0.26089199211443814	 
0.05256581236625388	 0.9985928780537398	 0.00700708717115154	 -0.017951614500820376	 
-0.12798789650775066	 -0.00022198342408568045	 0.9917757050214934	 0.4108935545571298	 
0.0	 0.0	 0.0	 1.0	 
45	 47	  37
0.6842700547311984	 -0.3836920472726126	 0.6201249108509626	 -0.05688966035891951	 
0.46450042910385664	 0.8848826185935725	 0.03495858511603593	 -0.03164871785314644	 
-0.562151086061831	 0.26412717423758786	 0.7837237984575758	 0.07204199639396727	 
0.0	 0.0	 0.0	 1.0	 
46	 47	  37
0.9541522282100589	 0.12402465104467017	 -0.27241771479664784	 -0.012217248175494097	 
-0.1131413535380715	 0.9920350896075985	 0.055366191008746235	 -0.013182936600845078	 
0.2771147046285217	 -0.022006065538657835	 0.9605848081029372	 0.10172353129910537	 
0.0	 0.0	 0.0	 1.0	 
46	 56	  37
0.7461830595334636	 -0.02162625916904577	 0.6653894698442651	 -0.863277629949469	 
0.3640078091959997	 0.8500936704979929	 -0.380577280225157	 0.3539513622361444	 
-0.557412913834625	 0.526187282527431	 0.6421976231634543	 -0.5864694789083161	 
0.0	 0.0	 0.0	 1.0	 
49	 50	  37
-0.4179849794174692	 -0.09352477617179561	 0.903626954679525	 -2.2673161784698395	 
0.6354296019413769	 0.680773039936869	 0.36438618123048594	 -0.808019024067323	 
-0.6492440049457525	 0.7264992665771441	 -0.22512449379147986	 2.1760854494327377	 
0.0	 0.0	 0.0	 1.0	 
49	 51	  37
0.7245703212279706	 0.240477533189839	 -0.6458857527663275	 0.2219486843158916	 
-0.46375943019900284	 0.8633675034307038	 -0.19880579700131906	 -0.30265680820571605	 
0.509828442220608	 0.44358438887179436	 0.7370941930663578	 0.14429392319087908	 
0.0	 0.0	 0.0	 1.0	 
49	 52	  37
0.9651632894824467	 0.20001184287163146	 -0.16868635791467015	 0.15494064457635176	 
-0.25295161609331246	 0.8781142320456051	 -0.40611682481121	 -0.18817325680128913	 
0.06689771708514489	 0.43463853739636443	 0.8981169396346698	 -0.029632530352520076	 
0.0	 0.0	 0.0	 1.0	 
49	 53	  37
0.5192116252343674	 0.6840539366984135	 -0.5123372911558243	 -0.009729295324372104	 
-0.4873862985105232	 0.7294312638809283	 0.4799839865008848	 -0.3120959641221588	 
0.7020497733392531	 0.0004929102077507951	 0.712127708205368	 0.3935317893811756	 
0.0	 0.0	 0.0	 1.0	 
49	 55	  37
0.15358365571602514	 0.8517554183964972	 -0.5009239143114537	 -0.007965816569417021	 
-0.5882239244167174	 0.48613967062311675	 0.646266845343502	 -0.25744529467265936	 
0.7939802739619517	 0.19539940603454856	 0.575686022655274	 0.3135055440921668	 
0.0	 0.0	 0.0	 1.0	 
50	 51	  37
-0.925799109861794	 0.24438257175137543	 -0.2883975846003103	 0.4471502777117962	 
-0.008886673466468787	 0.7486432774697587	 0.6629134710760058	 -1.609870721274856	 
0.37791141185972354	 0.6162875966004195	 -0.690921531769469	 2.528605500760258	 
0.0	 0.0	 0.0	 1.0	 
50	 52	  37
-0.627668892495814	 0.2466798258396721	 -0.7383636129420164	 0.6940517048665986	 
-0.3224684322961049	 0.7808834033055091	 0.535009551890896	 -1.6133976529764724	 
0.7085519540341211	 0.5739078096399403	 -0.4105897642035361	 2.589689542206489	 
0.0	 0.0	 0.0	 1.0	 
50	 53	  37
0.9964049784122591	 -0.06117129681288647	 -0.05861050623817664	 0.03430186875474017	 
0.07461305815643302	 0.9613205617881999	 0.26513330427497206	 -0.08600040331996936	 
0.040124936732789114	 -0.26855325343300135	 0.9624287711424361	 0.21872977823036116	 
0.0	 0.0	 0.0	 1.0	 
50	 54	  37
0.9348593487818941	 0.15041207573329227	 -0.3215807915107703	 0.14274489234241536	 
-0.196321780984811	 0.9737396149486696	 -0.11527758060684591	 -0.09948435577453786	 
0.2957968159159982	 0.17090163765516792	 0.9398387489036283	 0.07526302337991726	 
0.0	 0.0	 0.0	 1.0	 
51	 52	  37
0.8645379086516033	 -0.04647315694560475	 0.5004142785610957	 -0.13914240161068342	 
0.05417040887063102	 0.998531340066931	 -0.0008542288501660581	 0.05265845665806598	 
-0.49963964144881595	 0.02784615929798963	 0.8657856663777997	 -0.12990383031128394	 
0.0	 0.0	 0.0	 1.0	 
51	 53	  37
-0.8548500071718435	 -0.10801531521404638	 0.5075077900067241	 -0.6590130701319942	 
0.3793379366170561	 0.5372474319846847	 0.753304670547698	 -0.31882493394425865	 
-0.3540256983347585	 0.836479460898516	 -0.4182916642888252	 2.6070762955720808	 
0.0	 0.0	 0.0	 1.0	 
51	 54	  37
0.5395296360132981	 -0.2889243313219457	 0.790841641944533	 -0.9204262691089146	 
0.16836162218717676	 0.9573304248000113	 0.2348889565874306	 -0.07617235165995198	 
-0.8249618997492312	 0.006417828479792289	 0.565151904747514	 0.6186954812377295	 
0.0	 0.0	 0.0	 1.0	 
53	 54	  37
0.9257439590001458	 0.22073150321811985	 -0.30704352437692717	 0.1280181069101194	 
-0.321185972555021	 0.8875319802564371	 -0.33034308688993536	 0.006559986380653749	 
0.19959382106824053	 0.40443119007954276	 0.8925232316764774	 -0.1612638683940785	 
0.0	 0.0	 0.0	 1.0	 
53	 55	  37
0.9464336879452777	 0.29313129996802395	 -0.13541534367033786	 -0.121656940551024	 
-0.28618342427740007	 0.9557127268473922	 0.0686456947723922	 0.11170711200423936	 
0.1495403691019948	 -0.026214971313722118	 0.98840803987415	 -0.038407339847086296	 
0.0	 0.0	 0.0	 1.0	 
