0	 1	  37
0.9976892857384494	 0.03606552872795366	 -0.057579221601857696	 -0.09739641904728466	 
-0.03601561122453299	 0.9993494121567806	 0.001904775582483678	 -0.017484163104595357	 
0.057610457998752286	 0.00017337666944335341	 0.9983391232791107	 0.11487107780179137	 
0.0	 0.0	 0.0	 1.0	 
0	 2	  37
0.9494464496840698	 0.10148774905021542	 -0.29707183638816104	 -0.3119629131243568	 
-0.09275513771105229	 0.9947433313184669	 0.043384204794385206	 -0.12068487390080525	 
0.2999131934585696	 -0.013636040120136526	 0.9538690344063606	 0.35289693515475357	 
0.0	 0.0	 0.0	 1.0	 
0	 3	  37
0.9210145746627768	 0.1276114209261098	 -0.368031898764174	 -0.25208048317325726	 
-0.15313517689945141	 0.987359755249138	 -0.040869686937102113	 -0.5535325917485733	 
0.3581644466648213	 0.09400020725286948	 0.928914522537838	 0.6195783546579925	 
0.0	 0.0	 0.0	 1.0	 
0	 4	  37
0.9829493455171259	 -0.09478413792404804	 0.15756443553495583	 -0.02517086500954737	 
0.10728149956105021	 0.9915610454426406	 -0.07278305443322823	 -0.47619998151675136	 
-0.14933607735368779	 0.08844580464155993	 0.9848228651092138	 0.5233794448007119	 
0.0	 0.0	 0.0	 1.0	 
0	 5	  37
0.9537559465674728	 -0.14477828248723684	 0.2634176214819909	 0.1126559516406368	 
0.17638088544258582	 0.9791832973793816	 -0.10044826222354573	 -0.2252709023403235	 
-0.24339140830701747	 0.14226496073624903	 0.9594380143130867	 0.33809673028129733	 
0.0	 0.0	 0.0	 1.0	 
0	 6	  37
0.9560300825059852	 -0.09340515485577759	 0.27799632801525476	 0.3888629564524716	 
0.11892606892415725	 0.9899620672833633	 -0.07636553849934892	 0.020077601550509406	 
-0.2680728846299894	 0.10606876253835194	 0.95754182474696	 0.29573855724494635	 
0.0	 0.0	 0.0	 1.0	 
0	 10	  37
0.9993356853650409	 -0.03540505116681108	 0.008641198288381037	 0.6808382884851121	 
0.03583141719179637	 0.9978128999303378	 -0.05554751366746327	 -0.1875613191059473	 
-0.00665563655941704	 0.055820239022106435	 0.9984186513770181	 0.16283551714371658	 
0.0	 0.0	 0.0	 1.0	 
0	 11	  37
0.9695307093091008	 -0.23781398304789345	 0.05877680812606838	 0.44202375084009526	 
0.24013422712471616	 0.9700683061117451	 -0.03609756834890874	 -0.20401274296025493	 
-0.048433012190112854	 0.049112024437862105	 0.9976182899214546	 0.37351764629567885	 
0.0	 0.0	 0.0	 1.0	 
0	 12	  37
0.9853784441211363	 -0.1604823349801706	 -0.057225361691473325	 0.15391954596759513	 
0.15997990674968443	 0.9870308635532873	 -0.01328547438417062	 -0.3438445565452577	 
0.05861528211797518	 0.003936312050965828	 0.9982728856127803	 0.6613303258651455	 
0.0	 0.0	 0.0	 1.0	 
0	 13	  37
0.9827450090832927	 -0.11561717274250954	 -0.14437768694957095	 -0.17156396495608642	 
0.11317534442937356	 0.9932594305900437	 -0.025040865744502663	 -0.4158962568339541	 
0.1462996532298426	 0.008268791385100794	 0.9892057614843631	 0.6629950379458136	 
0.0	 0.0	 0.0	 1.0	 
0	 14	  37
0.9718982262659934	 -0.22814488997261168	 -0.057997818583115965	 -0.2669991923525654	 
0.23138945903836283	 0.9711779421302302	 0.05720422157170184	 -0.5951735457771361	 
0.04327535126314825	 -0.06901676534781619	 0.9966764420181582	 0.9592213155362448	 
0.0	 0.0	 0.0	 1.0	 
0	 15	  37
0.8828383124785553	 -0.3616798130894565	 0.29964016223395695	 -0.17199906833350692	 
0.30795708426053886	 0.9274493376072375	 0.2121324124824947	 -0.6523373814537966	 
-0.35462508128129266	 -0.09500231036912651	 0.930169668797454	 1.0990435363981719	 
0.0	 0.0	 0.0	 1.0	 
0	 19	  37
0.8046716015101936	 -0.39211764495608514	 0.44581090861161426	 0.1212813950463298	 
0.42211449084558295	 0.9058717059396356	 0.034868452735795204	 -0.20328015375454206	 
-0.4175200238805245	 0.16012559099690366	 0.8944477764334252	 0.28018420596363813	 
0.0	 0.0	 0.0	 1.0	 
0	 26	  37
0.7917527539063318	 -0.02580274592709473	 -0.6102964812157771	 2.3408883238638833	 
-0.02903048099656089	 0.9963890073287713	 -0.07978832776473171	 0.04350308725227993	 
0.6101514630440923	 0.08088982863750938	 0.7881446743892565	 0.7518381149761155	 
0.0	 0.0	 0.0	 1.0	 
0	 27	  37
0.10191517006238761	 0.2937309314183081	 -0.9504396025204793	 2.0879443326402427	 
-0.2973211840616375	 0.9207377285787441	 0.25267003914164515	 -0.5224534106218144	 
0.9493226067145665	 0.2568349179916701	 0.1811695705157783	 1.3462940822949887	 
0.0	 0.0	 0.0	 1.0	 
0	 28	  37
-0.14693005330539433	 0.41890783860114805	 -0.8960623762853728	 1.276342308207054	 
-0.25928463229416027	 0.8579063298462313	 0.44358562720838035	 -1.2180544513920735	 
0.9545590808806736	 0.29751126359901847	 -0.01743585787850166	 2.0754114536942807	 
0.0	 0.0	 0.0	 1.0	 
0	 29	  37
0.9241322759284895	 -0.38205278071571275	 0.003899914694296922	 0.6573618630594855	 
0.3816692561181504	 0.923577339422496	 0.036516804891461425	 -0.6198028450094248	 
-0.017553219688969803	 -0.03225788047368647	 0.9993254292901269	 0.6420952655983603	 
0.0	 0.0	 0.0	 1.0	 
0	 31	  37
-0.9225317610302467	 -0.160230361535229	 -0.3510860024733577	 -0.419945476268464	 
-0.29795824330170406	 -0.2824479962564879	 0.9118355195205208	 -0.8755882437959764	 
-0.2452672728657369	 0.9458061961379748	 0.2128252903393282	 0.8240453997846512	 
0.0	 0.0	 0.0	 1.0	 
0	 32	  37
-0.9933031254553167	 0.1039145477558477	 0.050504135725679904	 -0.783800321623016	 
0.11152997161359653	 0.7482625379733293	 0.6539604267060678	 -0.981635239645695	 
0.030165649215135492	 0.655213660595084	 -0.7548411041914843	 3.0812665411593305	 
0.0	 0.0	 0.0	 1.0	 
0	 37	  37
0.38638026431980416	 -0.6398501273198302	 0.6643057322595946	 -0.28637473188828383	 
0.5088521630806944	 0.7485899381515648	 0.42506773651541274	 -1.0575257156615379	 
-0.7692722323548782	 0.1737956244185532	 0.6148294995043008	 1.1616720696686607	 
0.0	 0.0	 0.0	 1.0	 
0	 38	  37
0.6219294146458294	 -0.602793570699726	 0.49984368988851874	 -0.4520982372108651	 
0.4677569425363536	 0.797892722090913	 0.3802244688909371	 -0.7748494801076697	 
-0.6280185076152912	 -0.0026674252430188457	 0.7781938312112441	 0.6729220644179202	 
0.0	 0.0	 0.0	 1.0	 
0	 39	  37
0.6893002129183379	 -0.5106152898194177	 0.5139428395000432	 -0.33108553617360004	 
0.37015360451540386	 0.8580371521505592	 0.3560316763907588	 -0.5946468522361145	 
-0.622777267997949	 -0.05517491578600045	 0.7804512817165589	 0.36136185619701394	 
0.0	 0.0	 0.0	 1.0	 
0	 41	  37
0.9451428464183848	 -0.2450268882584276	 -0.2160250538584481	 -0.48658698826698177	 
0.10614434893538115	 0.8558017305635284	 -0.5062971214154331	 0.015611366179668528	 
0.30893102313176185	 0.4555932637724819	 0.8348631031204461	 0.13185265224507223	 
0.0	 0.0	 0.0	 1.0	 
1	 2	  37
0.972608487090819	 0.06606563397100298	 -0.22286332773005996	 -0.24534285524240262	 
-0.06249039602844434	 0.9977790250071943	 0.0230644241181045	 -0.14581170706891547	 
0.22389211965389696	 -0.008505837037062354	 0.974576815593919	 0.21372511654994567	 
0.0	 0.0	 0.0	 1.0	 
1	 3	  37
0.9298364145569077	 0.08261426507393192	 -0.3585793153128735	 -0.06997079241460234	 
-0.12851693520925755	 0.9860166830061498	 -0.10608721976736811	 -0.45359869035864925	 
0.34480086938459803	 0.14472727469224464	 0.9274515493715996	 0.44244914720021983	 
0.0	 0.0	 0.0	 1.0	 
1	 4	  37
0.9693566575542691	 -0.12499023985650017	 0.21148312082960807	 0.0909214972066579	 
0.14401125060770334	 0.9865751088637605	 -0.07700853374052918	 -0.4515601023583021	 
-0.19901866785209188	 0.10510468358296653	 0.9743431507099051	 0.38851372367385956	 
0.0	 0.0	 0.0	 1.0	 
1	 5	  37
0.9208265076603885	 -0.2576111283457343	 0.29277132602495626	 0.2848719090082695	 
0.3000776977601885	 0.9475446675307674	 -0.11005670511583099	 -0.16819673792617398	 
-0.24906207679395587	 0.18919727690018653	 0.9498276013659722	 0.2170818369944268	 
0.0	 0.0	 0.0	 1.0	 
1	 10	  37
0.9959155995582019	 -0.07752790076742402	 0.04627681016688897	 0.792401663733645	 
0.08161504354063237	 0.9922045620092602	 -0.09417585569492673	 -0.04068415999492916	 
-0.038614805767820115	 0.097568087665012	 0.9944794442545832	 0.04800624804531383	 
0.0	 0.0	 0.0	 1.0	 
1	 11	  37
0.9551656841988904	 -0.2756233736797147	 0.10812155941475622	 0.5967944591376301	 
0.2817631656441386	 0.9583782456154855	 -0.0460505897592805	 -0.14508333628683381	 
-0.09092873151573139	 0.07445061593026787	 0.9930705269881611	 0.23114822380881986	 
0.0	 0.0	 0.0	 1.0	 
1	 12	  37
0.978101255905866	 -0.20575340525155264	 -0.03136031605003921	 0.3200944451391544	 
0.20537258975416517	 0.9785696613842279	 -0.014950491497803487	 -0.3188109181164902	 
0.03376436839384637	 0.008182545187705963	 0.9993963244785405	 0.5266435796130644	 
0.0	 0.0	 0.0	 1.0	 
1	 13	  37
0.9779562876842467	 -0.16188856707706314	 -0.13188476496010115	 0.02967727984435979	 
0.16010650229039128	 0.9868060505408435	 -0.02407751109063737	 -0.43866621018265134	 
0.1340425578060302	 0.0024311449397241337	 0.9909725940867883	 0.5745047811653027	 
0.0	 0.0	 0.0	 1.0	 
1	 14	  37
0.957752483680045	 -0.2848042440512262	 -0.039959011187888256	 -0.06484825467567949	 
0.2874582351663499	 0.9522809556133291	 0.10260967113879232	 -0.6495716334358198	 
0.008828535538337269	 -0.10976121421783414	 0.9939187757627251	 0.8101801783550451	 
0.0	 0.0	 0.0	 1.0	 
1	 26	  37
-0.2942561226691902	 -0.9473160053845844	 0.12651371551688942	 -0.526892928816688	 
0.5100390055608672	 -0.043704240260096824	 0.8590402506226172	 -1.6013647024654702	 
-0.8082533928652422	 0.31730478301702525	 0.49602835362138575	 0.18650008910343088	 
0.0	 0.0	 0.0	 1.0	 
1	 27	  37
0.27206088400083556	 0.35838133274372874	 -0.8930541393093215	 2.0764442716479903	 
-0.5005543937578671	 0.845324860515302	 0.18673826357894607	 -0.31049387299200676	 
0.8218443735199371	 0.3962179962288624	 0.40936917956535007	 0.7163185958755154	 
0.0	 0.0	 0.0	 1.0	 
1	 28	  37
0.29779737771390874	 0.29823452360880276	 -0.9068477770577321	 1.7646322487637127	 
-0.28777917367096345	 0.9338019795995637	 0.21259588447849398	 -0.8448502683364759	 
0.9102196817406099	 0.1976614070165596	 0.36390946559310167	 1.3711196331728077	 
0.0	 0.0	 0.0	 1.0	 
1	 29	  37
-0.41374234659182374	 -0.5474639059941429	 0.7273929765060477	 -2.0763656868495075	 
0.5985195828828981	 0.43847923816013046	 0.6704552681635028	 -1.760634063296531	 
-0.6859967780845426	 0.7127546768251668	 0.146250439730889	 1.6033420601344133	 
0.0	 0.0	 0.0	 1.0	 
1	 31	  37
-0.7533975053395936	 0.329646073858159	 -0.5689689490103818	 -0.1787902805095683	 
0.2578462830542182	 0.9440694091717053	 0.20554377874630889	 -0.5333278646699564	 
0.6049028791989678	 0.008149641469950617	 -0.7962575526051289	 2.7868049697310995	 
0.0	 0.0	 0.0	 1.0	 
1	 32	  37
-0.6630808491715475	 0.3701640656536633	 -0.6506169010721204	 0.47125658042905855	 
-0.44366444295076124	 0.5057050663069795	 0.739881239100333	 -1.2105699222649948	 
0.6028977106633677	 0.7792566652972586	 -0.17109471080856387	 1.9253935840322276	 
0.0	 0.0	 0.0	 1.0	 
1	 40	  37
0.9830857870204438	 -0.07518519443247498	 -0.16700156255719542	 -0.33127895719929834	 
0.009287072023442368	 0.9311427915617753	 -0.3645364892788856	 -0.07704384943190676	 
0.18291004797885016	 0.3568196859209068	 0.9160914943867122	 -0.4043600833323994	 
0.0	 0.0	 0.0	 1.0	 
1	 41	  37
0.9550387448413417	 -0.2179471707595443	 -0.20099757861672102	 -0.323253942468224	 
0.07451581309777829	 0.8326345293891008	 -0.5487869660144706	 0.13121949803686192	 
0.28696409087245006	 0.5091353172064386	 0.8114387465008357	 -0.01931198755710299	 
0.0	 0.0	 0.0	 1.0	 
2	 3	  37
0.9978693208493111	 0.016522774510702484	 -0.06311748117759068	 0.1531904920526163	 
-0.02628288268726387	 0.9872347436901944	 -0.15708841755076658	 -0.27868099818524544	 
0.059716233851294986	 0.15841262188798302	 0.9855655293491103	 0.2075505026639873	 
0.0	 0.0	 0.0	 1.0	 
2	 11	  37
0.8605273773323255	 -0.307492078706177	 0.40612960295268385	 0.531150166898866	 
0.3554958871526021	 0.9335231503013762	 -0.04644568945530807	 0.08478102630114012	 
-0.3648497047814829	 0.1843451908359664	 0.9126343975199034	 -0.22341408158911963	 
0.0	 0.0	 0.0	 1.0	 
2	 12	  37
0.9431390372244521	 -0.2754496752828298	 0.18605438143165548	 0.6418240930816427	 
0.2960572344203787	 0.9505895272495098	 -0.09343267432172503	 -0.013879149547947138	 
-0.15112534668509167	 0.14320274812354766	 0.9780869606119766	 0.17480425079247278	 
0.0	 0.0	 0.0	 1.0	 
2	 13	  37
0.9638949816169932	 -0.24356012771523497	 0.10763330618778724	 0.3453119118752158	 
0.25412727445307676	 0.9621286468836406	 -0.0986295859511905	 -0.1588474919390115	 
-0.07953485269129554	 0.12242112167919073	 0.9892862458228062	 0.24918727099800583	 
0.0	 0.0	 0.0	 1.0	 
2	 14	  37
0.9126176309050343	 -0.3423998865860367	 0.22336377823441322	 0.2581533420738791	 
0.3489623422842304	 0.9370758904107402	 0.010679853857670528	 -0.3928433723561822	 
-0.2129655921241418	 0.06819892430813716	 0.9746766455057939	 0.5236326375097131	 
0.0	 0.0	 0.0	 1.0	 
2	 26	  37
0.719822156574141	 0.1640920877914941	 -0.6744848772427607	 2.1250443201446734	 
-0.16208763295948547	 0.9845304428310399	 0.06653875848335979	 -0.29995081845365085	 
0.6749693786732438	 0.061429584591989765	 0.735284124669037	 0.30285117987049165	 
0.0	 0.0	 0.0	 1.0	 
2	 27	  37
0.5989106426187225	 0.20049753764946973	 -0.7753107632133898	 2.6442510450392995	 
-0.3197616928698381	 0.9474959230563533	 -0.001983825749354875	 0.09339959295266494	 
0.7342060350685254	 0.2491028164997098	 0.6315768242113289	 0.33359350747557004	 
0.0	 0.0	 0.0	 1.0	 
2	 28	  37
0.4399676856635404	 0.2110092988188829	 -0.8728708446178228	 2.3455446929536223	 
-0.28205197207838045	 0.9552840028937566	 0.08876462618621285	 -0.4335604564736513	 
0.8525697159872412	 0.2071413759422413	 0.4798096807633109	 0.8262014836863258	 
0.0	 0.0	 0.0	 1.0	 
2	 29	  37
0.4758381507746138	 0.2344997535802338	 -0.8476956528366796	 1.9580938187852344	 
-0.30927672913240384	 0.9468614047791969	 0.08832544908873902	 -0.792302035664975	 
0.8233625927163299	 0.22014392044836298	 0.5230780966596357	 1.0989785635349358	 
0.0	 0.0	 0.0	 1.0	 
2	 30	  37
0.38471124928271777	 0.42513658489897344	 -0.8193022268099661	 1.3210680370981058	 
-0.40781927198913615	 0.8745695934289204	 0.262319400052351	 -1.126738928653163	 
0.8280583892876051	 0.2332100135714854	 0.5098356534221652	 1.1183992619722274	 
0.0	 0.0	 0.0	 1.0	 
2	 31	  37
0.03996651842349165	 0.5340287814888652	 -0.844521129366591	 0.9495108525720481	 
-0.560790111081714	 0.711518532583097	 0.423386146565704	 -1.0507392506095465	 
0.8269928226520858	 0.45667782772137544	 0.3279149782331114	 1.3227801065120643	 
0.0	 0.0	 0.0	 1.0	 
2	 40	  37
0.994748020164631	 -0.0608965452862666	 0.08226777711074743	 -0.2585265644329673	 
0.09176076819216906	 0.8866760108736836	 -0.4531948953396472	 0.29949681286923624	 
-0.045346860964447025	 0.458363679312976	 0.887607120119787	 -0.5162509784342502	 
0.0	 0.0	 0.0	 1.0	 
2	 41	  37
0.9906657684634683	 -0.1359312810993854	 0.010199118264147421	 -0.12866760199153643	 
0.12465281874462393	 0.8731039523763207	 -0.47132914520944574	 0.02620407785073164	 
0.05516348406061782	 0.46820099867848075	 0.8818984152739856	 -0.3032902332837064	 
0.0	 0.0	 0.0	 1.0	 
2	 42	  37
0.9892129943712455	 -0.07898398136268203	 0.12336605065889653	 -0.09286502832542366	 
0.12631081154738613	 0.8864283906441299	 -0.44529797568178864	 -0.1755710236075321	 
-0.07418376273359778	 0.4560770098877574	 0.8868430133899277	 0.13935536398786685	 
0.0	 0.0	 0.0	 1.0	 
3	 4	  37
0.8396315854455934	 -0.17122774243965672	 0.5154608238665056	 0.14677769701091917	 
0.16040698683217133	 0.9848509272788034	 0.06586539010362959	 0.01982147950042851	 
-0.518930052413176	 0.027380855667751766	 0.8543780717254856	 -0.16938835475323777	 
0.0	 0.0	 0.0	 1.0	 
3	 5	  37
0.7404610509681784	 -0.1335746941339521	 0.6586920624131742	 0.04589712670709522	 
0.19995591195242013	 0.9794557016917301	 -0.026156484833354667	 0.3620597292052678	 
-0.6416658517284338	 0.1510772302849853	 0.7519578480307533	 -0.2805865362014305	 
0.0	 0.0	 0.0	 1.0	 
3	 10	  37
0.9199006485447052	 -0.08749157341391418	 0.38226695042677583	 0.6038554158229954	 
0.130639481917778	 0.9874842049658341	 -0.08836441991688594	 0.8156573133439695	 
-0.3697514334945627	 0.13122564354786306	 0.9198172143986891	 -0.6379648848702335	 
0.0	 0.0	 0.0	 1.0	 
3	 11	  37
0.8631699030447371	 -0.3338609400590715	 0.37878039967851074	 0.5929674559935635	 
0.3208952777494476	 0.9419298882534817	 0.09896618782639209	 0.30184277107770363	 
-0.38982552404357074	 0.03612420681006819	 0.9201799294086452	 -0.4934376230900472	 
0.0	 0.0	 0.0	 1.0	 
3	 12	  37
0.9114193369259732	 -0.31791926749950006	 0.2612319498644837	 0.43113819333988607	 
0.3028247246357381	 0.9480697520821221	 0.09726731895262974	 0.18694225572003043	 
-0.2785892647370114	 -0.009543822060603651	 0.9603629194391915	 -0.1201559996895634	 
0.0	 0.0	 0.0	 1.0	 
3	 13	  37
0.9609091335237223	 -0.22345897068678505	 0.16346169438217684	 0.18642675381544174	 
0.21927469205662486	 0.974695464734087	 0.04344376192589987	 0.1777288921836094	 
-0.16903327049478073	 -0.005902494930521535	 0.9855926714517685	 0.015841678758782334	 
0.0	 0.0	 0.0	 1.0	 
3	 14	  37
0.8944118743412214	 -0.39388493195703234	 0.21185386334600173	 0.2463869924246182	 
0.36531426241226744	 0.9166767484172855	 0.16201613681758176	 -0.02278739801471744	 
-0.25801722561798707	 -0.06751591877710322	 0.9637783521101099	 0.31059281493312324	 
0.0	 0.0	 0.0	 1.0	 
3	 26	  37
0.9620220733312025	 0.034720813530809684	 -0.27075449309530053	 2.4580531745661185	 
-0.002394920482774083	 0.9929130405232808	 0.11881901495423446	 0.33784455640248706	 
0.27296115983673525	 -0.11365807963612727	 0.9552874154692986	 -0.9096227349485827	 
0.0	 0.0	 0.0	 1.0	 
3	 27	  37
0.6116561970164117	 0.11635295106611902	 -0.7825207265175961	 2.605781166760459	 
-0.11694026228289432	 0.9915572572988465	 0.05602839061759374	 0.5601014076725417	 
0.7824331739571303	 0.05723806667066136	 0.6200984857384969	 -0.026600635897525864	 
0.0	 0.0	 0.0	 1.0	 
3	 28	  37
0.525732331261791	 0.19964694011501444	 -0.8268897237048923	 2.1870609343921648	 
-0.1434085655129277	 0.9789563832274046	 0.14518396287415578	 -0.0005549446102738496	 
0.8384745071876462	 0.04225516585024382	 0.5433001028486942	 0.465069878043131	 
0.0	 0.0	 0.0	 1.0	 
3	 29	  37
0.5406021197665528	 0.14941606457752946	 -0.8279034893935844	 1.8212619839387683	 
-0.16905814734479752	 0.9833211197297033	 0.0670739763982065	 -0.12809354404770545	 
0.8241169158076141	 0.10370349627513026	 0.5568454847981258	 0.8568921060138963	 
0.0	 0.0	 0.0	 1.0	 
3	 30	  37
-0.48374456508964897	 -0.5936378327509619	 0.6431059938089269	 -1.1433227764293128	 
0.5077500786346836	 0.40815049269021253	 0.7586850683671118	 -1.570082510327897	 
-0.7128681879511096	 0.6935468973641781	 0.10397907368227137	 1.9953553696770856	 
0.0	 0.0	 0.0	 1.0	 
3	 40	  37
0.9859502758230781	 -0.0800255951023362	 0.14662181874779964	 -0.47651567909508574	 
0.12081891345564716	 0.9477831430292487	 -0.29514386990245123	 0.3870921147607279	 
-0.11534662437970422	 0.30871186876781304	 0.9441356567390576	 -0.8026956957733051	 
0.0	 0.0	 0.0	 1.0	 
3	 41	  37
0.990874349469161	 -0.07034753706429189	 0.11497498681476677	 -0.4399786550480115	 
0.10531423261095173	 0.9364367506003869	 -0.3346567264146284	 0.2721561682637373	 
-0.08412452658787507	 0.34371126858742473	 0.9352997529521699	 -0.49222885582096715	 
0.0	 0.0	 0.0	 1.0	 
3	 42	  37
0.9725057161582285	 -0.08587943016102409	 0.2164655989176772	 -0.2896179739046957	 
0.14756084806643452	 0.9463480630196907	 -0.2874911124483581	 0.04956189037578871	 
-0.1801622273327171	 0.31152859755421763	 0.9330013423079394	 -0.049853941855887686	 
0.0	 0.0	 0.0	 1.0	 
3	 43	  37
0.9843123763873055	 -0.13445611820510495	 0.11423965147001627	 -0.11115747551154782	 
0.16183307338677458	 0.9459557218888838	 -0.2810299425041253	 -0.1456555603324035	 
-0.07027945680614557	 0.2951090044422497	 0.9528753714144038	 0.313303273003073	 
0.0	 0.0	 0.0	 1.0	 
3	 44	  37
0.9159661407454162	 -0.1393488617102161	 0.37628170796361654	 -0.08842057052680842	 
0.21257125973412236	 0.963874011818055	 -0.16050030802716986	 -0.3386827214765816	 
-0.3403226242009156	 0.2269995244088303	 0.9124975218460413	 0.6629765304787574	 
0.0	 0.0	 0.0	 1.0	 
3	 45	  37
0.8428482925489279	 -0.14171407734442976	 0.5191568896102344	 0.0874034675168063	 
0.2572396644121283	 0.9534485454295604	 -0.15736462839974646	 -0.30361879879376824	 
-0.47268859812829384	 0.26618225241490406	 0.8400669602471202	 0.9106054422869172	 
0.0	 0.0	 0.0	 1.0	 
4	 5	  37
0.9864391200988801	 -0.1518824593249507	 0.06220595540582379	 0.26052271694575485	 
0.15400938295790867	 0.9875851652733894	 -0.03092978003244938	 0.21232857574553435	 
-0.05673598769274157	 0.04009064580841957	 0.9975839652977548	 -0.1724220942547958	 
0.0	 0.0	 0.0	 1.0	 
4	 6	  37
0.9947759498047216	 -0.059829411615763495	 0.08271185644045262	 0.5124530305084143	 
0.058945911954082324	 0.9981754185029358	 0.013084852325863285	 0.3879777028660272	 
-0.08334380093333953	 -0.008140970593217877	 0.9964875992423508	 -0.1620777512545941	 
0.0	 0.0	 0.0	 1.0	 
4	 7	  37
0.9969611819171664	 -0.07786102171803033	 -0.0024623255980146903	 0.9854161193209194	 
0.07706079938449002	 0.9903560145018426	 -0.11513729950910352	 0.9031611858714211	 
0.011403286743289455	 0.11459766942241859	 0.9933465353110164	 -0.17015024023909173	 
0.0	 0.0	 0.0	 1.0	 
4	 9	  37
0.9915639807781219	 0.08610729978105912	 0.09688346065175173	 1.3699204830953962	 
-0.08832972438636949	 0.9959123302798307	 0.0188809477099452	 0.2786163227393163	 
-0.09486164563864963	 -0.02727935704910426	 0.9951166287755996	 -0.262534604800589	 
0.0	 0.0	 0.0	 1.0	 
4	 10	  37
0.9759577064854371	 0.07798098657635401	 -0.2035326039834008	 0.9016825915931517	 
-0.07439829820877752	 0.9969099779549139	 0.025206925190695867	 0.20240397656956005	 
0.2048693446451251	 -0.009458413530295614	 0.9787436283512477	 -0.1820134653454444	 
0.0	 0.0	 0.0	 1.0	 
4	 11	  37
0.9817290184642304	 -0.13787861788745015	 -0.13113970045224477	 0.6080289548731248	 
0.144704731721037	 0.9884967372843378	 0.043985690806922884	 0.21394640796883013	 
0.12356647977020603	 -0.06215856423427081	 0.9903876200607185	 -0.036495060393415726	 
0.0	 0.0	 0.0	 1.0	 
4	 12	  37
0.9654090221320646	 -0.07353196827674696	 -0.25015689002575875	 0.2675181894409125	 
0.08751764627112048	 0.9951353565810328	 0.04523586711344194	 0.17023679343235318	 
0.24561368361142874	 -0.06556425644884155	 0.9671479962752011	 0.1763224271761823	 
0.0	 0.0	 0.0	 1.0	 
4	 13	  37
0.9507875657785146	 0.04467884166510586	 -0.30660529328181957	 -0.10768805998009957	 
-0.01848907188434241	 0.9959666628256916	 0.08779840978463227	 0.07324168749413398	 
0.30929138200380196	 -0.07780878901074796	 0.9477787892598454	 0.16507626795221497	 
0.0	 0.0	 0.0	 1.0	 
4	 14	  37
0.9827304724424012	 -0.021887353153821894	 -0.18374374085953474	 -0.3174843855292522	 
0.051153926469518315	 0.9864174401294915	 0.15608942826191813	 -0.05419084409608319	 
0.17783164605853197	 -0.16279305138826178	 0.9705021010177215	 0.3736552786338604	 
0.0	 0.0	 0.0	 1.0	 
4	 15	  37
0.9507128349437715	 -0.29797926449231243	 0.08575233761126508	 -0.10424293449962152	 
0.273032456005545	 0.9355713008953312	 0.2239634320789843	 -0.047150063605686805	 
-0.14696388481785677	 -0.1895117380893279	 0.9708176541892944	 0.5373992252504213	 
0.0	 0.0	 0.0	 1.0	 
4	 18	  37
0.7489891907713173	 -0.3726661415134426	 0.5478459081504674	 0.06723767316341185	 
0.3430928435916236	 0.9254886716830586	 0.16049305051167345	 0.013924296924742133	 
-0.5668355076950822	 0.06775445045022112	 0.8210400974740802	 0.11893485851921018	 
0.0	 0.0	 0.0	 1.0	 
4	 19	  37
0.9133159574925942	 -0.3247096247079543	 0.2457999621875602	 0.3545190061979832	 
0.32373460090818584	 0.9450510434200667	 0.04554594938588767	 0.2962342400981814	 
-0.2470827188700255	 0.03797611028875587	 0.9682499393664495	 -0.226810678737674	 
0.0	 0.0	 0.0	 1.0	 
4	 20	  37
0.8927081700908043	 -0.2315506495349185	 0.38659593861431774	 0.1506323858091616	 
0.176389366882722	 0.9689871323555769	 0.1730627879702289	 0.19533078577144627	 
-0.4146792909030304	 -0.08630315190810488	 0.9058658022394305	 -0.8487746946328404	 
0.0	 0.0	 0.0	 1.0	 
4	 25	  37
0.8503458258913383	 0.07380186379650751	 -0.5210232828668386	 2.577449814880126	 
0.028766699432431285	 0.9821164251414461	 0.186063979510139	 0.03233107438960331	 
0.5254373924578838	 -0.1732068485007074	 0.8330155666249652	 0.25032932380973777	 
0.0	 0.0	 0.0	 1.0	 
4	 26	  37
0.6594876224128347	 0.21859778183766196	 -0.719229508335079	 2.367439123199102	 
-0.14934472284350653	 0.9758127221728151	 0.15964236594487377	 -0.051656937615295266	 
0.7367307714783349	 0.002130967229829093	 0.6761828372086963	 0.6298160599884323	 
0.0	 0.0	 0.0	 1.0	 
4	 27	  37
0.6870213286781208	 0.2360548390348793	 -0.6872261686734326	 0.9307269591642596	 
-0.09143598634768586	 0.9663291361846055	 0.2405149911363945	 -0.13279170495372497	 
0.720861397455831	 -0.10240172620093584	 0.6854726341212272	 -0.22128431069573454	 
0.0	 0.0	 0.0	 1.0	 
4	 37	  37
0.5498445798023728	 -0.6042779329738439	 0.5766447067153309	 -0.3554548727043697	 
0.4225400856996013	 0.7967502038954757	 0.43202892098734785	 -0.4985662322974675	 
-0.7205073310098413	 0.006106743270957374	 0.6934204306535084	 0.6550391928117365	 
0.0	 0.0	 0.0	 1.0	 
4	 38	  37
0.7840948681720794	 -0.5300418199520177	 0.322879090075777	 -0.3277313119248693	 
0.358067491111359	 0.8112576974612479	 0.46222139729689254	 -0.32476631051801536	 
-0.5069348178172668	 -0.24681291986406934	 0.8258937419987796	 0.11388226260321811	 
0.0	 0.0	 0.0	 1.0	 
4	 39	  37
0.8158144396930206	 -0.398296615994265	 0.4192929830987864	 -0.25752722942033757	 
0.2365243053520873	 0.8914135442381325	 0.3865723038792665	 -0.15964467708951446	 
-0.5277338846104869	 -0.21619828592365925	 0.8214348715495324	 -0.1964758701646673	 
0.0	 0.0	 0.0	 1.0	 
4	 41	  37
0.8894440205151941	 -0.07633667353723644	 -0.45062406354192597	 -0.21939231680864446	 
-0.0698501805110148	 0.9516665056721874	 -0.2990849616150383	 0.2505086406754319	 
0.4516749789974502	 0.29749550291552285	 0.841121952568529	 -0.5858516573157506	 
0.0	 0.0	 0.0	 1.0	 
5	 6	  37
0.9946383149810625	 0.10060364922689251	 0.02394844742077582	 0.3034062789430721	 
-0.10130514389548376	 0.9943986939833719	 0.030141420412438346	 0.1740220867954502	 
-0.02078196795177547	 -0.03240591252219854	 0.9992587085643311	 0.02374555204243767	 
0.0	 0.0	 0.0	 1.0	 
5	 7	  37
0.9947834468865876	 0.09219728728896635	 -0.04365265188959783	 0.7400482194217384	 
-0.08865338481710822	 0.9930707389759812	 0.07714327417324728	 0.19279604867551886	 
0.05046257188162633	 -0.07287089683992429	 0.9960639343098596	 -0.11148011834552558	 
0.0	 0.0	 0.0	 1.0	 
5	 8	  37
0.9811986042781495	 0.18039629779640556	 0.06860375138403259	 1.1884445389077705	 
-0.19056847212939418	 0.9618154515611108	 0.19645532461240145	 0.08989638546711115	 
-0.030544334873751165	 -0.20583540239629927	 0.9781098254937801	 -0.07774546212654171	 
0.0	 0.0	 0.0	 1.0	 
5	 9	  37
0.957561618132497	 0.2837462430366332	 0.05063414897151186	 1.0932762915762344	 
-0.2863156575219165	 0.9566198269620824	 0.053868830698545	 -0.17649295608932933	 
-0.03315255250001131	 -0.06608007434644574	 0.9972634215878484	 -0.03746688094068072	 
0.0	 0.0	 0.0	 1.0	 
5	 10	  37
0.9524181035510308	 0.20042784596630106	 -0.22962672882216	 0.5775449090450911	 
-0.18480219990954921	 0.9788394589362414	 0.08787184155345575	 -0.08701841923746627	 
0.2423796669212335	 -0.04125520804351022	 0.9693039280186777	 -0.002320509334877371	 
0.0	 0.0	 0.0	 1.0	 
5	 11	  37
0.9820192813530325	 0.005430725920981817	 -0.1887025126140189	 0.34695145386305737	 
0.012250023973450831	 0.9956462536928762	 0.09240386582816762	 -0.009350986814633219	 
0.1883827698159327	 -0.09305398821819161	 0.9776772920105926	 0.15837643592665485	 
0.0	 0.0	 0.0	 1.0	 
5	 12	  37
0.9419892321148136	 0.07803208368123367	 -0.3264464435341711	 0.04559481285902634	 
-0.030817344537270627	 0.9885991953307001	 0.147383588866479	 -0.06588004282673719	 
0.3342253399361203	 -0.12877354117930126	 0.9336545384866545	 0.36461199453830434	 
0.0	 0.0	 0.0	 1.0	 
5	 15	  37
0.9770645214817806	 -0.19831510869583135	 0.07756312606220311	 -0.44230746875630333	 
0.1676515050544354	 0.9409825555825775	 0.294014970609094	 -0.25732225687093846	 
-0.13129315943552955	 -0.27426802174559933	 0.9526484968408833	 0.7004653337381693	 
0.0	 0.0	 0.0	 1.0	 
5	 16	  37
0.8382335967477326	 -0.3110454045976967	 0.44790087470556916	 -0.45511507233616294	 
0.21159086295972815	 0.9425370255032267	 0.2585599780853284	 -0.17675556821739288	 
-0.5025870511616046	 -0.12196192780611108	 0.8558805665339644	 0.637076427089102	 
0.0	 0.0	 0.0	 1.0	 
5	 17	  37
0.6114392117135806	 -0.36142110974460934	 0.7039295929352948	 -0.35676880840959635	 
0.288505754044879	 0.9301830767088505	 0.2269887082818269	 -0.28095168072552745	 
-0.7368219053896747	 0.06429794114457776	 0.6730224769667781	 0.5687612839799945	 
0.0	 0.0	 0.0	 1.0	 
5	 18	  37
0.7973557182517537	 -0.19995491317638017	 0.5694224190070633	 -0.38648770836658375	 
0.17615894135686863	 0.9795414370392701	 0.09729645678578769	 -0.1372617078097244	 
-0.5772277591655277	 0.022728964333368972	 0.8162668119120577	 0.33864688991108977	 
0.0	 0.0	 0.0	 1.0	 
5	 19	  37
0.959756356872243	 -0.16280672353478418	 0.22882680397013808	 0.022158419883720686	 
0.15603390814186105	 0.9866083631830543	 0.04751165338347758	 0.06363770066739925	 
-0.23349765513447154	 -0.009894870849231123	 0.9723070176531591	 -0.0515530910632431	 
0.0	 0.0	 0.0	 1.0	 
5	 20	  37
0.9699757014600252	 -0.05430532113017856	 0.23706132260257012	 0.3745283584885878	 
0.01349466417048437	 0.9852675864556268	 0.17048658926387528	 -0.09859714682615286	 
-0.24282716614097685	 -0.16216878607442245	 0.9564184503694451	 -0.7253897579917911	 
0.0	 0.0	 0.0	 1.0	 
5	 21	  37
0.8400555446728665	 -0.19010027708383506	 0.5081029093766557	 0.2567094126582786	 
0.08341340457114468	 0.9707183995010679	 0.22527315154703872	 -0.14545340064437268	 
-0.5360493315005845	 -0.1468593664794098	 0.831314285138324	 -0.5809475683618919	 
0.0	 0.0	 0.0	 1.0	 
5	 25	  37
0.8647873680458084	 0.2886337560991208	 -0.4108933717018526	 2.113130095273242	 
-0.21415115140180022	 0.9521363222490256	 0.21811856456382214	 -0.30876097596125945	 
0.45418288433370846	 -0.10063289071775829	 0.8852067153406038	 0.3533452957391502	 
0.0	 0.0	 0.0	 1.0	 
5	 26	  37
0.5735053490397994	 0.37619429831118184	 -0.7277152358861919	 2.015486176882856	 
-0.2680033798217915	 0.9255999898945837	 0.26728046526307186	 -0.5465983701817724	 
0.7741226020643204	 0.04174336624309392	 0.631657888692812	 0.8712236835259617	 
0.0	 0.0	 0.0	 1.0	 
5	 36	  37
0.4785890677915275	 -0.5371901236511656	 0.6945352944538391	 -0.3897799097895935	 
0.4016257808546859	 0.837339168405244	 0.37089061622974157	 -0.7785589464638893	 
-0.7808003818795816	 0.10143908569214549	 0.6164907749112236	 1.2765910810113341	 
0.0	 0.0	 0.0	 1.0	 
5	 37	  37
0.6130582678731761	 -0.5390071896512566	 0.5776078338255065	 -0.7672256280086174	 
0.321935762324029	 0.8380986234337688	 0.4403953477675111	 -0.6768364269324244	 
-0.7214685891493724	 -0.08403539077480976	 0.6873289808877093	 0.8238627736740924	 
0.0	 0.0	 0.0	 1.0	 
5	 38	  37
0.8346498627804393	 -0.36563008792428053	 0.4119153376181514	 -0.8070954652489046	 
0.17607281391617405	 0.8857565613358134	 0.4294574230935993	 -0.4045996960468347	 
-0.5218792683755824	 -0.28591948666545497	 0.8036741108090572	 0.3008919587204088	 
0.0	 0.0	 0.0	 1.0	 
5	 39	  37
0.8916093840938472	 -0.20855446176396586	 0.40191758194203514	 -0.43544532902764593	 
0.053294906458124576	 0.9297814926623997	 0.36423348122886684	 -0.30843332878339347	 
-0.44965804689942973	 -0.30333382993135133	 0.840116794545716	 -0.08183327128767291	 
0.0	 0.0	 0.0	 1.0	 
6	 7	  37
0.9978358683694148	 0.0013338532628275556	 -0.06574040333712856	 0.4371263050300389	 
0.0003991955855609886	 0.9996529143051637	 0.02634182157855907	 0.09068075840972656	 
0.06575272190821901	 -0.026311057688078888	 0.9974890013453751	 -0.11726571862359603	 
0.0	 0.0	 0.0	 1.0	 
6	 8	  37
0.9950776437968358	 0.07433871158799661	 0.06553044159148229	 0.7804104786053486	 
-0.08349710840453779	 0.9850935218098928	 0.15039609760982173	 0.05886476205024915	 
-0.05337336136893395	 -0.15512739683118174	 0.9864516080622319	 -0.09693248497514789	 
0.0	 0.0	 0.0	 1.0	 
6	 9	  37
0.9754756166419041	 0.2161507793396248	 0.04154710492885757	 0.7806860950334341	 
-0.2170035483545316	 0.9760193967386679	 0.017192940162441075	 -0.28222781647159023	 
-0.036834512873650374	 -0.025787163100264677	 0.9989886089844074	 -0.06475840674678253	 
0.0	 0.0	 0.0	 1.0	 
6	 10	  37
0.9532913470281739	 0.13014151927581394	 -0.27257804871594643	 0.3304173642873853	 
-0.1191961301359944	 0.9912669192427628	 0.0564107913041983	 -0.2579433652554848	 
0.2775389886877393	 -0.02128567066234288	 0.9604785421770976	 -0.008068259954505616	 
0.0	 0.0	 0.0	 1.0	 
6	 11	  37
0.9794851589356872	 -0.06970901395091862	 -0.18907532043797445	 0.008607554515563819	 
0.08448464196859257	 0.9938749651238573	 0.0712383251592185	 -0.21779761963065303	 
0.18295127410371018	 -0.08575084299318822	 0.9793751192621682	 0.11075720570191872	 
0.0	 0.0	 0.0	 1.0	 
6	 12	  37
0.9458548686817366	 -0.040637460149273705	 -0.3220359672826477	 -0.3675599309576868	 
0.06856202736042286	 0.9947595651940108	 0.07584626463611156	 -0.26906422732974644	 
0.3172661592342978	 -0.09381899747726341	 0.9436843645610954	 0.320260722887482	 
0.0	 0.0	 0.0	 1.0	 
6	 15	  37
0.9735274410333726	 -0.2285681818071816	 0.0009527960812263101	 -0.6712542220776764	 
0.21984252152781117	 0.9374873645361315	 0.2697901166896071	 -0.48422012871347786	 
-0.06255867072842013	 -0.2624386168239296	 0.9629186804274983	 0.6208413311320089	 
0.0	 0.0	 0.0	 1.0	 
6	 16	  37
0.8126631413659563	 -0.4493443020777713	 0.37103681334263466	 -0.661942444444816	 
0.3509281184229171	 0.8856858535511899	 0.3039901717481194	 -0.5138726446821512	 
-0.46521830828694544	 -0.11683435714523766	 0.8774517984625088	 0.5671246110323263	 
0.0	 0.0	 0.0	 1.0	 
6	 17	  37
0.6118114061641104	 -0.4046610703209939	 0.6796589008128722	 -0.6152679710625498	 
0.33372295014560216	 0.9110705045822489	 0.24203208098589393	 -0.48225412261413014	 
-0.7171581386511696	 0.07873978566718293	 0.6924480127197103	 0.44322570137130624	 
0.0	 0.0	 0.0	 1.0	 
6	 18	  37
0.7948489744626821	 -0.2960175170103719	 0.5297062746642112	 -0.5680690601816385	 
0.2654687159486633	 0.9546045536791943	 0.1351166420079883	 -0.38405602971344044	 
-0.5456569147808822	 0.033223120232166864	 0.8373498406483694	 0.2686417471590254	 
0.0	 0.0	 0.0	 1.0	 
6	 19	  37
0.9446062411941575	 -0.23138997980195794	 0.23276109284907145	 -0.31404230212976436	 
0.23234670311698272	 0.97234443037181	 0.02369215641493646	 -0.1144604556911799	 
-0.23180607983336754	 0.031701513720490404	 0.9722453164608795	 -0.07055931974330851	 
0.0	 0.0	 0.0	 1.0	 
6	 20	  37
0.9519672008232233	 -0.14643390721538493	 0.2689155246065833	 -0.11737961183197915	 
0.10367679812972087	 0.9805073924676496	 0.16690229131398868	 -0.2560403114216995	 
-0.2881138144663791	 -0.13100520651457523	 0.948592676431621	 -0.7329050477301738	 
0.0	 0.0	 0.0	 1.0	 
6	 21	  37
-0.7225760437769633	 0.5941330588466573	 -0.3533974665233836	 0.41185943064477387	 
-0.4258704364199964	 -0.7852663469774108	 -0.4494342395592423	 0.6327548502451322	 
-0.5445348770676434	 -0.17424888146059084	 0.820438355372699	 -0.502929188658438	 
0.0	 0.0	 0.0	 1.0	 
6	 24	  37
0.9905753403942968	 -0.09109771338752833	 -0.102282459973775	 1.7814110175091635	 
0.10339496587307924	 0.987107138467697	 0.12218419790717615	 -0.2506097702201081	 
0.08983304533871675	 -0.13160814489110811	 0.987223034660098	 0.015517109878080195	 
0.0	 0.0	 0.0	 1.0	 
6	 25	  37
0.8560422190697666	 0.17479498076008107	 -0.48645496592304666	 1.8173027558112544	 
-0.07028907392981332	 0.9717117503025245	 0.22546778131274917	 -0.4951936446766456	 
0.512104642877019	 -0.15881747078041258	 0.8441124603503458	 0.40744582964407033	 
0.0	 0.0	 0.0	 1.0	 
6	 26	  37
0.5895141060204604	 0.31024255732169104	 -0.7458033751796747	 1.721832089084698	 
-0.18764916285673114	 0.9506401362260991	 0.24712572321632337	 -0.6392514139378727	 
0.7856595385292947	 -0.005734720788339562	 0.6186325262184444	 0.9145412860694362	 
0.0	 0.0	 0.0	 1.0	 
6	 35	  37
-0.1497861261706148	 0.3680022453987636	 -0.9176810250780316	 2.6972861931393117	 
0.22145585757069305	 -0.8920834216919971	 -0.39388383044995107	 0.09870277631145076	 
-0.9635981629052789	 -0.2622241715093496	 0.05212546711354767	 1.714431434338259	 
0.0	 0.0	 0.0	 1.0	 
6	 36	  37
0.36640708064828564	 -0.6157396901540947	 0.6975747165857854	 -1.2068542160357296	 
0.47096629824710956	 0.7693121404111918	 0.431682263396777	 -1.1333119381979082	 
-0.8024566014222915	 0.17036274412232696	 0.5718740580310459	 1.3724644328108238	 
0.0	 0.0	 0.0	 1.0	 
6	 37	  37
0.6403780860409672	 -0.5281484861085857	 0.5576513996572735	 -1.007235312204363	 
0.3586050581701906	 0.8476541560296722	 0.391004915596183	 -0.8644866196399122	 
-0.6792041807683911	 -0.050414366869309106	 0.7322158646464203	 0.7321259982127911	 
0.0	 0.0	 0.0	 1.0	 
6	 38	  37
0.8341492812493506	 -0.4354527789756402	 0.338490552118642	 -1.0309090273202646	 
0.24881012236495956	 0.8448216881172466	 0.4736769345191498	 -0.7096906771508221	 
-0.49222809712563625	 -0.3108973987815229	 0.8130524631479555	 0.25333138904294433	 
0.0	 0.0	 0.0	 1.0	 
6	 39	  37
0.8550951722569238	 -0.2759952404321605	 0.43890645203926487	 -0.9278373480052932	 
0.11864108515375857	 0.9282386843325123	 0.3525581339611733	 -0.5073859544465048	 
-0.5047143145349062	 -0.24939842053918493	 0.826476792496994	 -0.04268994325283431	 
0.0	 0.0	 0.0	 1.0	 
6	 53	  37
0.7819490352055148	 -0.22244051090128192	 0.5823022629624081	 -0.9247641190076461	 
0.230687100317255	 0.9711025204479882	 0.061182975792140465	 -0.6966414223454889	 
-0.5790847676190264	 0.08648765165930702	 0.8106668354028539	 1.4505409123530473	 
0.0	 0.0	 0.0	 1.0	 
6	 54	  37
0.48320829514647273	 -0.3479156259418124	 0.8034080287918187	 -0.7061257744276346	 
0.2791098148943473	 0.9309859595922181	 0.23529312414900458	 -0.7333338408091855	 
-0.8298237491969497	 0.11054347682098936	 0.5469668042953287	 1.2993611228543493	 
0.0	 0.0	 0.0	 1.0	 
6	 59	  37
0.36865537827140527	 0.39569703568158016	 -0.841140337889212	 2.990122943474043	 
0.912548184526274	 -0.32640939454306755	 0.24639950907384062	 -0.17442724717464836	 
-0.1770565530822532	 -0.8584175924961227	 -0.48142519035026893	 2.516280116546824	 
0.0	 0.0	 0.0	 1.0	 
7	 8	  37
0.9862698895060467	 0.03747342448320698	 0.16083360193451837	 0.29232569596484614	 
-0.057590139436024694	 0.990820900736965	 0.12230011652704319	 -0.010992095254528633	 
-0.1547742901565667	 -0.12988335197511086	 0.9793749200312618	 -0.004379837879064535	 
0.0	 0.0	 0.0	 1.0	 
7	 9	  37
0.9840736178427558	 0.14956966552948808	 0.09606263487573177	 0.38670710654251006	 
-0.14843184766891068	 0.9887415601844723	 -0.018923893932512842	 -0.29064963899741714	 
-0.09781155996846402	 0.0043637503792916315	 0.9951953860519874	 0.025591637434979195	 
0.0	 0.0	 0.0	 1.0	 
7	 10	  37
0.9806277049301152	 0.1132124475035786	 -0.15985069925947895	 -0.19092389110355995	 
-0.11316330794764172	 0.9935315513394609	 0.009440456946155551	 -0.3231294045621428	 
0.1598854904543943	 0.008831660277345887	 0.987096060026026	 0.12250322552729956	 
0.0	 0.0	 0.0	 1.0	 
7	 11	  37
0.9891148462799445	 -0.11942026171907957	 -0.0859687266367676	 -0.518160157941414	 
0.12159328866659405	 0.9923686636403548	 0.020481884090556117	 -0.3258425713493821	 
0.0828667184087979	 -0.03071215582799797	 0.9960872805455118	 0.23162903457630593	 
0.0	 0.0	 0.0	 1.0	 
7	 15	  37
0.9469775521840065	 -0.30530979634905075	 0.10009717235211196	 -1.0919310496640902	 
0.2696083523078463	 0.9245412738073983	 0.2693227977584553	 -0.6648834179358544	 
