0	 1	  37
0.9952831967452362	 0.018280186975597766	 -0.0952743041996214	 0.04817657483532538	 
-0.013807385749684568	 0.9987807350674545	 0.0473961955949472	 0.03377400388207442	 
0.09602455089894585	 -0.045857147995184325	 0.9943220844386411	 0.5330485144415031	 
0.0	 0.0	 0.0	 1.0	 
0	 6	  37
0.47663555621366943	 0.7833698032219402	 0.398936458540584	 -1.1706241116009561	 
0.7874198863192995	 -0.17865952066029214	 -0.589958217424196	 1.4877535413311933	 
-0.390881656235984	 0.5953255639374575	 -0.7019964414017783	 4.416655928996437	 
0.0	 0.0	 0.0	 1.0	 
0	 8	  37
-0.4576097354491198	 0.7101404640264858	 -0.5350643432097059	 -0.18588515810318076	 
-0.8879768618489695	 -0.33405239144320165	 0.3160792504925535	 -0.2937869933463765	 
0.045721142188737504	 0.6197656985694884	 0.7834539271926794	 0.25437508112428	 
0.0	 0.0	 0.0	 1.0	 
0	 9	  37
-0.9402004921421704	 0.1409626268136301	 0.31008478262794875	 -0.9128729252566795	 
0.009706784205513002	 0.9210682302756237	 -0.3892802249245621	 1.2055844402183857	 
-0.34048320504249346	 -0.36299153298490516	 -0.8673570972011816	 5.568773342252459	 
0.0	 0.0	 0.0	 1.0	 
0	 10	  37
-0.3775367767902893	 0.1877214946922865	 -0.9067671269963928	 2.157481468240446	 
-0.18601210740905905	 0.9439009805768921	 0.2728560696836755	 -0.462501114079089	 
0.9071193295636687	 0.2716828652978987	 -0.32143886298250285	 3.1766349093507764	 
0.0	 0.0	 0.0	 1.0	 
0	 11	  37
-0.9534995072552772	 0.19447326522895414	 -0.23025820023428561	 0.4222143299124583	 
0.14603156332337897	 0.9664072659444787	 0.21149888615084314	 -0.21507586702775577	 
0.2636540767317534	 0.1680391187816285	 -0.9498680868319666	 4.6521385131752035	 
0.0	 0.0	 0.0	 1.0	 
0	 27	  37
0.8185989277522192	 0.16614488109474493	 -0.5498105800809303	 1.8818554110656054	 
-0.029706485799259025	 0.9682144168573978	 0.24835129895159758	 -0.05483800704756265	 
0.5735968272091245	 -0.18696716683819273	 0.7975148640245677	 0.9473542756812869	 
0.0	 0.0	 0.0	 1.0	 
0	 28	  37
-0.05482933485305982	 0.11950517982912119	 -0.9913184433034525	 2.4101754738475005	 
-0.05631849534345146	 -0.9916015307976742	 -0.11642435828450742	 1.98428123744828	 
-0.9969061997609512	 0.04944609300762911	 0.061099204286637	 2.259198898317345	 
0.0	 0.0	 0.0	 1.0	 
1	 2	  37
0.9830420680856481	 0.015416809653495858	 -0.18273098903579396	 0.34094561672797824	 
0.0016939463382137023	 0.9956539034952526	 0.093115170624711	 -0.1098450815187445	 
0.18337236138441046	 -0.09184566639081929	 0.978743557141262	 0.27117823327105106	 
0.0	 0.0	 0.0	 1.0	 
1	 6	  37
0.36266416355493614	 0.23639404522001423	 -0.9014391603749623	 1.4084384045850111	 
-0.019471417159142444	 0.969003494218355	 0.24627848486303888	 -0.2612864705021867	 
0.9317164635160275	 -0.07176408277918275	 0.3560257687809259	 3.0431975984945097	 
0.0	 0.0	 0.0	 1.0	 
1	 8	  37
0.4472337068064345	 0.1953729774751907	 -0.8728180859541435	 2.1212041135694433	 
-0.12434619250845069	 0.9799562747940352	 0.15563972468636833	 -0.6612608487690427	 
0.8857313565098777	 0.03892427474309344	 0.4625633631524411	 2.0513335885292556	 
0.0	 0.0	 0.0	 1.0	 
1	 9	  37
-0.23465032627750504	 0.20840157439807755	 -0.9494777554878592	 2.449124735226091	 
0.030791563621741718	 0.9778520828475395	 0.20701976640035483	 -0.5656407335532395	 
0.9715920460705659	 0.01934135101620335	 -0.2358703206282624	 2.717178486760684	 
0.0	 0.0	 0.0	 1.0	 
1	 10	  37
-0.9135985908454838	 0.006630131261939197	 -0.40656322529785605	 1.3855307211736752	 
-0.04809619365388056	 0.9910857878619582	 0.12424056203208764	 -0.3237145818339796	 
0.403762765694354	 0.1330601460148377	 -0.9051356951205469	 4.889078230254832	 
0.0	 0.0	 0.0	 1.0	 
1	 27	  37
0.8423176595249036	 -0.0052122470073800425	 -0.5389562068792076	 2.0733551354856985	 
0.06740885450051638	 0.9931206450911807	 0.09574670035361679	 0.2915430524066155	 
0.5347494803993899	 -0.11697955708076127	 0.8368744089992067	 0.38162659611580596	 
0.0	 0.0	 0.0	 1.0	 
1	 28	  37
0.98157613788102	 0.02827354049066193	 -0.18896796673167743	 1.318809015993278	 
0.012014460102372875	 0.9779011404773025	 0.20872233278123353	 -0.15859719829270483	 
0.19069330950777993	 -0.2071472093978445	 0.9595447333749768	 0.40812542635713017	 
0.0	 0.0	 0.0	 1.0	 
2	 3	  37
0.9911614487556788	 0.13176988881619517	 0.015351837085879637	 0.1377021402314265	 
-0.1322827463848453	 0.9904285624517886	 0.03940225486652645	 -0.12697441321247227	 
-0.01001286719309222	 -0.0410847791895197	 0.9991054916321503	 0.7420690338233238	 
0.0	 0.0	 0.0	 1.0	 
2	 5	  37
0.8562934958103583	 0.19950156134764988	 -0.47640379517036335	 0.8589190965308588	 
-0.1148088305670609	 0.9728337866851081	 0.20103073373924224	 -0.3724329035668316	 
0.5035676533065836	 -0.11744594715767855	 0.8559357849976464	 1.6934378868805038	 
0.0	 0.0	 0.0	 1.0	 
2	 8	  37
0.04321340441973379	 -0.1577774183244933	 -0.9865287060928909	 2.1718313012574155	 
0.11698085988032822	 0.9814577984563518	 -0.15184224797752904	 0.04360925686222819	 
0.9921935698744044	 -0.10884335586551984	 0.060869070830893886	 1.9197856784656095	 
0.0	 0.0	 0.0	 1.0	 
3	 4	  37
0.9825259512893803	 0.05160905805644996	 -0.17882745921537158	 0.4395098566810921	 
-0.045838300927739446	 0.9982907245521626	 0.036255750456661906	 -0.05662096620614616	 
0.1803929189601333	 -0.027425068817484837	 0.9832122153377668	 0.4911593371442493	 
0.0	 0.0	 0.0	 1.0	 
3	 5	  37
0.8554574833670263	 0.07206609709657182	 -0.51283425373177	 0.7538631470339815	 
-0.036425839681263346	 0.9961907872020266	 0.07922798556899582	 -0.1252229406099748	 
0.5165904106299969	 -0.04909575483759896	 0.8548239318725565	 0.9903636593156058	 
0.0	 0.0	 0.0	 1.0	 
3	 6	  37
0.609780359991551	 0.25862416464480514	 -0.7491871955862242	 1.2174566746998883	 
-0.14043415614256435	 0.9655622129575858	 0.21901566313160256	 -0.38267511056599035	 
0.7800295894112605	 -0.02833997830321118	 0.6251005401314841	 0.9696017530362316	 
0.0	 0.0	 0.0	 1.0	 
4	 5	  37
0.9285981828191453	 0.07685954830581053	 -0.3630399767232352	 0.4144379828755029	 
-0.05572033719172354	 0.9961033279191596	 0.0683623005143503	 -0.13934115641473344	 
0.36687962452038847	 -0.043252398113868	 0.9292623801538397	 0.4320806763317031	 
0.0	 0.0	 0.0	 1.0	 
4	 6	  37
0.7522032178586536	 0.16384000636298898	 -0.6382372375207064	 0.7606274314593827	 
-0.12719697311019432	 0.9864808601123338	 0.1033268729016509	 -0.2003633275567449	 
0.6465378945388206	 0.0034590384509519735	 0.7628740302161972	 0.2998709534744518	 
0.0	 0.0	 0.0	 1.0	 
4	 7	  37
0.5323231556195479	 0.11790252258941042	 -0.8382905541387786	 1.1037002374075453	 
-0.14649268594463313	 0.9881437548584273	 0.04595446331985329	 -0.24613648639450447	 
0.8337697229786973	 0.09834080994857776	 0.5432836590057576	 0.21787437492110345	 
0.0	 0.0	 0.0	 1.0	 
5	 6	  37
0.9410495470581458	 0.07745783505133312	 -0.32928108626342206	 0.3047100557116752	 
-0.0729539706760949	 0.9969955156439613	 0.0260319025125513	 -0.027106903881626225	 
0.3303081412018936	 -0.00047494735704399336	 0.9438730350427211	 -0.23699682913683295	 
0.0	 0.0	 0.0	 1.0	 
5	 7	  37
0.6973925501249338	 0.10892143769506829	 -0.7083641376020393	 0.94988749908534	 
-0.19092520863959755	 0.980901723183382	 -0.037139926787740515	 0.002930420050959619	 
0.6907902689935399	 0.16114567901843413	 0.704869402370056	 -0.25256267794198173	 
0.0	 0.0	 0.0	 1.0	 
5	 8	  37
0.7203925692920249	 0.07933588609055177	 -0.6890140515889804	 0.6799047684906416	 
-0.1641641486055849	 0.9847112714371076	 -0.05825670963346838	 -0.05951738106865204	 
0.673858055098727	 0.15507910588774282	 0.7224027910353193	 -0.7572052332937969	 
0.0	 0.0	 0.0	 1.0	 
6	 7	  37
0.9560916669854275	 0.027027465299285857	 -0.2918188486724635	 0.2211189764002741	 
-0.050637176230184	 0.9959972503204297	 -0.07365700060127915	 -0.04501925396273321	 
0.2886600088416465	 0.0851997269575407	 0.9536332658951762	 -0.3279265412889355	 
0.0	 0.0	 0.0	 1.0	 
6	 8	  37
0.8722152852941201	 -0.03517692575960795	 -0.48785559338127776	 0.45099379638263226	 
-0.026151633961989947	 0.9926299963714372	 -0.11832912720356248	 -0.026538446936525434	 
0.48842255081068214	 0.11596669434687622	 0.8648671213902419	 -0.5906637133010535	 
0.0	 0.0	 0.0	 1.0	 
7	 8	  37
0.9856634776336158	 0.006795283172913974	 -0.1685862775726632	 0.019615593712844027	 
-0.017051153797543357	 0.9980849474080715	 -0.05946171803437849	 -0.010385717807933065	 
0.16785936677284277	 0.06148383433088154	 0.9838917476544832	 -0.31197516105563805	 
0.0	 0.0	 0.0	 1.0	 
9	 10	  37
0.9892139414558659	 0.00012633017564129452	 -0.14647785522063564	 0.1806297803399195	 
0.004107530657805058	 0.9995824505762273	 0.028601620442193765	 -0.03155989555516931	 
0.1464203067243275	 -0.028894783970655435	 0.988800376839553	 -0.041248607129465154	 
0.0	 0.0	 0.0	 1.0	 
9	 11	  37
0.997491894093446	 -0.04043486896798166	 -0.05809425607933251	 0.16770652270045475	 
0.04393827556021496	 0.9972097171749672	 0.06035070763972047	 0.05805127241295103	 
0.05549188371882411	 -0.06275190310550424	 0.9964852480082049	 0.27606619194660864	 
0.0	 0.0	 0.0	 1.0	 
10	 11	  37
0.9822575141913259	 -0.046265343392071244	 0.18174073240606345	 -0.19479597806944232	 
0.03193298091344672	 0.9962014506621583	 0.08101206347571481	 -0.0289375367802596	 
-0.18479843220292763	 -0.0737711847500468	 0.980003750888697	 0.40907451780282805	 
0.0	 0.0	 0.0	 1.0	 
14	 15	  37
0.9955564168369943	 0.034456032551741074	 -0.0876367657748605	 0.15046553358253342	 
-0.031857448683848925	 0.9990152821625568	 0.030879912063064736	 -0.03561775274347324	 
0.08861446754362645	 -0.02795081083725498	 0.99567375596402	 0.11927988067580142	 
0.0	 0.0	 0.0	 1.0	 
14	 16	  37
0.9904432000277361	 0.009833415548527373	 -0.13757024190379075	 0.1831263043640078	 
0.00011965019413114895	 0.9973934708369914	 0.07215434855620265	 -0.0967754364886312	 
0.1379211847492931	 -0.07148124418607256	 0.9878604043724813	 0.17754218488740883	 
0.0	 0.0	 0.0	 1.0	 
14	 17	  37
0.9149429899662922	 0.06882311360185286	 -0.39767160339366564	 0.3975387576088527	 
-0.0642507754095516	 0.9976248546615973	 0.02482916069258501	 0.01760054193854392	 
0.3984358956856339	 0.0028334423539754577	 0.9171918058037878	 0.7419918887157644	 
0.0	 0.0	 0.0	 1.0	 
15	 16	  37
0.9990072823003617	 0.010573872509080325	 -0.0432740468526591	 0.0013466946685608645	 
-0.009779798917850626	 0.9997806467777836	 0.018520633404995185	 0.025886930414549626	 
0.04346038936745571	 -0.01807903616782479	 0.9988915571808942	 0.055590693193328704	 
0.0	 0.0	 0.0	 1.0	 
15	 17	  37
0.9870654953291617	 0.014155534636537844	 -0.1596913547119885	 0.5184861458490378	 
-0.01507485067329939	 0.9998760300443964	 -0.004546803254475679	 -0.043536679512530735	 
0.15960719535088036	 0.006895315932643471	 0.9871565214343746	 0.18433518132744175	 
0.0	 0.0	 0.0	 1.0	 
16	 17	  37
0.9651111578548338	 0.14606066458387715	 -0.21731713058435895	 0.11587030527527621	 
-0.14858247321480902	 0.9888884597701505	 0.004781504657646623	 -0.09978159700147987	 
0.2156007922932414	 0.02767483323774006	 0.9760893411813233	 0.5006847380271158	 
0.0	 0.0	 0.0	 1.0	 
17	 18	  37
0.9635803414744314	 0.12645521682833033	 -0.23563107532946218	 0.15187358106412918	 
-0.12391983139499935	 0.9919619639527023	 0.02559955972536294	 0.017124833947874785	 
0.23697426212788128	 0.004532130624488976	 0.9715053571035774	 0.5441932267561564	 
0.0	 0.0	 0.0	 1.0	 
18	 19	  37
0.8830509334833059	 0.012491470642613463	 -0.46911087392581974	 0.33841646625777916	 
-0.017486990425150412	 0.999827280364938	 -0.006294013339897299	 0.03452105730538283	 
0.46895122778401205	 0.013761271715827576	 0.8831168514758568	 0.5666658033961524	 
0.0	 0.0	 0.0	 1.0	 
19	 20	  37
0.9336624765324862	 0.08741078147497522	 -0.3473236749735877	 0.21796086788660635	 
-0.09735224607571376	 0.9951865102858831	 -0.011240548430524673	 0.04095806495771418	 
0.3446692909141137	 0.04430761815917707	 0.9376779377130622	 0.13309682724342994	 
0.0	 0.0	 0.0	 1.0	 
19	 21	  37
-0.5803230821555588	 0.14455493097696473	 0.8014542982901256	 -3.0707194879655146	 
0.36480881247247643	 0.9260018490554414	 0.0971344732230816	 -0.40770472482985787	 
-0.7281068950778409	 0.3487469676945581	 -0.5901151598323476	 4.928843836483229	 
0.0	 0.0	 0.0	 1.0	 
20	 21	  37
0.9058278897497894	 -0.02558334081699157	 -0.42287270758951256	 0.46629113848277237	 
0.05714792237913439	 0.9964304594602369	 0.06213255529599683	 0.017362200392693514	 
0.4197736879786443	 -0.08044769811811474	 0.904056535150488	 -0.2407464798228103	 
0.0	 0.0	 0.0	 1.0	 
21	 22	  37
0.9539780284381045	 0.014863864231977802	 -0.2995079077377421	 -0.028046412721192453	 
0.015734896571469606	 0.9949138203605229	 0.09949323135527267	 -0.06309024124367828	 
0.29946341059840925	 -0.09962708264182993	 0.9488920434470118	 -0.13789059187836428	 
0.0	 0.0	 0.0	 1.0	 
22	 23	  37
0.9940386012785581	 0.04161526657593759	 -0.10077414726000283	 -0.028062037986239574	 
-0.030284209836003648	 0.9933065300547116	 0.11146750192444813	 0.0518704121570835	 
0.10473836834119607	 -0.10775113427932738	 0.9886453192418106	 -0.025208363769005017	 
0.0	 0.0	 0.0	 1.0	 
22	 24	  37
0.9504884418741636	 0.07377176455590721	 -0.30187654532595526	 0.15256814300712876	 
-0.019576498636707875	 0.9836988289002765	 0.17875506907875657	 -0.06832838343490726	 
0.31014268097885606	 -0.16399494130774797	 0.9364385600031195	 0.4820915486272078	 
0.0	 0.0	 0.0	 1.0	 
23	 24	  37
0.9408872992037088	 0.04035861895120683	 -0.3363068124101897	 0.44306812712723354	 
-0.03648131630676481	 0.9991750410468868	 0.01784239080051961	 -0.08907812162847671	 
0.33674946734579575	 -0.004518763691982129	 0.941583441346023	 0.502937442003646	 
0.0	 0.0	 0.0	 1.0	 
23	 25	  37
0.9995444699228191	 -0.028556097702017686	 0.009767391194328536	 0.042720498575006885	 
0.028962842700690078	 0.9985937415373826	 -0.04440375102472848	 0.07536254925935457	 
-0.008485657865205725	 0.04466641519535459	 0.9989659178191166	 0.11645737745058585	 
0.0	 0.0	 0.0	 1.0	 
24	 25	  37
0.9990069311505189	 0.002567900870178361	 -0.04448097793826638	 0.22501977778557453	 
-0.003422206064355895	 0.9998109452805162	 -0.019140590454166793	 -0.06493051753320393	 
0.044423417460577166	 0.01927380560247499	 0.9988268520613179	 0.25975473934850074	 
0.0	 0.0	 0.0	 1.0	 
25	 26	  37
0.8822982814302429	 0.14539035493557873	 -0.4476733041816826	 0.4626254137023055	 
-0.119672555818681	 0.9891350654065414	 0.08538326397498232	 -0.2071281385580835	 
0.45522326606739183	 -0.021759298584815803	 0.8901114036771092	 0.5208209035324373	 
0.0	 0.0	 0.0	 1.0	 
26	 27	  37
0.941850500468575	 0.11152212213644742	 -0.31698651555117946	 0.30161706900178786	 
-0.11632813959821202	 0.9932036154990154	 0.003787096157073921	 -0.09877876031204955	 
0.31525449831003827	 0.0333075732209257	 0.948422483317123	 0.3848332591077094	 
0.0	 0.0	 0.0	 1.0	 
26	 28	  37
0.9754401033293847	 -0.0003081199216778123	 -0.2202646360151188	 0.23649209963238307	 
-0.020754646836026087	 0.9954212996692514	 -0.0933042378431463	 -0.002763458288182253	 
0.21928485914780033	 0.09558421013374799	 0.9709674604854877	 0.788092102840619	 
0.0	 0.0	 0.0	 1.0	 
27	 28	  37
0.9857042879985844	 0.05744787786721933	 0.1583881243962283	 -0.09301324072906848	 
-0.04065364776386796	 0.9933945769400037	 -0.107305616953082	 0.06261283820885202	 
-0.16350638380409965	 0.09933255173780256	 0.9815287599558975	 0.4264266701314065	 
0.0	 0.0	 0.0	 1.0	 
29	 30	  37
-0.6439753874867509	 0.22662054161507184	 -0.7307111812675241	 3.2961651315781975	 
0.13670532778987207	 0.9738344480983471	 0.1815437166383097	 -0.09817982095048575	 
0.7527332553203377	 0.017017573713038976	 -0.6581056514874861	 5.780631404145161	 
0.0	 0.0	 0.0	 1.0	 
30	 31	  37
0.9576433763450416	 0.024110382982157074	 0.28694573210787133	 -0.05780942367550268	 
-0.024701517305086323	 0.9996936531606911	 -0.0015604079780466677	 -0.02546677341238187	 
-0.28689544922374605	 -0.005593680602711036	 0.9579455683659797	 0.6764446719797998	 
0.0	 0.0	 0.0	 1.0	 
31	 32	  37
0.8095165535864621	 -0.03599840717674783	 0.585992375505206	 -0.5035350039998238	 
0.04564919141957634	 0.9989560951745453	 -0.0016944722964020262	 0.05258634414954904	 
-0.5853196569330612	 0.02812178149338084	 0.8103147935298989	 0.2798731948186458	 
0.0	 0.0	 0.0	 1.0	 
31	 33	  37
0.6026476157018532	 -0.2805327512284957	 0.7470724374363181	 -1.1198814392771237	 
0.28422721876419643	 0.9502356748160952	 0.127542347557074	 -0.05283475804978559	 
-0.7456746873821319	 0.13547522945162616	 0.6523923074367051	 0.27390793188664453	 
0.0	 0.0	 0.0	 1.0	 
31	 34	  37
0.19470619868709438	 0.034419253564203486	 0.9802575228871773	 -1.8557386606008706	 
0.06288243616896544	 0.9968902501148392	 -0.04749345689070151	 0.05677922922128005	 
-0.9788438565033121	 0.07088825156579902	 0.19193634459285305	 0.9411532247741039	 
0.0	 0.0	 0.0	 1.0	 
31	 35	  37
0.34917275155851873	 0.26736176203831497	 0.8981069411650368	 -1.5303589925757801	 
0.07684568793853568	 0.9470338911073659	 -0.3118037032161339	 0.5076087647901828	 
-0.9339020986239965	 0.17788900273431416	 0.31013283104483674	 0.49933774576862944	 
0.0	 0.0	 0.0	 1.0	 
31	 36	  37
0.5615772087535477	 0.252205295789164	 0.7880504599227598	 -1.392368278029953	 
-0.023707780965445117	 0.9569274275402551	 -0.28935763259828423	 0.2044435484318022	 
-0.8270846267041042	 0.14381372395251182	 0.5433678616486645	 0.21833320351615595	 
0.0	 0.0	 0.0	 1.0	 
31	 37	  37
0.3929737828583576	 0.0259585435852564	 0.9191832026320562	 -1.6956344996684833	 
-0.029374206909313964	 0.999445696602822	 -0.015667019836206355	 0.015573070299389577	 
-0.9190803892774777	 -0.020843549530528995	 0.39351846778585514	 0.5871484944250104	 
0.0	 0.0	 0.0	 1.0	 
32	 33	  37
0.9579304815385603	 -0.04592263642647026	 0.28330249558192017	 -0.4659841019932498	 
0.04441732636406815	 0.9989441014814251	 0.011738110330726347	 0.08243703839775017	 
-0.28354240186957896	 0.001339245724552081	 0.9589587648918588	 -0.3732060574464736	 
0.0	 0.0	 0.0	 1.0	 
32	 34	  37
0.8493596095978755	 -0.024890721230288192	 0.5272273755984044	 -0.9811746073856129	 
0.08289585820630119	 0.9927818250719967	 -0.08667482044374951	 0.1400795600141482	 
-0.5212643573811522	 0.11732305742415469	 0.8452921210567761	 -0.40654559954032404	 
0.0	 0.0	 0.0	 1.0	 
32	 35	  37
0.8853378177094208	 0.04924627624719042	 0.46233294584022905	 -0.7392875317367278	 
0.056766526782748926	 0.9754868088362096	 -0.2126100826009252	 0.14402502123979022	 
-0.4614699448182322	 0.2144767821055097	 0.8608398224798401	 -0.5527658413606515	 
0.0	 0.0	 0.0	 1.0	 
32	 36	  37
0.9228403494037355	 0.05318850561086338	 0.3814926898162977	 -0.8211238268245118	 
0.03848485384931757	 0.9727321478935262	 -0.2287161657571302	 0.03424922177435536	 
-0.3832552746363542	 0.22575019673375585	 0.8956295233734106	 -0.5270141819212346	 
0.0	 0.0	 0.0	 1.0	 
32	 37	  37
0.8870520066328457	 0.010422556351986469	 0.46155184741016003	 -0.878894536390162	 
-0.005160025482739948	 0.9999065140476817	 -0.012662436654587756	 0.0375396785168027	 
-0.46164067375574674	 0.008850620549071764	 0.8870228603876209	 -0.5007210763637616	 
0.0	 0.0	 0.0	 1.0	 
33	 34	  37
0.9784266903311494	 0.007497120002723186	 0.20645823994042362	 -0.29594561998368124	 
0.02058798072266	 0.9908284068587205	 -0.13354850508924754	 0.11975704363899647	 
-0.2055659181318638	 0.13491798009707262	 0.9692986082467723	 -0.17746530202378238	 
0.0	 0.0	 0.0	 1.0	 
33	 35	  37
0.9660200156302465	 0.008013669904764396	 0.2583430093817072	 -0.39358078013736036	 
0.05619953631770134	 0.9690934291199617	 -0.24020728081011555	 0.1412468244242467	 
-0.25228345470802266	 0.2465637985008583	 0.9357132850127828	 -0.20932634007204012	 
0.0	 0.0	 0.0	 1.0	 
33	 36	  37
0.9934679342535243	 0.015680395787112503	 0.11302915021353542	 -0.33434983270525764	 
0.01711589241178301	 0.9588320560295367	 -0.28345746516385717	 0.08341620845356092	 
-0.11282069773309635	 0.28354049713952756	 0.9523005180324571	 -0.24743904752445336	 
0.0	 0.0	 0.0	 1.0	 
33	 37	  37
0.9787214336158842	 0.05730118107060926	 0.19703027693423922	 -0.39896049872942	 
-0.04071023977496733	 0.9953542225214709	 -0.08725049046362528	 0.1411213743128382	 
-0.20111447426362553	 0.07737277529332709	 0.9765072564426104	 -0.2291653678862552	 
0.0	 0.0	 0.0	 1.0	 
34	 35	  37
0.9990232478400095	 -0.04418313562185489	 -0.0006330891087662112	 0.021420151449247485	 
0.043794336746921736	 0.9919362592518444	 -0.1189307094503149	 0.047460738836118316	 
0.0058827157075694875	 0.11878681790535031	 0.9929023544880058	 -0.04150183637873182	 
0.0	 0.0	 0.0	 1.0	 
34	 36	  37
0.9916768078357054	 0.003318801626750651	 -0.1287093405955714	 0.04157931480590191	 
-0.023971109572497307	 0.9869482956671138	 -0.15924335962809352	 -0.03329001736845103	 
0.12650096721625428	 0.1610032522514413	 0.9788132907034981	 -0.061732139974169174	 
0.0	 0.0	 0.0	 1.0	 
34	 37	  37
0.9965915141408103	 0.06114559130907128	 -0.05537662508668103	 0.05901832446183912	 
-0.05868178105691553	 0.9972585113052945	 0.04507671462224627	 0.012528791858986166	 
0.057981053064902414	 -0.041673472288870375	 0.9974475019733485	 -0.058299311622206466	 
0.0	 0.0	 0.0	 1.0	 
35	 36	  37
0.9926255382781211	 -0.015708932985614855	 -0.12019887762588981	 0.026366249606664966	 
0.011534989488840033	 0.9993086812719663	 -0.03534265909599015	 -0.07471134650076798	 
0.12067097735397073	 0.03369553321935288	 0.992120520030455	 -0.021314489667405886	 
0.0	 0.0	 0.0	 1.0	 
35	 37	  37
0.9972307620230276	 0.05375552274322524	 -0.05139213022995602	 -0.009788235418179922	 
-0.04562753792826524	 0.9879350199786646	 0.14799501370775578	 0.05037631834215506	 
0.05872763453072924	 -0.14524028392411162	 0.9876519249553805	 -0.021618168379758648	 
0.0	 0.0	 0.0	 1.0	 
36	 37	  37
0.9972805542554004	 0.0368159936747443	 0.0638441752533687	 -0.02773291176211949	 
-0.05083532992961742	 0.9708511562884499	 0.2342302319606225	 -0.03684969998154124	 
-0.05335977262871927	 -0.23683879526615	 0.9700825324279837	 0.022845143685612926	 
0.0	 0.0	 0.0	 1.0	 
