0	 1	  37
0.9982427693539851	 -0.0287150489621098	 -0.05183453863583898	 -0.05719525706239523	 
0.030572214417009153	 0.9989055402247538	 0.035398607514051446	 0.07919077568537948	 
0.05076133507037706	 -0.036921100625483094	 0.9980281154308611	 0.47776190818435643	 
0.0	 0.0	 0.0	 1.0	 
0	 6	  37
0.7040383515974155	 -0.25270793872330655	 -0.6636781578342102	 0.44951699659316513	 
0.569835852048919	 0.7587454895857555	 0.31558261002937554	 0.1403263257876095	 
0.42381257791584603	 -0.6003698691136061	 0.6781879673518514	 0.987728482005064	 
0.0	 0.0	 0.0	 1.0	 
0	 8	  37
0.9998227706815872	 -0.018666544891526107	 -0.0024469017976839424	 -0.012030112981734802	 
0.01870029769770127	 0.9997187454741653	 0.014585225866573596	 -0.1078009066928475	 
0.002173957822087713	 -0.014628398728988358	 0.9998906359487595	 0.18782339367933915	 
0.0	 0.0	 0.0	 1.0	 
0	 9	  37
0.9279561688123491	 -0.006925518923092242	 -0.3726249937279468	 0.12300367880644476	 
-0.005249883483545563	 0.9994852226804696	 -0.03165009268202055	 0.21351806778210167	 
0.3726523681482726	 0.03132613654789219	 0.9274421198557175	 -0.23025355460353167	 
0.0	 0.0	 0.0	 1.0	 
0	 10	  37
0.7700517852895136	 0.006266925089250589	 -0.6379506043749469	 0.16602204572837048	 
-0.040973749080592294	 0.998373164214272	 -0.03965068553081759	 0.25842594499246496	 
0.636664275626264	 0.0566723091704302	 0.7690558169044541	 0.2771275886475467	 
0.0	 0.0	 0.0	 1.0	 
0	 11	  37
0.6537458951060385	 0.01548446666653905	 0.7565557057639959	 -2.3484934634854446	 
-0.070173795453356	 0.9967229108347736	 0.040237761477595294	 0.24591899245607582	 
-0.75345334498141	 -0.07939565673958593	 0.6526901153129371	 1.6272921515581251	 
0.0	 0.0	 0.0	 1.0	 
0	 27	  37
0.962542945304352	 0.06599568945302173	 -0.262974613638739	 1.1029576596266382	 
-0.011857163842270795	 0.9792416531036592	 0.20234918456082518	 0.09006427014750645	 
0.270869869329243	 -0.1916516470068383	 0.9433446666458267	 0.3458115412800001	 
0.0	 0.0	 0.0	 1.0	 
0	 28	  37
0.9466363545988044	 0.2043044504845244	 -0.24927756349921226	 1.176953293397804	 
-0.16829862577418472	 0.9729433165271327	 0.15829363659890147	 -0.01914810591408805	 
0.27487303380726125	 -0.10789343973291765	 0.9554076726446106	 0.9458722956623689	 
0.0	 0.0	 0.0	 1.0	 
1	 2	  37
0.9993143685993464	 -0.03566086211438773	 0.009954678505567457	 -0.05798920965132333	 
0.035303612053472835	 0.9987976916901488	 0.034012145630781206	 0.014180130748066642	 
-0.011155612348431715	 -0.03363738972765638	 0.9993718418714033	 0.8713147879933443	 
0.0	 0.0	 0.0	 1.0	 
1	 6	  37
0.5738296628749405	 0.12417398568912025	 -0.8095062317752162	 1.3520387849468365	 
-0.03680930141730491	 0.9913502633097409	 0.12597511962637	 -0.06377271876962294	 
0.8181470487229067	 -0.04249090154122958	 0.5734369450534318	 2.5902779769897863	 
0.0	 0.0	 0.0	 1.0	 
1	 8	  37
0.9161058480303604	 -0.007447653602927262	 0.4008673192720799	 -0.4322400067066529	 
0.04646877601541077	 0.9950617491336242	 -0.08770842756976445	 0.005690040790430121	 
-0.3982345138987859	 0.09897801708936083	 0.9119279708797478	 0.12687947741079916	 
0.0	 0.0	 0.0	 1.0	 
1	 9	  37
0.9817968245685004	 -0.01122380530236638	 0.18960227177369088	 -0.88219123972508	 
0.010790771011145868	 0.9999362792479155	 0.0033161279861281634	 -0.07735518460243175	 
-0.18962740974921044	 -0.001209809228740459	 0.9818553772493358	 -0.08529766868775826	 
0.0	 0.0	 0.0	 1.0	 
1	 10	  37
0.982213960367467	 0.18546885670959926	 -0.029275232707698592	 -0.8707364398109495	 
-0.17935632578349278	 0.9728892399222875	 0.1460062849499286	 -0.17382506014762117	 
0.05556117763962051	 -0.13815871320430076	 0.988850406029664	 0.5396204233657153	 
0.0	 0.0	 0.0	 1.0	 
1	 27	  37
0.9156828717386376	 0.05802231231183315	 -0.39769119889490756	 1.6775197243114013	 
0.014825356227108186	 0.983973917223001	 0.177695073194396	 0.018787911056930066	 
0.40162804585489337	 -0.168608248608455	 0.9001478607895307	 0.0919488961930732	 
0.0	 0.0	 0.0	 1.0	 
1	 28	  37
0.991655144991821	 0.0941205444822939	 -0.08809878840034048	 1.0150590807340556	 
-0.07966694763461118	 0.9846621537148675	 0.1552211986043899	 -0.11225023733130983	 
0.10135704645378903	 -0.14690733864567748	 0.983943587298687	 0.267402652654369	 
0.0	 0.0	 0.0	 1.0	 
2	 3	  37
0.9994552200027645	 -0.027891491374545493	 -0.01764448690467882	 0.21353702627616536	 
0.028131451945511903	 0.9995130547725176	 0.01350091666325347	 -0.025712303405697044	 
0.017259334305328163	 -0.013989926669372696	 0.9997531682025932	 0.7396046262428869	 
0.0	 0.0	 0.0	 1.0	 
2	 5	  37
0.8017716843599165	 0.043860338484810454	 -0.5960188225774932	 1.0324291060108246	 
0.02254747178529427	 0.9943732387207826	 0.10350591109706499	 -0.15532500633799495	 
0.5972049712408255	 -0.09642682626707247	 0.796271366747107	 1.8049805958141263	 
0.0	 0.0	 0.0	 1.0	 
2	 8	  37
0.03537633601957229	 0.406669625595225	 0.9128900976941685	 -2.368739374497863	 
-0.46321151882371175	 0.8160872969415298	 -0.3455960251503142	 0.6830644135726153	 
-0.8855414183870001	 -0.41063528755929646	 0.2172442333693421	 2.190193270334667	 
0.0	 0.0	 0.0	 1.0	 
3	 4	  37
0.9779822858764957	 -0.02138607717297088	 -0.20758921989095858	 0.49015321700547126	 
0.028391094825660285	 0.9991215323514471	 0.030823843470541172	 -0.031978216404636224	 
0.20674765838186734	 -0.03603885812352847	 0.9777303342224622	 0.5253882262874503	 
0.0	 0.0	 0.0	 1.0	 
3	 5	  37
0.8356943938562844	 0.04832443346277882	 -0.5470645567094241	 0.7942105364823508	 
-0.006095969863976305	 0.9968760798716589	 0.07874592390168972	 -0.13178497095591177	 
0.5491609228892698	 -0.062472638092325485	 0.8333783356082577	 1.033104448099235	 
0.0	 0.0	 0.0	 1.0	 
3	 6	  37
0.5541757426701095	 0.19895727148692446	 -0.8082730048433567	 1.2135794569175515	 
-0.1017601115493704	 0.9799251198723056	 0.17143989950039315	 -0.2906332716109368	 
0.8261562357892668	 -0.012757882493714418	 0.5632966452063998	 1.0538415815758269	 
0.0	 0.0	 0.0	 1.0	 
4	 5	  37
0.9509638294457154	 0.09987015513583777	 -0.2927349435907564	 0.30141453089191056	 
-0.08520266657535584	 0.9944034650305037	 0.06246802657180853	 -0.14243515360268838	 
0.29733533374691384	 -0.03446303597292492	 0.9541509306483648	 0.39082723621379173	 
0.0	 0.0	 0.0	 1.0	 
4	 6	  37
0.756325121659092	 0.18074371743037437	 -0.6287320724734886	 0.7530516737395062	 
-0.14710022323992444	 0.9834508552156145	 0.10576360290024737	 -0.1898812886118061	 
0.6374432011325585	 0.012494958388317044	 0.7703960288999098	 0.2973845704307501	 
0.0	 0.0	 0.0	 1.0	 
4	 7	  37
0.5266207551176366	 0.14765479239511783	 -0.8371789788104367	 1.1102648684979177	 
-0.1622421048881461	 0.9841556559055238	 0.07152023735022435	 -0.2936607509070317	 
0.8344747327994988	 0.0981616382907459	 0.5422326189812655	 0.20325732016564504	 
0.0	 0.0	 0.0	 1.0	 
5	 6	  37
0.9416800608083253	 0.08469587849341957	 -0.32567663600918095	 0.29853905717905355	 
-0.08155644949597649	 0.9963961693324614	 0.02330706513498505	 -0.023210323710996617	 
0.3264769649173413	 0.004613231603126109	 0.9451939004630407	 -0.23564947738565034	 
0.0	 0.0	 0.0	 1.0	 
5	 7	  37
0.7891280692365217	 0.11344309816328296	 -0.6036617876113702	 0.6214148365401553	 
-0.16598822310353575	 0.9856160342066217	 -0.03176386163145771	 -0.035874645219697965	 
0.5913753462344964	 0.12526650228184347	 0.7966074963695122	 -0.45035070249222475	 
0.0	 0.0	 0.0	 1.0	 
5	 8	  37
0.7037135795992787	 0.044371673245083905	 -0.7090968569250605	 0.7466093656433072	 
-0.12826696662403497	 0.9895829074956979	 -0.06537013435376265	 -0.04322038798055726	 
0.6988095471304306	 0.13695555412538699	 0.7020743500752396	 -0.717552338224828	 
0.0	 0.0	 0.0	 1.0	 
6	 7	  37
0.9516896241850781	 0.01407495220586165	 -0.3067389035301306	 0.25919707536890113	 
-0.037237870093948515	 0.9968662696404915	 -0.06979241709467106	 -0.048736882013417276	 
0.3047953415807567	 0.07784302263821134	 0.9492314067587614	 -0.3055015189590972	 
0.0	 0.0	 0.0	 1.0	 
6	 8	  37
0.8859809679617763	 -0.02449991273835146	 -0.4630739451592227	 0.392215800804377	 
-0.03943204478033014	 0.9910060975130026	 -0.12787505048480108	 0.0033439242151530164	 
0.46204203083048084	 0.13155481354880783	 0.8770464598743806	 -0.5883294499520817	 
0.0	 0.0	 0.0	 1.0	 
7	 8	  37
0.9870648993277705	 0.018631178302012438	 -0.15923493244303286	 0.01917218111781305	 
-0.028602537588714096	 0.9977546897460645	 -0.060559672499281014	 0.019366438277238485	 
0.15774910256018818	 0.06433085017946402	 0.9853815313657156	 -0.3200605814015133	 
0.0	 0.0	 0.0	 1.0	 
9	 10	  37
0.9855807627154152	 -0.0009209230208424076	 -0.16920316801434296	 0.25284500049689324	 
0.005544910653541048	 0.9996238925646836	 0.026857538600421543	 -0.026945647299202485	 
0.1691147957191933	 -0.02740848982739783	 0.9852151848983225	 -0.052244877893199114	 
0.0	 0.0	 0.0	 1.0	 
9	 11	  37
0.9984612060967133	 -0.03230652203772848	 0.04507225924802665	 -0.12385578567072376	 
0.029868550665761676	 0.998107426037216	 0.05375347217146987	 0.07654566347279917	 
-0.04672354439704148	 -0.052324513597241856	 0.9975364934055246	 0.29988509067721564	 
0.0	 0.0	 0.0	 1.0	 
10	 11	  37
0.9888874787470868	 -0.046658080572843506	 0.14115444695257964	 -0.1513065590892703	 
0.04151504518822031	 0.9983699722041061	 0.03916503062927854	 0.0735772279870445	 
-0.14275172643527184	 -0.03286977515028522	 0.9892125769930944	 0.34162059778301623	 
0.0	 0.0	 0.0	 1.0	 
14	 15	  37
0.9944303358085888	 0.0366248010902014	 -0.0988277854083571	 0.1872667558409442	 
-0.03273055344899762	 0.9986334440063807	 0.040742550029139894	 -0.0631346623648373	 
0.1001849194965959	 -0.037280939594621525	 0.9942701410825944	 0.12860772636326742	 
0.0	 0.0	 0.0	 1.0	 
14	 16	  37
0.9928074096841714	 -0.0009631203765570897	 -0.11971850180880797	 0.13161005888610805	 
0.008736660737007724	 0.9978843747959799	 0.0644239497174923	 -0.02742350652419625	 
0.11940317431028263	 -0.06500651457489334	 0.9907154157614848	 0.16366679693689945	 
0.0	 0.0	 0.0	 1.0	 
14	 17	  37
0.9091812773936245	 0.05990616644922484	 -0.41206875161586276	 0.43133029316821603	 
-0.05305733706520127	 0.9981973714295891	 0.028052213007337606	 -0.014936408188207342	 
0.4130064452529131	 -0.0036412762072095552	 0.9107208229128921	 0.7711271238190583	 
0.0	 0.0	 0.0	 1.0	 
15	 16	  37
0.9989767747558882	 -0.027252209952480337	 -0.03609322029174105	 -0.010218299015349796	 
0.028499130719883654	 0.9989984273653244	 0.03449553115722377	 -0.007611769481364375	 
0.035116990852480656	 -0.03548885986213051	 0.9987528912494585	 0.05539644143633048	 
0.0	 0.0	 0.0	 1.0	 
15	 17	  37
0.9496243049998577	 0.07495890512951486	 -0.30429400568417647	 0.2523175801389173	 
-0.08049733032981661	 0.996738651830314	 -0.005678006451168638	 -0.019867713718754548	 
0.3028759798387941	 0.02988682802291795	 0.9525612412582295	 0.574177430278773	 
0.0	 0.0	 0.0	 1.0	 
16	 17	  37
0.9642123762193658	 0.10010057389943565	 -0.24550838814673687	 0.2171503654975253	 
-0.110635645224065	 0.9934241600334522	 -0.029465102539882406	 -0.03939587034226822	 
0.2409444906015908	 0.055572595466061775	 0.9689465615202454	 0.504002309073873	 
0.0	 0.0	 0.0	 1.0	 
17	 18	  37
0.9789187237364974	 0.02774601825289235	 -0.20235684023332523	 0.13563853194943343	 
-0.019017114035907796	 0.9988080359942829	 0.04495393872607402	 0.008740176209060329	 
0.2033629309678901	 -0.04015800921799369	 0.9782795370464387	 0.5809157508531972	 
0.0	 0.0	 0.0	 1.0	 
18	 19	  37
0.8920238046263798	 0.03049713468185956	 -0.45095837585754417	 0.30273494396797596	 
-0.03689084496258313	 0.999304754112389	 -0.005392028034501048	 0.015048299384895346	 
0.4504804074960693	 0.02144605289032671	 0.892528693811913	 0.5436522815235509	 
0.0	 0.0	 0.0	 1.0	 
19	 20	  37
0.9371311341466672	 0.055775982904540555	 -0.34449133101431406	 0.2030598810554323	 
-0.061354397201877305	 0.9981019543038698	 -0.005303466676679543	 -0.0217875784236177	 
0.343541664659435	 0.026106101697281427	 0.9387745182402406	 0.12801634706599885	 
0.0	 0.0	 0.0	 1.0	 
19	 21	  37
-0.6546350435910807	 -0.0657220122189503	 0.7530827157838615	 -2.826345555475207	 
0.15007274042332094	 0.9650862816955448	 0.214677994831566	 -0.6354711461988279	 
-0.7408988677844898	 0.2535529254277291	 -0.6219162176070845	 5.04643358501218	 
0.0	 0.0	 0.0	 1.0	 
20	 21	  37
0.9117270886991963	 0.09895368913371906	 -0.39870024221075473	 0.32062198911857637	 
-0.07030837679618758	 0.9938216170388258	 0.08587971622343873	 -0.03627643950083412	 
0.40473503416973006	 -0.050266896792624034	 0.913051362850123	 -0.2534529763217937	 
0.0	 0.0	 0.0	 1.0	 
21	 22	  37
0.9123207012403917	 0.03041097342803646	 -0.40834557764643237	 0.18739822739921327	 
-0.017688447046838522	 0.9992343559767053	 0.03489728752909871	 0.0362226662777528	 
0.4090941907792265	 -0.024614518702925397	 0.9121601112412842	 -0.02089422059953039	 
0.0	 0.0	 0.0	 1.0	 
22	 23	  37
0.9938117924787102	 0.056937806100986414	 -0.09537403926991779	 -0.0389809240301612	 
-0.04536374938229775	 0.9918084483015414	 0.11940742070603531	 0.03164244314764581	 
0.10139157446372657	 -0.11434197879210645	 0.9882538441684263	 0.003423958447738284	 
0.0	 0.0	 0.0	 1.0	 
22	 24	  37
0.9249661668311949	 0.08273303192888723	 -0.3709350827913946	 0.2590955255073106	 
-0.03473749945758388	 0.9903367973619869	 0.13426218351507765	 -0.00407349787834418	 
0.3784585794364285	 -0.11130261999906349	 0.9189019699795539	 0.5052520427396482	 
0.0	 0.0	 0.0	 1.0	 
23	 24	  37
0.9797190042774362	 0.021380551401286918	 -0.19923238863047688	 0.20186295195848697	 
-0.019531656980957202	 0.9997460440612952	 0.011241074653618018	 -0.08174928685799104	 
0.1994221327566394	 -0.007121755792423897	 0.979887796414072	 0.40837063709175114	 
0.0	 0.0	 0.0	 1.0	 
23	 25	  37
0.928265827396005	 0.07229148755091204	 -0.3648239226208805	 0.5307514421896364	 
-0.06357711920779929	 0.9973324870500172	 0.03585889273058823	 -0.21485223731802086	 
0.36644304278024853	 -0.010092130711739384	 0.9303857508021339	 0.8212743710281484	 
0.0	 0.0	 0.0	 1.0	 
24	 25	  37
0.9926159383331835	 0.033278930146427306	 -0.11664523897374991	 0.32079153918605585	 
-0.03313202121292332	 0.9994458651106994	 0.003198731541004923	 -0.09681594815699746	 
0.11668705214067421	 0.0006895806220139594	 0.9931684934296322	 0.282406185461632	 
0.0	 0.0	 0.0	 1.0	 
25	 26	  37
0.9655955085415495	 0.04965968559947126	 -0.255263059431926	 0.28388851831656803	 
-0.04773556290194918	 0.9987656192950809	 0.01373148748483521	 -0.09569605295989403	 
0.2556298689879952	 -0.0010739368108954005	 0.966774129122674	 0.37056555267271585	 
0.0	 0.0	 0.0	 1.0	 
26	 27	  37
0.9453683563597739	 0.07072050096790614	 -0.31824091744536626	 0.2832716604824041	 
-0.07311758876285784	 0.997313520759048	 0.00442261514236288	 -0.09697532338688043	 
0.31769873938548393	 0.019088008121337485	 0.9479995564022348	 0.3558694915832977	 
0.0	 0.0	 0.0	 1.0	 
26	 28	  37
0.969611037107187	 0.11983575232173489	 -0.21329282497404536	 0.2067532077437389	 
-0.1438966383520954	 0.9844190278505341	 -0.10105906726649634	 -0.10525674372615242	 
0.19785902605363073	 0.12868010751973966	 0.9717475164556976	 0.7976500449278344	 
0.0	 0.0	 0.0	 1.0	 
27	 28	  37
0.9897976842545041	 -0.01236365298368803	 0.14194253882934552	 -0.02666693266364287	 
0.015422376050559577	 0.9996715285783806	 -0.020469129603375172	 -0.1332293253504983	 
-0.14164284154653353	 0.02244938829152337	 0.9896632409077137	 0.4300607397338622	 
0.0	 0.0	 0.0	 1.0	 
29	 30	  37
0.9604931258623329	 -0.038003835050822374	 0.2756966878521275	 0.0795274402267989	 
-0.014093996018476284	 0.9827190304939725	 0.18456615719361244	 -0.05005583298444316	 
-0.27794660359039214	 -0.18116019327218658	 0.9433592475436644	 0.34321707764947135	 
0.0	 0.0	 0.0	 1.0	 
30	 31	  37
0.9592503037376596	 0.002360706710526714	 0.28254783991924987	 -0.042436882614970736	 
0.0011140365296305116	 0.999925728124321	 -0.01213660404133384	 -0.006621840151818482	 
-0.2825555055238134	 0.011956809728031247	 0.9591764285048447	 0.6656785224765676	 
0.0	 0.0	 0.0	 1.0	 
31	 32	  37
0.8278162816524237	 -0.05635812353232262	 0.5581612363314663	 -0.4430584271369161	 
0.059999557993013944	 0.9981287032631166	 0.011795963840785002	 0.020719762169974107	 
-0.5577815494185858	 0.02372453654353702	 0.8296486542470831	 0.27473645694446963	 
0.0	 0.0	 0.0	 1.0	 
31	 33	  37
0.6527374123623016	 -0.10949731954207995	 0.749629380104373	 -0.9818924022039832	 
0.07885571169858022	 0.993944841230368	 0.07652077707426294	 -0.02993003949714163	 
-0.7534690751683685	 0.009164584258889214	 0.6574194727571466	 0.12420762660898807	 
0.0	 0.0	 0.0	 1.0	 
31	 34	  37
0.48378989247170506	 0.010758781752538162	 0.875118042641916	 -1.3050605114589116	 
0.07571395092316406	 0.9956610128533945	 -0.05409755187952146	 0.07816982555616665	 
-0.8719029404571483	 0.09243049333934136	 0.48087614447300814	 0.2497615172301165	 
0.0	 0.0	 0.0	 1.0	 
31	 35	  37
0.41831569385073963	 0.12412462357722623	 0.899780561081415	 -1.4469118049386873	 
0.0697518692431572	 0.9833033758493899	 -0.168074827919821	 0.06568154790778881	 
-0.905619487983369	 0.1330697143042091	 0.40267330942059765	 0.34132692578108714	 
0.0	 0.0	 0.0	 1.0	 
31	 36	  37
0.6080540730163829	 0.0734933322068777	 0.7904865428388484	 -1.2712005445649992	 
0.1041873654637325	 0.9797070680827856	 -0.17122807487779954	 -0.04272703363898443	 
-0.7870293750336848	 0.1864746386771134	 0.5880577964488918	 0.11631264426726567	 
0.0	 0.0	 0.0	 1.0	 
31	 37	  37
0.542154836602916	 -0.026925468163244717	 0.839847100555962	 -1.3061450128169083	 
0.04353976571179611	 0.9990439938052996	 0.003922657685543837	 0.05165498300678197	 
-0.8391498209198569	 0.03444005815538312	 0.542808861796145	 0.1667119387420204	 
0.0	 0.0	 0.0	 1.0	 
32	 33	  37
0.9606682884932489	 -0.04982439318739355	 0.2731921838687192	 -0.4497644106921782	 
0.043551832008874886	 0.9986307404036485	 0.02898072203259754	 0.03775448125179277	 
-0.27426205973871537	 -0.01594284053636553	 0.9615228278223609	 -0.3802618852242291	 
0.0	 0.0	 0.0	 1.0	 
32	 34	  37
0.86447681437618	 -0.0033338361666640456	 0.502661638622269	 -0.8727335391780828	 
0.05747860819613042	 0.9940747289062779	 -0.0922585657256047	 0.1270793567904182	 
-0.49937565720191684	 0.10864768237898015	 0.8595461791595779	 -0.4580532604877882	 
0.0	 0.0	 0.0	 1.0	 
32	 35	  37
0.8703304880252934	 0.05137808100067993	 0.48978070032039916	 -0.834438947279773	 
0.06415613140842708	 0.974238526784654	 -0.21620195126587313	 0.16507667462742423	 
-0.48827126929234504	 0.21958958472831525	 0.844613273553339	 -0.49841552616110146	 
0.0	 0.0	 0.0	 1.0	 
32	 36	  37
0.9279595723442852	 0.03791150369370539	 0.3707475555985414	 -0.7901497913781378	 
0.056220661861628704	 0.9691873342426052	 -0.23982316052365169	 0.06547028384991446	 
-0.3684158917235411	 0.24338987043711366	 0.8972352543754362	 -0.5556069373460593	 
0.0	 0.0	 0.0	 1.0	 
32	 37	  37
0.8895213685422687	 0.022662249490048456	 0.4563311926164375	 -0.8780479982058101	 
-0.012772714260580223	 0.9996121992459726	 -0.024744876016022443	 0.059757709792439655	 
-0.4567150015897301	 0.01618250804670174	 0.8894658699220623	 -0.5114627245373408	 
0.0	 0.0	 0.0	 1.0	 
33	 34	  37
0.9715195320782654	 -0.01082943598415022	 0.2367118968423289	 -0.3714875186130187	 
0.04201032842058433	 0.9910021471635294	 -0.1270821648512026	 0.12089265141123502	 
-0.2332057698609167	 0.13340714985913876	 0.9632328904631725	 -0.17745733689193477	 
0.0	 0.0	 0.0	 1.0	 
33	 35	  37
0.9703863651400876	 0.024369055806492002	 0.240325719533529	 -0.35388885224411	 
0.037287885916613875	 0.9678619848684323	 -0.24870221512967713	 0.1376660579658631	 
-0.23866276608234924	 0.25029847655476956	 0.93829140288094	 -0.2153904731171781	 
0.0	 0.0	 0.0	 1.0	 
33	 36	  37
0.9949104517394617	 0.00024995394758999944	 0.10076274382233105	 -0.28186542976683315	 
0.027987694808492853	 0.9599627626546131	 -0.2787260003225941	 0.06971609729897943	 
-0.09679815059642072	 0.2801275278146506	 0.9550699902109611	 -0.25447556222239204	 
0.0	 0.0	 0.0	 1.0	 
33	 37	  37
0.9812051598020823	 0.049149472941598084	 0.18660322528652143	 -0.36226713718727305	 
-0.03681773092304589	 0.9969379252678285	 -0.06898715715519296	 0.07731255877254344	 
-0.18942251467934668	 0.06082024722278094	 0.9800102083449498	 -0.23876920756587441	 
0.0	 0.0	 0.0	 1.0	 
34	 35	  37
0.9999549990421878	 0.009454872503400265	 0.0007779951694838177	 0.033954103562559595	 
-0.009260402200394148	 0.9906110551169297	 -0.13639641648962117	 0.05091394143409451	 
-0.002060301343548465	 0.1363830739720574	 0.9906540325927647	 -0.041461920541487604	 
0.0	 0.0	 0.0	 1.0	 
34	 36	  37
0.9917207963264025	 -0.015154229109782433	 -0.12751553424510106	 0.0749319261219408	 
-0.006234913312473178	 0.986158549818603	 -0.16568778010358706	 -0.014126198634046594	 
0.12826140491087415	 0.1651110655278952	 0.9778994570253786	 -0.06104028275794104	 
0.0	 0.0	 0.0	 1.0	 
34	 37	  37
0.9956716896843104	 0.07907416471993345	 -0.0488381289059487	 0.019800523356836113	 
-0.07703343989689342	 0.9961288875842139	 0.04234487522578946	 -0.0010770634531268102	 
0.05199745665742614	 -0.0383994243977801	 0.9979086875596773	 -0.05211448227000413	 
0.0	 0.0	 0.0	 1.0	 
35	 36	  37
0.9904158675483065	 -0.020743953304085974	 -0.13655071479070388	 0.068105106879185	 
0.015570198221372773	 0.999123793211909	 -0.038848613426886204	 -0.048526757869411935	 
0.13723694195034164	 0.036350161473676826	 0.9898710459069686	 0.000994793488870928	 
0.0	 0.0	 0.0	 1.0	 
35	 37	  37
0.9969143694137274	 0.06771446469975502	 -0.039705054172701995	 -0.04792949713187307	 
-0.05955168387090472	 0.9819626425713958	 0.17945184741969544	 -0.05664528964351748	 
0.05114036570627357	 -0.17653362247636417	 0.9829651790021869	 -0.011683215948514774	 
0.0	 0.0	 0.0	 1.0	 
36	 37	  37
0.9944151065109261	 0.05715457941775968	 0.08872401024774754	 -0.08562188930582225	 
-0.07462335285471457	 0.975249137596892	 0.2081357125176725	 0.01717614289546932	 
-0.07463210536749039	 -0.21359417985539178	 0.9740675413852566	 0.012742930035188808	 
0.0	 0.0	 0.0	 1.0	 
