0	 1	  37
0.9982683174221969	 0.020068332137236522	 -0.05529582693373926	 -0.08983915269162376	 
-0.017282234915492613	 0.9985790271787423	 0.0504108206150449	 0.026834107557570028	 
0.0562289141579512	 -0.04936788960433756	 0.9971966309051751	 0.509956051282629	 
0.0	 0.0	 0.0	 1.0	 
0	 6	  37
0.5292735348061072	 0.2627434769636475	 -0.806743695771402	 1.1649974893426516	 
0.7432727060573718	 0.31495797809911424	 0.5902094174628767	 -0.6293808697800594	 
0.40916403774525295	 -0.9120127945071659	 -0.028591132737790428	 2.564454680449438	 
0.0	 0.0	 0.0	 1.0	 
0	 8	  37
0.041121263311899116	 0.07702267651747972	 -0.9961809820538221	 1.9386003772947988	 
0.23819773524668417	 0.9675215874606968	 0.08463933317840143	 -0.10905155910444098	 
0.970345753134925	 -0.24076853012721058	 0.021439082848816023	 3.65140612912425	 
0.0	 0.0	 0.0	 1.0	 
0	 9	  37
0.9081184516930785	 0.0026851798768236946	 -0.4187047497982267	 0.2994512052865437	 
0.12101843807289511	 0.9556188091915107	 0.2686023625469362	 -0.6974345248036017	 
0.40084338006378906	 -0.2945937564315105	 0.8674901171371394	 0.16115514550721843	 
0.0	 0.0	 0.0	 1.0	 
0	 10	  37
0.7702862678833271	 0.030726124542543993	 -0.6369575894680671	 0.7888533179517632	 
0.08352148693460128	 0.9853734005820278	 0.14853761357192655	 -0.31665712941630786	 
0.632205051174544	 -0.1676161289852675	 0.7564533075963025	 0.17873666351880474	 
0.0	 0.0	 0.0	 1.0	 
0	 11	  37
0.6844277723967809	 0.1533943341713583	 0.712761392484263	 -2.3489192272550707	 
-0.184791962228385	 0.9821916846672744	 -0.03393265781284807	 0.5007914995305014	 
-0.7052733903017773	 -0.10848812291945314	 0.7005853068097062	 1.509163710792534	 
0.0	 0.0	 0.0	 1.0	 
0	 27	  37
0.9132645914716871	 0.08192910014744584	 -0.39904311610787296	 1.487147987318384	 
-0.0005388211525043305	 0.9798089660947297	 0.19993523859525641	 0.10294391177043963	 
0.4073665372067483	 -0.18237876112477097	 0.8948689802729649	 0.5834957466599093	 
0.0	 0.0	 0.0	 1.0	 
0	 28	  37
-0.7976323788802226	 0.0994801333202187	 -0.5948834265942105	 0.6394626574111386	 
-0.1445021374774735	 0.9260604645910516	 0.34861317844546275	 -0.44630806736619	 
0.5855781078782911	 0.36402708552523716	 -0.7242807194573688	 5.067990582012169	 
0.0	 0.0	 0.0	 1.0	 
1	 2	  37
0.9962561070074907	 -0.024752630571614094	 -0.08283161552247814	 0.13042346546694572	 
0.033376603014786246	 0.9939744863063567	 0.10440652730173357	 -0.12575742383158978	 
0.07974817628931599	 -0.10678027838416365	 0.9910793109165017	 0.9409157827066555	 
0.0	 0.0	 0.0	 1.0	 
1	 6	  37
0.6655739123161227	 0.15086516785731593	 -0.7309248035000548	 1.2275334165381993	 
-0.03215685418756603	 0.9842435867700305	 0.17386919977622645	 -0.15970633773738854	 
0.7456388562655308	 -0.09221856119811006	 0.6599382039233526	 2.4386652380588543	 
0.0	 0.0	 0.0	 1.0	 
1	 8	  37
0.08917392287630542	 0.04429956548846137	 -0.9950304316835658	 2.0888270207813227	 
0.031299438498775915	 0.9983923970599808	 0.04725427644654662	 -0.3280724513956125	 
0.9955241617502366	 -0.03535774300431012	 0.08764401509018774	 2.7529592097476794	 
0.0	 0.0	 0.0	 1.0	 
1	 9	  37
-0.14277914579600362	 0.2974485017613826	 -0.9440013264427499	 2.2643646768525163	 
-0.11482715507380857	 0.9423545328347147	 0.3142970870108738	 -0.6989614922553392	 
0.9830711266146609	 0.15327205631090762	 -0.10039340999690655	 2.3445835392389123	 
0.0	 0.0	 0.0	 1.0	 
1	 10	  37
0.9565792868945052	 -0.2876317591553715	 0.04715971808213898	 -0.6434093396302933	 
0.29034269437207066	 0.9545475916446301	 -0.06737963423916049	 -0.09770350043902311	 
-0.025635672590490263	 0.07814644208550414	 0.9966122344624362	 0.3900316895124501	 
0.0	 0.0	 0.0	 1.0	 
1	 27	  37
0.9454614539549607	 -0.022240572197419907	 -0.3249738389989309	 1.4870188803225612	 
0.04114718811186802	 0.9978289886850479	 0.051421962722764676	 0.425129910045734	 
0.323124663242932	 -0.06198924332580791	 0.944323983448496	 -0.08221709939478815	 
0.0	 0.0	 0.0	 1.0	 
1	 28	  37
0.9905292110875387	 0.13460495356922145	 0.027081145783103906	 0.7119475480394847	 
-0.1370703632029597	 0.9808876046408064	 0.1380985973622796	 -0.11078865418682113	 
-0.00797480493219298	 -0.14050271718599686	 0.9900481750650543	 0.15271224083978385	 
0.0	 0.0	 0.0	 1.0	 
2	 3	  37
0.9995589666344064	 0.0031312018528931204	 -0.029530794024443967	 0.24096145460615043	 
-0.001311989629230658	 0.9981109503556878	 0.06142319971540158	 -0.13026190669493687	 
0.029667337325255387	 -0.0613573659394025	 0.9976748582283745	 0.7660143893726278	 
0.0	 0.0	 0.0	 1.0	 
2	 5	  37
0.8441077954287634	 0.07274445887770624	 -0.531215844454006	 0.9599893588488368	 
-0.003282244577645442	 0.9914361232171968	 0.13055129432750937	 -0.19788618616936096	 
0.5361634606786679	 -0.10845578492014754	 0.8371177253830127	 1.739025520094427	 
0.0	 0.0	 0.0	 1.0	 
2	 8	  37
0.2061546622031905	 0.0669122709673518	 -0.9762289707060944	 1.9968298064801098	 
-0.08843955099580762	 0.9948502227825763	 0.04951242317963061	 -0.4050702037165269	 
0.9745145976698084	 0.07613003496288816	 0.21101070282097317	 1.4635351719007677	 
0.0	 0.0	 0.0	 1.0	 
3	 4	  37
0.9789914302726314	 0.0001898884513617565	 -0.2039013079779601	 0.47208850716565387	 
0.010533481279260348	 0.9986172154184144	 0.05150439633769747	 -0.05873974286258059	 
0.2036291364831813	 -0.05257015324637323	 0.9776356958308992	 0.5196837872962005	 
0.0	 0.0	 0.0	 1.0	 
3	 5	  37
0.8418193967249047	 0.07287554692622736	 -0.534817032224966	 0.7722809499654597	 
-0.015721662067545942	 0.9937337082040242	 0.11066230849261119	 -0.1906435994992298	 
0.5395302888991044	 -0.08474946512682624	 0.8376900354672764	 1.0184892250785311	 
0.0	 0.0	 0.0	 1.0	 
3	 6	  37
0.620042585737481	 0.12062820661848236	 -0.7752393357150981	 1.1635519198195343	 
-0.08008419154319645	 0.9926794649319246	 0.09041018840451558	 -0.14821100908519588	 
0.7804701878591205	 0.006026248457879975	 0.6251639546492367	 0.9632663622517572	 
0.0	 0.0	 0.0	 1.0	 
4	 5	  37
0.9459611187931843	 0.101497184081944	 -0.30798682334636174	 0.31685456676340606	 
-0.08867998548096305	 0.9945200087620831	 0.05536977828167818	 -0.111820155141226	 
0.3119189348318619	 -0.02506539038798354	 0.9497780289615331	 0.399623016478603	 
0.0	 0.0	 0.0	 1.0	 
4	 6	  37
0.6922757819582908	 0.14383966616643626	 -0.7071523118474304	 0.9760343753582391	 
-0.11818990251629403	 0.9893008936078859	 0.08552712347452887	 -0.16144780727796407	 
0.7118886069162972	 0.02436990651944704	 0.7018694458366221	 0.4333895646463025	 
0.0	 0.0	 0.0	 1.0	 
4	 7	  37
0.48228502272857277	 0.1303292404259897	 -0.8662652284039138	 1.2328309642337518	 
-0.16605189270189472	 0.9845440097123824	 0.0556764031667089	 -0.24386927995527574	 
0.8601325047815708	 0.11699308539160823	 0.4964722471485525	 0.27152565780836924	 
0.0	 0.0	 0.0	 1.0	 
5	 6	  37
0.9364892371336437	 0.07934756328622446	 -0.341601921735497	 0.33753071990084826	 
-0.08244772814150055	 0.9965804387902545	 0.005459042491953469	 0.01866887536977142	 
0.34086695477436824	 0.023051967837092763	 0.9398288811915101	 -0.22223133312066926	 
0.0	 0.0	 0.0	 1.0	 
5	 7	  37
0.7684586143124496	 0.11114791332630651	 -0.6301725949707726	 0.6731766045218615	 
-0.14249966901778888	 0.9897945207030031	 0.0008069176740090973	 -0.13476451212850796	 
0.6238310688149556	 0.08917930336978287	 0.7764546666945017	 -0.3967558905718252	 
0.0	 0.0	 0.0	 1.0	 
5	 8	  37
0.7017141130780264	 0.11356657762791343	 -0.7033490854142075	 0.7520078900504894	 
-0.16151684620017198	 0.9868683204305727	 -0.0017962527911192115	 -0.24064749351241158	 
0.693908936317056	 0.11486318198806258	 0.7108423436479488	 -0.7449140295824571	 
0.0	 0.0	 0.0	 1.0	 
6	 7	  37
0.9451512138983026	 0.03919154187069743	 -0.32427335060464346	 0.30400918366122837	 
-0.06995460933754409	 0.9940277138060396	 -0.08375712995303239	 -0.0030467574623629008	 
0.31905412628423424	 0.10184756860787084	 0.9422481293532338	 -0.3133115250640645	 
0.0	 0.0	 0.0	 1.0	 
6	 8	  37
0.889669301535295	 0.005059114829219751	 -0.4565774186957197	 0.3590030792860697	 
-0.06266644597597797	 0.9918293113357141	 -0.11111945700040397	 -0.03431121107749267	 
0.45228470066368726	 0.12747165383907708	 0.8827171274044081	 -0.6044688919879475	 
0.0	 0.0	 0.0	 1.0	 
7	 8	  37
0.9855864504196961	 0.0003681252638905434	 -0.16917214082966628	 0.03812849558481657	 
-0.008929553540848265	 0.9987168079371269	 -0.049849780515426816	 -0.016986763997443192	 
0.16893670951768738	 0.05064189992155838	 0.9843250409034962	 -0.31748748170062935	 
0.0	 0.0	 0.0	 1.0	 
9	 10	  37
0.9851992343630284	 0.0030426359973974755	 -0.17138614581315842	 0.2508826234567137	 
-0.0008117004633051219	 0.9999140506230464	 0.013085584013271773	 0.011317882851965952	 
0.17141122994967312	 -0.012752793137107823	 0.985117026811709	 -0.07305901603726528	 
0.0	 0.0	 0.0	 1.0	 
9	 11	  37
0.9943670609912638	 -0.03675313692961728	 0.09941506395626466	 -0.24880026391237087	 
0.030952052916165353	 0.9977615167465506	 0.059278378182079226	 0.055669586401121865	 
-0.1013711913507498	 -0.05586736637300456	 0.9932787720165341	 0.3440592642581951	 
0.0	 0.0	 0.0	 1.0	 
10	 11	  37
0.9900070664053282	 -0.06582307193811768	 0.1247129971901302	 -0.10027186501168239	 
0.055525496040532495	 0.9948902706134936	 0.08432240940617154	 -0.053166076469674445	 
-0.12962610754384624	 -0.0765550301367494	 0.988603256925544	 0.39547270637529647	 
0.0	 0.0	 0.0	 1.0	 
14	 15	  37
0.9946751971363538	 0.0325670185117667	 -0.09777853295590597	 0.1847671615820421	 
-0.02862544608708261	 0.9987305473312604	 0.04144728777273072	 -0.07654292020556173	 
0.09900422232445659	 -0.038427635012504784	 0.994344749485446	 0.12834414904819816	 
0.0	 0.0	 0.0	 1.0	 
14	 16	  37
0.9922043308416694	 0.002410312050274171	 -0.12459837982435829	 0.12545325955415398	 
0.0049052869293835935	 0.9982827729472941	 0.05837331065479434	 -0.009909383272859501	 
0.12452511400988606	 -0.05852944244122799	 0.9904886674507399	 0.1832761620775861	 
0.0	 0.0	 0.0	 1.0	 
14	 17	  37
0.9323293470997028	 0.09323508035433184	 -0.3493840413183794	 0.261057312604687	 
-0.07963013646697738	 0.9954071826722463	 0.053137388444971144	 -0.06115707891947532	 
0.3527336529208584	 -0.0217200477859167	 0.9354716508912951	 0.6938577979937204	 
0.0	 0.0	 0.0	 1.0	 
15	 16	  37
0.9975577358079484	 -0.023633371229534857	 -0.06572691605457293	 0.09554662893666789	 
0.028115175299769056	 0.9972808158172144	 0.06812129858431595	 -0.10244396819658289	 
0.06393825652597303	 -0.06980285214285502	 0.9955096489663674	 0.07956831666750892	 
0.0	 0.0	 0.0	 1.0	 
15	 17	  37
0.9304935631281827	 0.07136684990254381	 -0.3592888833682535	 0.4108653257905292	 
-0.07820118493872798	 0.9969274253233787	 -0.004503699843229896	 -0.019758614634550826	 
0.3578635265729067	 0.03228748012909669	 0.9332155243970792	 0.6598254073366364	 
0.0	 0.0	 0.0	 1.0	 
16	 17	  37
0.9627197809653437	 0.09230896784564423	 -0.25426300909355837	 0.20308444345396237	 
-0.10284288165041039	 0.9942914501525776	 -0.028422769874226803	 -0.015145541506702075	 
0.2501878594813886	 0.05351230334003006	 0.966717367362025	 0.5278765435629332	 
0.0	 0.0	 0.0	 1.0	 
17	 18	  37
0.9875094725489655	 0.14930023865496442	 -0.050343622869583146	 0.02077978910204699	 
-0.13982977975706173	 0.9777010873458141	 0.15667870466628472	 -0.508863409480647	 
0.07261318281934553	 -0.14768216730663178	 0.9863657045642148	 0.4915980962259803	 
0.0	 0.0	 0.0	 1.0	 
18	 19	  37
0.8826649326340644	 0.04372886416263403	 -0.467964104539171	 0.3319495620177164	 
-0.044524761697507326	 0.9989643719597707	 0.009366384083621244	 -0.023603426723536946	 
0.467889049127977	 0.012568611461399808	 0.8836978373358447	 0.5654753573934477	 
0.0	 0.0	 0.0	 1.0	 
19	 20	  37
0.919424887220227	 0.06001395988991928	 -0.38865949284483164	 0.33370206762609045	 
-0.06603377610853724	 0.9978151016008049	 -0.0021362186736108672	 -0.005204340622481735	 
0.38768210839928946	 0.02762874654603562	 0.9213789856467183	 0.16480330058231332	 
0.0	 0.0	 0.0	 1.0	 
19	 21	  37
-0.6285432523672465	 0.0709991557227856	 0.7745272750460466	 -2.95273666855488	 
0.26046467299437603	 0.9575395946969003	 0.12359643485808412	 -0.4314472462191141	 
-0.7328652905040156	 0.27942269856679036	 -0.6203478229994178	 5.03971277919544	 
0.0	 0.0	 0.0	 1.0	 
20	 21	  37
0.9333574807040862	 0.06251009207873735	 -0.3534632959757334	 0.13526987619139905	 
-0.04083970820560915	 0.9968185661661414	 0.06844606913591397	 0.00037322219746970973	 
0.35661734597100264	 -0.04944931278375259	 0.9329409595562907	 -0.2883758193596945	 
0.0	 0.0	 0.0	 1.0	 
21	 22	  37
0.9259359247572033	 0.0012252359398284894	 -0.3776786491726996	 0.1396899400654617	 
-0.00661296084773025	 0.9998940327383649	 -0.012968887501912413	 0.14953629048631825	 
0.3776227376534012	 0.014505932962158425	 0.925845908300106	 -0.12182475684387455	 
0.0	 0.0	 0.0	 1.0	 
22	 23	  37
0.991897512293078	 0.04500629382023232	 -0.11880134099987827	 0.015416205850191536	 
-0.0326142445887824	 0.9940145586681355	 0.10426585349813626	 0.06531730012590202	 
0.12278288218113143	 -0.09954642470907046	 0.9874284142007131	 -0.01809522667891879	 
0.0	 0.0	 0.0	 1.0	 
22	 24	  37
0.9861865907752145	 -0.042558092225410044	 0.1600775342179296	 -0.8257588207055334	 
0.02604346789475611	 0.9942483214151374	 0.10388461456441325	 0.07692378132240583	 
-0.16357795069988437	 -0.09828063974819949	 0.9816227227889089	 0.2781584318377888	 
0.0	 0.0	 0.0	 1.0	 
23	 24	  37
0.9897518629396138	 -0.02646751241815489	 -0.14032362806725612	 0.10965528343256113	 
0.028689245135828316	 0.9994926537524305	 0.013833376610956743	 -0.07114520278037509	 
0.13988630033387525	 -0.017717389235410084	 0.990009048997826	 0.3953369829907656	 
0.0	 0.0	 0.0	 1.0	 
23	 25	  37
0.8859646950350553	 0.10499386234805581	 -0.4517110226911418	 0.6459153486034839	 
-0.08345051095050417	 0.9942287211175678	 0.06741856070123124	 -0.29386637193448306	 
0.45618260748689166	 -0.0220349489258176	 0.8896133371596323	 0.9084066603659043	 
0.0	 0.0	 0.0	 1.0	 
24	 25	  37
0.9752897088049969	 0.056448395321502295	 -0.21359672882488515	 0.4660519015391351	 
-0.051382364624637515	 0.9982520770502334	 0.029200056001236305	 -0.15631098088163475	 
0.21487167450514494	 -0.017503409111425318	 0.9764854295711906	 0.35167532450032774	 
0.0	 0.0	 0.0	 1.0	 
25	 26	  37
0.9548151881652535	 0.14614602016112346	 -0.258784267759877	 0.23951651831718052	 
-0.14816471300856415	 0.9888923395574623	 0.011796549650595622	 -0.11161553552686114	 
0.25763379876879744	 0.02707917198943924	 0.9658631084042523	 0.34394880901643804	 
0.0	 0.0	 0.0	 1.0	 
26	 27	  37
0.9420414747902669	 -0.061267972908831105	 -0.32985465779737333	 0.323985361583907	 
0.07412263585591207	 0.9968963629433942	 0.02652312960422687	 -0.10041897580433162	 
0.3272058902720906	 -0.04943558481371064	 0.9436590636057998	 0.3888422378555337	 
0.0	 0.0	 0.0	 1.0	 
26	 28	  37
0.9569780430194884	 0.04927718564302583	 -0.28594542163443293	 0.3963749324217354	 
-0.05614253551414782	 0.9982968531376091	 -0.015855873409880813	 -0.2576233297731831	 
0.2846770817692102	 0.031227423695371737	 0.9581147150131429	 0.9133266176976056	 
0.0	 0.0	 0.0	 1.0	 
27	 28	  37
0.9947673368949548	 0.005912110121675866	 0.10199506066877964	 0.0873930147477895	 
-0.005567703795362951	 0.9999777984483067	 -0.0036610497025623785	 -0.19344404969257026	 
-0.10201444074917018	 0.003074014376463973	 0.994778168394465	 0.46567421324360925	 
0.0	 0.0	 0.0	 1.0	 
29	 30	  37
0.9320728859666796	 -0.0616427274125974	 0.3569878280878507	 -0.08007946247039756	 
-0.006466626145873366	 0.9824290296069037	 0.18652448775409344	 -0.07401959747394293	 
-0.3622130836842233	 -0.17616292442728596	 0.9152968404103621	 0.4605166443674042	 
0.0	 0.0	 0.0	 1.0	 
30	 31	  37
0.9589519223680629	 -0.022597673706952703	 0.28266686351539216	 -0.03851467260643264	 
0.021579095104375282	 0.9997445817119905	 0.0067166950200865634	 -0.034986314472815055	 
-0.2827464469114892	 -0.0003412924708185129	 0.9591946258598283	 0.6448638831753293	 
0.0	 0.0	 0.0	 1.0	 
31	 32	  37
0.8347174471191534	 -0.06746206937314314	 0.5465305596860762	 -0.4253045123111887	 
0.06053739434597235	 0.9976939107713555	 0.03069339172458929	 -0.03527873331304532	 
-0.5473408511710806	 0.007465226430063568	 0.8368764921024276	 0.2638270468677198	 
0.0	 0.0	 0.0	 1.0	 
31	 33	  37
0.6205897181749516	 -0.06857721662027712	 0.7811309538458646	 -1.0962689701802788	 
0.07008844131975583	 0.9970322509424464	 0.03184809215644373	 0.08070475881513933	 
-0.780996806708517	 0.03498365248589356	 0.623554433846673	 0.2745342633637376	 
0.0	 0.0	 0.0	 1.0	 
31	 34	  37
0.37851422555034814	 -0.021634631208823377	 0.9253425980621867	 -1.512216700879064	 
0.09578273774051292	 0.9952750982646227	 -0.01591056018116295	 -0.026571031141910922	 
-0.9206262261129388	 0.09465422075536024	 0.37879800723636775	 0.4778878443156135	 
0.0	 0.0	 0.0	 1.0	 
31	 35	  37
0.4712582582178388	 0.0625147817960322	 0.8797769922647919	 -1.3432841503030575	 
0.14149164911029458	 0.9792075307138336	 -0.1453709910035939	 0.07702338719999392	 
-0.8705720919565126	 0.19298837750059475	 0.4526143157879008	 0.2091036488485867	 
0.0	 0.0	 0.0	 1.0	 
31	 36	  37
0.570861460298427	 0.10500352556782375	 0.8143042752953441	 -1.376092776199211	 
0.10899061962217113	 0.9733196960692622	 -0.20191536365025703	 0.02362295069895792	 
-0.8137802147879504	 0.2040172268754957	 0.54418630372117	 0.21721695395438773	 
0.0	 0.0	 0.0	 1.0	 
31	 37	  37
0.47201546380592774	 -0.0039092941008384815	 0.881581601071454	 -1.460423285591645	 
0.003129891981505683	 0.9999912970019265	 0.002758567851223873	 0.031437895895259894	 
-0.8815847127215056	 0.0014571685005016041	 0.47202359152451434	 0.33128255462986844	 
0.0	 0.0	 0.0	 1.0	 
32	 33	  37
0.9627423263939143	 -0.05968138353003732	 0.26375243208276644	 -0.42210422026935424	 
0.05667726357172011	 0.9982119058062793	 0.018991548136409044	 0.08164560651743161	 
-0.26441425975853744	 -0.0033352011238310234	 0.9644034299346975	 -0.3802651002966645	 
0.0	 0.0	 0.0	 1.0	 
32	 34	  37
0.8624302704423573	 -0.0243643650017154	 0.505589167548897	 -0.8765448015290064	 
0.06393700719692062	 0.99608408223085	 -0.06106193771103477	 0.04690452747237866	 
-0.5021215866056987	 0.08498752169812165	 0.8606108490021419	 -0.45569680665253304	 
0.0	 0.0	 0.0	 1.0	 
32	 35	  37
0.8679798312570732	 0.0735713594133646	 0.49111940259473746	 -0.839471785863335	 
0.041812396866979705	 0.9746260615726334	 -0.21989943968017867	 0.14945343597533622	 
-0.49483606982432116	 0.21140315791749165	 0.8428795695847249	 -0.49900266718515607	 
0.0	 0.0	 0.0	 1.0	 
32	 36	  37
0.936467180041309	 0.03918748787959215	 0.3485592654042711	 -0.7292100871061411	 
0.050234943814099126	 0.9685105351282091	 -0.2438519915146564	 0.07157690211813447	 
-0.347139267622481	 0.24586924195465515	 0.9050097484199667	 -0.5790968543810587	 
0.0	 0.0	 0.0	 1.0	 
32	 37	  37
0.8888177090581516	 0.006268024514409187	 0.4582180615529084	 -0.8827440955243104	 
-0.006785180285884067	 0.9999768465346982	 -0.0005174195662908675	 0.0058524949651774325	 
-0.45821069541544573	 -0.002649200484352156	 0.8888396595245321	 -0.5120016655500705	 
0.0	 0.0	 0.0	 1.0	 
33	 34	  37
0.9709167639953289	 -0.0038548926822198	 0.23938625105725492	 -0.37229753647912706	 
0.03136154887324485	 0.9933027891557736	 -0.11120261825889087	 0.06188544377914245	 
-0.23735435670134514	 0.115476009879845	 0.9645352251199129	 -0.19116965810525513	 
0.0	 0.0	 0.0	 1.0	 
33	 35	  37
0.9688992942021656	 0.019740259729578186	 0.2466667384151215	 -0.36739135212499696	 
0.04324837618158903	 0.9679624469455111	 -0.2473424331992261	 0.14487513757330137	 
-0.24364674356986785	 0.2503178448474392	 0.9370043974810004	 -0.22148158354984998	 
0.0	 0.0	 0.0	 1.0	 
33	 36	  37
0.9933030706893496	 0.012326474299993864	 0.11487849141783958	 -0.32724586949631795	 
0.020136855346421994	 0.960604834945849	 -0.27718740616307547	 0.06824317336701131	 
-0.11376957772561296	 0.2776443932622956	 0.9539235158408382	 -0.2520849644690897	 
0.0	 0.0	 0.0	 1.0	 
33	 37	  37
0.9800727706467505	 0.05355139920353487	 0.19128411298418363	 -0.38001997156828743	 
-0.042061876504557866	 0.9970866744168785	 -0.06363145641272548	 0.05349219890779849	 
-0.19413439360844234	 0.054317689049083205	 0.9794699719106502	 -0.24780891296814803	 
0.0	 0.0	 0.0	 1.0	 
34	 35	  37
0.9999456665222873	 0.008754610723835628	 0.005658691931203486	 0.026070571880009965	 
-0.007901519975534508	 0.9906308230844235	 -0.13633832306858448	 0.051575409280747775	 
-0.006799263590595473	 0.13628620306601702	 0.9906461733981884	 -0.039256384241021916	 
0.0	 0.0	 0.0	 1.0	 
34	 36	  37
0.9921916467597873	 -0.008704876595525745	 -0.12441849228936382	 0.07953445535776126	 
-0.011443298743641276	 0.9870002101176149	 -0.16031106057177727	 -0.030421926336746005	 
0.1241965660312941	 0.16048305315902048	 0.9791937513254434	 -0.049150944968635896	 
0.0	 0.0	 0.0	 1.0	 
34	 37	  37
0.9967690933704753	 0.06887841008237225	 -0.041317540172748114	 0.0074590902743696934	 
-0.06694726707485363	 0.9966755363504125	 0.046432086662423225	 -0.004647124890241989	 
0.044378349818467895	 -0.04351597252898213	 0.9980665920680074	 -0.056112888271067425	 
0.0	 0.0	 0.0	 1.0	 
35	 36	  37
0.9925522249177264	 -0.026912346005802078	 -0.11880995936088747	 0.023073198474335584	 
0.02179929597095203	 0.9987880416230139	 -0.04412752662495888	 -0.02861827511505434	 
0.11985354190028175	 0.04120890126331438	 0.9919359631299941	 -0.00859492034397392	 
0.0	 0.0	 0.0	 1.0	 
35	 37	  37
0.9964404791419291	 0.062136965174190206	 -0.056968140976723085	 -0.005034671589002569	 
-0.052039450264285365	 0.9850538065232383	 0.16419772796926715	 -0.014455891987522241	 
0.06631943262418101	 -0.16064867199270563	 0.9847810604613525	 -0.013761692386527108	 
0.0	 0.0	 0.0	 1.0	 
36	 37	  37
0.9954684468525358	 0.047505172657534706	 0.08237614880399433	 -0.06440090721039815	 
-0.06459478233139233	 0.9735485858566713	 0.21915899496036012	 0.007015409682725254	 
-0.06978599728140418	 -0.22348693372824505	 0.9722054849856521	 0.015990010700590064	 
0.0	 0.0	 0.0	 1.0	 
