1	 2	  37
0.8274551399364908	 -0.13986506152924963	 0.5438343092855596	 -0.2903333802054149	 
0.09814102071604038	 0.9895981856601413	 0.10518446173731882	 -0.07545789305977343	 
-0.5528890769815372	 -0.03366296929230966	 0.8325746050973024	 0.4017650712303144	 
0.0	 0.0	 0.0	 1.0	 
2	 3	  37
0.8188606170559763	 -0.16115934057657147	 0.5509037636281224	 -0.6402426974600376	 
0.153973801175433	 0.9862724765594557	 0.059654593560480404	 -0.041000422543364515	 
-0.5529551142600037	 0.03597594927451616	 0.8324340050043025	 0.1747035699553324	 
0.0	 0.0	 0.0	 1.0	 
2	 5	  37
0.7205352692569675	 -0.1279325696766265	 0.6815146244745779	 -1.0285983494733537	 
0.07114628535916337	 0.991285899782086	 0.11086239656805709	 -0.09770687450791816	 
-0.6897587490103928	 -0.03139303281232623	 0.7233583798190653	 0.2199448110370916	 
0.0	 0.0	 0.0	 1.0	 
2	 7	  37
0.8489399879985666	 -0.09483962576105356	 0.5199099365875749	 -0.9055729140555151	 
0.11143137398058328	 0.9937719037860145	 -0.000672412312638523	 -0.1106441686907866	 
-0.5166081161478129	 0.058505116280733	 0.8542208178797712	 0.35677078821481034	 
0.0	 0.0	 0.0	 1.0	 
3	 4	  37
0.9623970669956179	 -0.015137233530136058	 0.2712245372367429	 -0.326359673658595	 
-0.008282671324833095	 0.9963468180776889	 0.0849965614727398	 0.08701827012447864	 
-0.27152031746069394	 -0.08404690516323947	 0.9587558786982876	 -0.3671035513517833	 
0.0	 0.0	 0.0	 1.0	 
3	 5	  37
0.9817097397036262	 0.002606354195478028	 0.19036594729322148	 -0.4057326610749466	 
-0.009155203307468338	 0.9993957776644664	 0.033530013999921046	 -0.022325737625925133	 
-0.1901635328432793	 -0.034659580266409584	 0.981140430454438	 -0.15610542319411966	 
0.0	 0.0	 0.0	 1.0	 
3	 6	  37
0.9906302344602784	 0.039241259461822844	 0.13081231642710253	 -0.40236797528714935	 
-0.004825692879164515	 0.9672906764812617	 -0.25362464367773585	 -0.01646150445287822	 
-0.13648608449732344	 0.25061698016749007	 0.9584167559002281	 -0.015137437041440029	 
0.0	 0.0	 0.0	 1.0	 
3	 7	  37
0.9971246253880043	 0.0018500728712447438	 -0.07575657512851491	 -0.22777220176627608	 
-0.003961870496323349	 0.9996074510657021	 -0.027735308833686596	 -0.060333302087837895	 
0.07567552462323335	 0.027955697170714236	 0.9967405349280706	 -0.01264091810508207	 
0.0	 0.0	 0.0	 1.0	 
3	 38	  37
0.42174394533806553	 -0.4723195556224414	 0.7739808020534509	 -2.253266230917788	 
0.25915385623653064	 0.8807925142138072	 0.39628755431208784	 -0.5472628123837991	 
-0.8688908581452675	 0.03344823286124187	 0.4938723441842455	 1.477088212650112	 
0.0	 0.0	 0.0	 1.0	 
3	 39	  37
0.0896917664642402	 -0.265810093550158	 0.9598439358538345	 -2.193567810264791	 
0.056893391924971747	 0.9635219081072267	 0.26151228375103214	 -0.546900602525829	 
-0.9943432651674144	 0.03115327854761204	 0.1015428197950951	 1.6369557200605342	 
0.0	 0.0	 0.0	 1.0	 
3	 40	  37
0.11173457388792901	 -0.6107041549943453	 0.7839361071354763	 -1.714386961436695	 
0.37518958244038675	 0.7564148109960355	 0.5357885879094839	 -0.9219550795428331	 
-0.9201891991467246	 0.234258551132021	 0.3136475234960982	 1.4033084441083135	 
0.0	 0.0	 0.0	 1.0	 
3	 41	  37
0.10001378152987805	 -0.4378935315167248	 0.8934464161660189	 -1.7817531191388638	 
0.09486351128967932	 0.8980547471463798	 0.4295329851753458	 -0.4553546489608453	 
-0.9904535111401671	 0.041796246047484935	 0.131357969253683	 1.2925769698723082	 
0.0	 0.0	 0.0	 1.0	 
3	 45	  37
0.1916683821619681	 -0.9522466542083912	 -0.2376752844288561	 0.8990996829114719	 
0.9490392590149017	 0.11809227276905188	 0.29219633803435213	 -0.5936197205912891	 
-0.2501753707459213	 -0.2815679752052132	 0.9263540139768252	 -0.11960689078024996	 
0.0	 0.0	 0.0	 1.0	 
3	 46	  37
-0.853839818408027	 0.5042778487315379	 -0.1290791066735398	 0.6257762796531885	 
-0.141208480531623	 -0.4630661528236529	 -0.8750028017869722	 1.4152080128381872	 
-0.5010166958564328	 -0.7288851688625534	 0.46659262862298767	 0.3830162481355421	 
0.0	 0.0	 0.0	 1.0	 
3	 47	  37
-0.14906032006892367	 -0.4757783469014974	 0.866842537950595	 -1.746698633904913	 
0.19936562682052958	 0.8441735762649121	 0.49761864914667975	 -0.703765729780088	 
-0.9685217435986703	 0.24699380104728846	 -0.030978935114122922	 1.7919098352672858	 
0.0	 0.0	 0.0	 1.0	 
4	 5	  37
0.9957336732286434	 0.016305519202580075	 -0.09082170468630565	 -0.10051239499670328	 
-0.022376081131747733	 0.9975535532354995	 -0.06622853931964283	 -0.08556212635932582	 
0.0895196235010942	 0.06797822056189999	 0.9936625174260421	 0.16552607303868605	 
0.0	 0.0	 0.0	 1.0	 
4	 6	  37
0.9890886615581369	 -0.037087311967182436	 -0.14257682444276476	 -0.14268096886464002	 
-0.01782720288677859	 0.9305510713468556	 -0.36572789673807177	 -0.059458019374962014	 
0.14623888133587365	 0.36427906185542525	 0.9197363506349874	 0.3194383707864068	 
0.0	 0.0	 0.0	 1.0	 
4	 7	  37
0.9542620020172788	 0.011104745163761311	 -0.2987653195081748	 -0.12331404329120303	 
-0.04446914679965574	 0.993465911643698	 -0.105109359168755	 -0.19865103031889791	 
0.29564594786481485	 0.11358770636298439	 0.9485205883238969	 0.32513137528656894	 
0.0	 0.0	 0.0	 1.0	 
4	 38	  37
0.6672186612134228	 -0.5287308325599418	 0.5246550913019313	 -2.1984769980507366	 
0.4341547917716244	 0.8484002370045921	 0.30286408607210086	 -0.7387863417508999	 
-0.6052510841876323	 0.025704951877458897	 0.7956194948206533	 1.0388214691875313	 
0.0	 0.0	 0.0	 1.0	 
4	 39	  37
0.5535370149640999	 -0.23091847075601457	 0.8001708773307974	 -2.014067639562592	 
0.1760749020129852	 0.9715220241476336	 0.15856413679392428	 -0.45960918017081	 
-0.8139990183936044	 0.053118889858396	 0.5784323483299152	 0.648943715632849	 
0.0	 0.0	 0.0	 1.0	 
4	 40	  37
0.42530232749386904	 -0.46055473105935246	 0.7791067127981541	 -2.012608282324288	 
0.3154552985376688	 0.8822939740583019	 0.34934982176168194	 -0.7561287612771095	 
-0.8482958710572681	 0.09719404837363207	 0.5205261108800749	 1.3285747698020502	 
0.0	 0.0	 0.0	 1.0	 
4	 41	  37
0.14740271411555858	 -0.5069090515122336	 0.8493030397722205	 -1.6655711015488093	 
0.2331974038472827	 0.8522864451262179	 0.4682166018980967	 -0.7944290640837672	 
-0.961192702172803	 0.1290388660407437	 0.2438392100148476	 1.260822027149074	 
0.0	 0.0	 0.0	 1.0	 
4	 46	  37
0.3625334914358205	 -0.3309800342632766	 0.8712185056037514	 -2.1769202341869804	 
0.33531337550031154	 0.9185349061415922	 0.20942436918860116	 -0.8731612207965997	 
-0.8695598931631681	 0.21620787015864312	 0.44398169904121315	 0.702493384123384	 
0.0	 0.0	 0.0	 1.0	 
4	 47	  37
0.2506165074988366	 -0.47822574522975364	 0.8417193729316994	 -1.8837293546566805	 
0.3025660245851333	 0.864603957516699	 0.40114062049761395	 -0.7375896821405733	 
-0.9195896731346179	 0.15414322315920745	 0.361378886790937	 1.3221267577867335	 
0.0	 0.0	 0.0	 1.0	 
5	 6	  37
0.999344540499254	 -0.015173881346346646	 -0.032867045793939606	 -0.09368082653136221	 
0.006787974319324242	 0.9703535061839871	 -0.2415946945631948	 -0.10584401914509102	 
0.03555858235326771	 0.24121323836251235	 0.9698204786761803	 0.1403256417954159	 
0.0	 0.0	 0.0	 1.0	 
5	 7	  37
0.9683725354557992	 -0.004003018309833598	 -0.24947666908814892	 0.09104269950883001	 
-0.013692155686479125	 0.9975120693116918	 -0.06915342688662439	 -0.060652109548571094	 
0.24913281086112316	 0.07038215272295657	 0.9659084817572102	 0.16151274301702648	 
0.0	 0.0	 0.0	 1.0	 
5	 38	  37
0.5658914351841527	 -0.4932553123053462	 0.660655795757349	 -2.047851283491148	 
0.37020762536634866	 0.867995584465673	 0.33095313787408687	 -0.5399532068344728	 
-0.736690706949551	 0.05729626716157781	 0.6737981448946855	 1.222878536887566	 
0.0	 0.0	 0.0	 1.0	 
5	 39	  37
0.3216986766431237	 -0.37861734160859273	 0.8678472619529927	 -1.9823302730959709	 
0.30600991474123274	 0.9089564354943822	 0.28311858019814135	 -0.6705518072622023	 
-0.8960289579729706	 0.17449099405582533	 0.4082707428499908	 1.1950248592243777	 
0.0	 0.0	 0.0	 1.0	 
5	 40	  37
0.23552646418978201	 -0.2639148144452913	 0.935348200074478	 -1.9447817704250856	 
0.1407044946908705	 0.9615430046130437	 0.2358755931704375	 -0.1485236080142104	 
-0.9616285820627656	 0.07605275140339433	 0.263602824650889	 1.7449609888468467	 
0.0	 0.0	 0.0	 1.0	 
5	 45	  37
0.13169959533504455	 -0.07636852941029097	 0.9883435962782856	 -1.844192560546082	 
0.26574858242614374	 0.9632524520891281	 0.0390180020346496	 -0.7623143737715471	 
-0.9550041400575598	 0.2575122545821662	 0.1471547865783815	 1.274704168325249	 
0.0	 0.0	 0.0	 1.0	 
5	 46	  37
0.36650002616321103	 -0.13308125805274626	 0.9208512961262875	 -2.3128775271828976	 
0.07166352110947416	 0.9908153550076053	 0.1146702752388137	 -0.5801375121385502	 
-0.9276540683706167	 0.02396478742346466	 0.37267092507893707	 1.1728998898190537	 
0.0	 0.0	 0.0	 1.0	 
6	 7	  37
0.9768924490060952	 0.03819424000770241	 -0.21029109135935337	 0.18782944204043395	 
0.006067905696420641	 0.9785504750387796	 0.2059178193402375	 -0.013677478942602895	 
0.21364532195986222	 -0.2024355893404452	 0.955706810990198	 0.03858114785734017	 
0.0	 0.0	 0.0	 1.0	 
6	 46	  37
0.24758904658366912	 -0.33896877302834977	 0.9076341966472206	 -2.1303631816039004	 
0.030994885704243996	 0.9390929959488783	 0.3422625629833647	 -0.5951214990168333	 
-0.9683692379831015	 -0.05660844346399038	 0.24301543789770513	 1.3529824903362813	 
0.0	 0.0	 0.0	 1.0	 
7	 38	  37
0.43641676050276484	 -0.536984632546367	 0.7219334564634854	 -1.7153595622181115	 
0.3133530112205467	 0.8428536821431408	 0.4375014981194523	 -0.5185775725777126	 
-0.8434158532487329	 0.035287035959292654	 0.5361012251263	 1.4763327579246366	 
0.0	 0.0	 0.0	 1.0	 
7	 46	  37
-0.0038468715784991084	 -0.1996541508007408	 0.97985887843459	 -2.0132846608737798	 
0.1454320579970549	 0.9693365734162386	 0.1980811044607855	 -0.6145586419557634	 
-0.9893607623540558	 0.14326488580841654	 0.02530720072433173	 1.8284907321853754	 
0.0	 0.0	 0.0	 1.0	 
8	 9	  37
0.8516494786137275	 0.04145130275373185	 -0.5224700518469784	 -0.0815307479067768	 
-0.09314382180048204	 0.9929693065688843	 -0.07304919351032661	 -0.12666818520899092	 
0.5157687408493904	 0.11087716497154694	 0.8495227249759165	 0.8251781342760205	 
0.0	 0.0	 0.0	 1.0	 
8	 35	  37
0.7134068021599305	 -0.6078332158354379	 -0.34869688320817016	 -1.128767993835304	 
0.5697900752549228	 0.7928225887178392	 -0.21626745700574745	 -0.0770851138524135	 
0.4079093094952993	 -0.04439734841060993	 0.9119423614906677	 -0.09608610925517005	 
0.0	 0.0	 0.0	 1.0	 
8	 36	  37
0.14014638791705195	 -0.3099814080307461	 -0.9403565901449711	 0.8213186326578673	 
-0.22961239685066703	 0.913664598974403	 -0.3354029633044906	 0.511523776186935	 
0.9631392096505532	 0.2629230443613076	 0.05687121923686029	 1.651900500575639	 
0.0	 0.0	 0.0	 1.0	 
8	 37	  37
0.7899134320996953	 -0.4109743872156528	 0.4551228656540981	 -1.4886390857152572	 
0.30225286481611907	 0.9067046390510342	 0.2941596560267596	 -0.5856809436961967	 
-0.5335540980059362	 -0.09479847349009064	 0.8404363592354984	 1.042919357103884	 
0.0	 0.0	 0.0	 1.0	 
8	 38	  37
-0.10396981554484805	 -0.5575175734943476	 0.8236288197365031	 -1.0825840708757246	 
0.46752700689613186	 0.7035216731232454	 0.5352342975451168	 -0.7819064371898524	 
-0.8778432521118538	 0.440716928073843	 0.18750950384137965	 1.4223999064357247	 
0.0	 0.0	 0.0	 1.0	 
9	 10	  37
0.8454551157543423	 0.1069397674065158	 -0.5232299049097356	 0.2895903220456544	 
-0.1849661031285975	 0.9777415140650701	 -0.09904076113987485	 -0.1423933273179962	 
0.5009922034705049	 0.1805143147254116	 0.8464167969983721	 0.43488129884507176	 
0.0	 0.0	 0.0	 1.0	 
9	 11	  37
-0.7804130485990812	 -0.20961167606907433	 0.5890826926941586	 -2.7981346227286354	 
0.4556161064629558	 -0.8358658699997928	 0.30617349803832616	 -0.24709645001363634	 
0.4282165773388785	 0.5073373558343615	 0.7478230875462283	 0.559802155747516	 
0.0	 0.0	 0.0	 1.0	 
9	 32	  37
0.9607456351881792	 -0.034711929565022524	 0.2752506247272372	 -0.9410459289419301	 
0.11084244403686318	 0.95754228018805	 -0.2661329259077207	 0.08172647820034701	 
-0.2543261234454619	 0.28619549891314233	 0.923802121309028	 -0.6535050662317832	 
0.0	 0.0	 0.0	 1.0	 
9	 33	  37
-0.2186327371127753	 -0.9757964786322572	 0.004578051055072368	 0.24883717849323542	 
0.4408360675813355	 -0.10295515438046716	 -0.8916635002656097	 1.9433996604904982	 
0.870553437637231	 -0.1929286616223234	 0.4526756496020283	 0.6653901725161009	 
0.0	 0.0	 0.0	 1.0	 
9	 35	  37
0.8356767266805165	 -0.35297043107506587	 0.4207805642745627	 -1.7094242399445814	 
0.3095432322107144	 0.9355595186197355	 0.17003345115756704	 -0.44042332108819754	 
-0.4536820427095186	 -0.011843221972550451	 0.8910849242447253	 0.038206890304541274	 
0.0	 0.0	 0.0	 1.0	 
9	 36	  37
0.5451258417839443	 -0.4590595190226797	 0.7014999462680037	 -1.3925717629685657	 
0.436564019573927	 0.8697923077266356	 0.22994172790737646	 -0.6139271004913402	 
-0.7157161961509622	 0.18090245828688997	 0.6745551327748963	 0.455131505558061	 
0.0	 0.0	 0.0	 1.0	 
9	 37	  37
-0.9193317327278643	 -0.031171048439966213	 0.39224677301252053	 -0.5423081502452368	 
-0.2989961998917899	 -0.5926924321217337	 -0.7478749583693071	 2.060289707976446	 
0.25579374044305997	 -0.8048254758919956	 0.5355609355669723	 1.1745041441786868	 
0.0	 0.0	 0.0	 1.0	 
10	 11	  37
0.9981008187773153	 -0.05244790023992725	 -0.03231057592299681	 0.06950897004435119	 
0.03681458807463115	 0.9283925824765472	 -0.3697727665843205	 -0.00539156412955644	 
0.049390704195711746	 0.36788100054630424	 0.9285602445593404	 -0.031194122509601064	 
0.0	 0.0	 0.0	 1.0	 
10	 12	  37
0.9379466101476784	 -0.025818846403664903	 -0.34581721137453836	 0.21903561065516225	 
-0.07820347613228631	 0.9557877679851986	 -0.2834677387123596	 -0.0896280531393119	 
0.33784667059674434	 0.2929217126473482	 0.8944587734638414	 0.3580354692830149	 
0.0	 0.0	 0.0	 1.0	 
10	 32	  37
0.2697721983225847	 0.6311298673824224	 0.7272537738025469	 -1.4345275950446061	 
-0.7510232402592727	 0.6105863598893229	 -0.2512934334748306	 0.6176322149528936	 
-0.6026500258049139	 -0.47839250371943737	 0.6387124225990791	 1.2761405918733078	 
0.0	 0.0	 0.0	 1.0	 
10	 33	  37
0.8468816098080716	 -0.18962358893847325	 0.49682434872596754	 -1.7611486296256587	 
0.2145802874102256	 0.9766812694044472	 0.006999874960481959	 -0.5628844202691267	 
-0.4865663769968435	 0.10068064616702857	 0.8678228899168052	 0.20565995829438186	 
0.0	 0.0	 0.0	 1.0	 
10	 35	  37
0.8887134224004903	 0.42982059618792184	 0.15950770494827735	 -0.4878331906336831	 
-0.23131281544273602	 0.11998917668589293	 0.9654516968187459	 -1.8886206044626694	 
0.39583182572547393	 -0.894906057958544	 0.2060590041030406	 1.6803471139346355	 
0.0	 0.0	 0.0	 1.0	 
10	 36	  37
0.06832802483421946	 0.024621326417508867	 -0.9973590483410156	 2.0936035146288754	 
-0.9931576931959205	 0.09657680721077531	 -0.06565604888150582	 -0.344787754735179	 
0.09470521352075732	 0.995020959876934	 0.031051762229744324	 1.674636467430302	 
0.0	 0.0	 0.0	 1.0	 
11	 12	  37
0.9465950243925446	 -0.02397702133872103	 -0.3215322102729366	 0.14596312043977538	 
0.050124405413462345	 0.9960502369955134	 0.07329030879405564	 0.06580273442479806	 
0.31850495094617337	 -0.08549285250185376	 0.9440580323231573	 0.3891490794026065	 
0.0	 0.0	 0.0	 1.0	 
11	 32	  37
0.9734729910348607	 -0.11773390230743144	 0.19618629914727953	 -0.28241027616815617	 
-0.02132404996770256	 -0.900403054020895	 -0.434533802140662	 1.681928728827194	 
0.2278061031197728	 0.4188234336296256	 -0.87902861775034	 4.507973675098791	 
0.0	 0.0	 0.0	 1.0	 
11	 33	  37
-0.6732687390053659	 0.6659176465397021	 -0.32134544201707527	 -0.34951664470001825	 
-0.4638309415181651	 -0.7188322286227583	 -0.5178234108106854	 -0.030333787156478706	 
-0.5758212072931121	 -0.1995843559006164	 0.7928404770893317	 1.5020109892300146	 
0.0	 0.0	 0.0	 1.0	 
13	 14	  37
0.9114648433266769	 0.05341898552303619	 -0.4078949023525126	 0.03436015355227097	 
-0.04464534166028662	 0.9985216055379535	 0.03100639840328706	 -0.03752672058263079	 
0.4089482031352043	 -0.010050634785759308	 0.912502247609775	 0.4291634874904725	 
0.0	 0.0	 0.0	 1.0	 
13	 15	  37
0.8997882508820699	 0.14070865437818805	 -0.4130159538778918	 0.0009156859134018009	 
-0.051015144636189724	 0.9740088368046529	 0.22069037324766858	 -0.002419143946054165	 
0.4333342342722691	 -0.17750453630689647	 0.8835799799668052	 0.561373912350833	 
0.0	 0.0	 0.0	 1.0	 
13	 16	  37
0.906464239207676	 0.12120498117836717	 -0.40451444421083577	 -0.3136285972509094	 
-0.02110696634814737	 0.9697306412452328	 0.24326318957394363	 -0.23213387263544585	 
0.421754761691232	 -0.21197130930307984	 0.881584417411691	 0.9367599803442549	 
0.0	 0.0	 0.0	 1.0	 
14	 15	  37
0.9993837611305253	 0.03475211103586798	 0.004938498471626607	 -0.038166128154471964	 
-0.03505687487781556	 0.9811196852043526	 0.1901977361282518	 0.028191303582003235	 
0.0017645147788353732	 -0.19025365721336723	 0.9817333815270485	 0.11732769366041339	 
0.0	 0.0	 0.0	 1.0	 
14	 16	  37
0.9990850597111268	 0.007728747394795962	 -0.04206316590227805	 -0.06667945418655347	 
-0.002239381115459385	 0.9916400399745949	 0.12901556608178524	 -0.03228264537173097	 
0.042708648237035886	 -0.1288033290831072	 0.9907500561609238	 0.5649164922107169	 
0.0	 0.0	 0.0	 1.0	 
15	 16	  37
0.9993218467685979	 -0.030114658645584057	 -0.02118853240928303	 -0.06723813397532266	 
0.0293590333661688	 0.9989520407139296	 -0.03511221316407675	 -0.19706716422512413	 
0.022223720003713695	 0.03446632687327372	 0.9991587354274901	 0.41370296531774414	 
0.0	 0.0	 0.0	 1.0	 
15	 57	  37
0.7732841441566294	 0.09932028465268605	 0.6262324755651515	 -2.495413479534715	 
0.09813397469537131	 0.9570074137992918	 -0.27295884844364204	 -0.3436511044384584	 
-0.6264194724036259	 0.2725294314192511	 0.730291964630491	 0.4707729306468233	 
0.0	 0.0	 0.0	 1.0	 
16	 24	  37
0.9869798688778536	 0.10831839345885698	 -0.11890275046586044	 -0.2512528269661189	 
-0.044459864385788174	 0.8941666977821394	 0.44552130929528116	 -0.4467811785883598	 
0.15457703221582358	 -0.43443416326973666	 0.8873403512156266	 1.3263038357509054	 
0.0	 0.0	 0.0	 1.0	 
16	 55	  37
0.6543563424616294	 -0.28952070675823577	 0.6985667737864795	 -1.8495221806265725	 
0.2517778926774065	 0.9545088332142329	 0.15975224591513387	 -0.529822404622654	 
-0.7130397393127282	 0.07134877486135646	 0.6974838223834445	 0.20363859738190893	 
0.0	 0.0	 0.0	 1.0	 
16	 56	  37
0.7920417155939345	 -0.2047209060666346	 0.5751167458684111	 -1.3979530594940204	 
0.25826217893213427	 0.9660026476418901	 -0.011812352944377274	 -0.8022441904895982	 
-0.5531460636145219	 0.1578867802196004	 0.8179860615802969	 -0.12487064124872725	 
0.0	 0.0	 0.0	 1.0	 
16	 57	  37
0.7829064599007175	 0.10023551062553586	 0.6140116590549106	 -2.298431417158028	 
0.18343775061295423	 0.9058685474165171	 -0.3817758065298916	 0.31164391042857975	 
-0.5944813425968772	 0.41152766275321995	 0.6908233609925816	 0.18676212031275946	 
0.0	 0.0	 0.0	 1.0	 
16	 58	  37
0.771660992948375	 -0.40507491842244736	 0.4903607064467703	 -0.3104636189331357	 
0.2706100479631304	 0.9068007716805684	 0.3232376253175331	 -0.7133020886059751	 
-0.5755949217143255	 -0.1167333326200075	 0.8093601269843398	 0.5542312444303364	 
0.0	 0.0	 0.0	 1.0	 
17	 18	  37
0.9944314872179105	 0.0519275356859224	 -0.09170358917274037	 -0.2846641857213076	 
-0.052323578579626835	 0.99862834110478	 -0.001918193665007051	 -0.16733652558917045	 
0.09147819605893576	 0.006705772133179364	 0.9957845009166894	 0.30523546557195413	 
0.0	 0.0	 0.0	 1.0	 
17	 19	  37
0.9983403996172856	 0.010656964668587956	 0.056593953705766656	 -0.6323232893804371	 
-0.009027860107000421	 0.9995396891407908	 -0.02896390122582729	 -0.251504605901943	 
-0.056876570166338486	 0.028404910427310272	 0.997977062276348	 0.508320922335632	 
0.0	 0.0	 0.0	 1.0	 
17	 20	  37
0.8739216336041982	 -0.18938134797953635	 0.44765576435026855	 -0.550556971312233	 
0.12595509276364317	 0.9777506342075113	 0.16774686856603813	 -0.19175498007832184	 
-0.4694638355885056	 -0.09021309408430321	 0.8783309767566354	 0.4702568225025254	 
0.0	 0.0	 0.0	 1.0	 
17	 21	  37
0.7896087070328085	 -0.37415530734062497	 0.4863392805098299	 -0.5213947926606358	 
0.17462178008438997	 0.8968318801405204	 0.40644779822724836	 -0.29702571693368135	 
-0.5882391721894552	 -0.23600928954696118	 0.7734819270994008	 0.5096868321559557	 
0.0	 0.0	 0.0	 1.0	 
17	 22	  37
0.7949910140360097	 -0.4099186734273941	 0.4471643643868806	 -0.5913647114226678	 
0.15550317506368727	 0.8502180022217826	 0.5029394707547955	 -0.3765779043304784	 
-0.5863514732198681	 -0.3302968814165929	 0.739659326973819	 0.67311350697771	 
0.0	 0.0	 0.0	 1.0	 
17	 54	  37
0.9270335479804555	 -0.011731819884201517	 0.37479483096885496	 -1.5356998211999575	 
0.03946281469518896	 0.9970123634916898	 -0.06640055196342276	 1.0240222906182195	 
-0.3728960809328804	 0.07634599823775115	 0.9247268793422085	 -0.5549338995802839	 
0.0	 0.0	 0.0	 1.0	 
17	 55	  37
0.9459340352897547	 -0.09931627429453802	 0.30877998403506174	 -1.4849705463402902	 
0.11184335751878165	 0.9934575402631274	 -0.02309067069754281	 0.056295745761570655	 
-0.30446652403731833	 0.05637724145955065	 0.9508531655234913	 -1.1047982576566189	 
0.0	 0.0	 0.0	 1.0	 
17	 56	  37
0.877404785731707	 -0.3937270046456622	 0.2741165587626036	 -1.404354834387074	 
0.41282783215180613	 0.9107119981460438	 -0.013298023675723157	 -0.7164216570330803	 
-0.2444054479260586	 0.12483069432473172	 0.9616045313841175	 -1.2553723793634652	 
0.0	 0.0	 0.0	 1.0	 
17	 57	  37
0.9427094969912265	 0.1799994343213071	 0.2808896721607254	 -2.116196763648281	 
-0.014135671287157904	 0.8627534237347659	 -0.5054272575071522	 0.9178956858370413	 
-0.3333151467902589	 0.4725005116166005	 0.8158702589518988	 -0.9822685113999811	 
0.0	 0.0	 0.0	 1.0	 
17	 58	  37
-0.8861630459452298	 -0.440607620142943	 -0.1434572447562158	 -0.022480590760783976	 
-0.42454195306381526	 0.8960733900601375	 -0.12967887150532267	 -0.6375298644209612	 
0.18568571859417188	 -0.0540130048979392	 -0.9811235443164439	 2.7678437096928583	 
0.0	 0.0	 0.0	 1.0	 
18	 19	  37
0.9953801744966158	 -0.03820648338494208	 0.08808276134659902	 -0.29380681682051846	 
0.04103368619943741	 0.9986917588617309	 -0.03051241351563266	 -0.10037429962215995	 
-0.08680175583461369	 0.03398581187817985	 0.9956457300541239	 0.23590703040057373	 
0.0	 0.0	 0.0	 1.0	 
18	 20	  37
0.8334546286027511	 -0.2612236720598931	 0.48694514600332045	 -0.2325039477080763	 
0.19783158537798157	 0.963854905106782	 0.17845555673172667	 -0.03467805297264668	 
-0.5159612833221927	 -0.05240147953198861	 0.85500762514458	 0.186241292869705	 
0.0	 0.0	 0.0	 1.0	 
18	 21	  37
0.7853815560167581	 -0.3877692202919184	 0.4825047598344421	 -0.1719136325301283	 
0.17292603315638672	 0.8858833832200357	 0.43047324933312503	 -0.1431743333508403	 
-0.594367225312341	 -0.2546481162875947	 0.7628118630079687	 0.23547134026561714	 
0.0	 0.0	 0.0	 1.0	 
18	 22	  37
0.7396961009289211	 -0.5192608967394065	 0.4280394834450871	 -0.2365332183079388	 
0.26970143680266045	 0.811507195121161	 0.5183794047347602	 -0.21717751784071876	 
-0.616531275165445	 -0.26800036079074907	 0.7403141180329448	 0.37618419402482256	 
0.0	 0.0	 0.0	 1.0	 
18	 23	  37
0.9680313266894467	 -0.22021147952796982	 0.12009269266684405	 -0.33636404551898774	 
0.15841643730447366	 0.9079600119960727	 0.38795985489203755	 -0.23314086643204876	 
-0.19447257631766007	 -0.3565326365148017	 0.9138188530338921	 0.5038497532939209	 
0.0	 0.0	 0.0	 1.0	 
18	 54	  37
0.9055209553924206	 -0.2606764586429496	 0.33478288972790615	 -1.4412138821427256	 
0.12879227870850596	 0.9206597223703534	 0.3685081064915845	 0.11708153350330358	 
-0.4042825104926843	 -0.2905743614194363	 0.8672497865064125	 -1.1701883348726665	 
0.0	 0.0	 0.0	 1.0	 
18	 55	  37
0.8796213666806628	 -0.13053342514043367	 0.457413681693004	 -1.4680035851710809	 
0.12318121964616427	 0.991316879165906	 0.04601339160779008	 0.06567680015030254	 
-0.4594481890325884	 0.015870412782130226	 0.8880627745789146	 -1.2417052994786448	 
0.0	 0.0	 0.0	 1.0	 
18	 56	  37
0.9689068730444885	 -0.04511942070377274	 0.2432770216080983	 -1.0446300122410541	 
0.1005637722017475	 0.970169497814498	 -0.22058575028981184	 0.06893293935514955	 
-0.2260672446147523	 0.2381919045343902	 0.9445412735961158	 -1.485733076124213	 
0.0	 0.0	 0.0	 1.0	 
18	 57	  37
0.9635906455384012	 0.07681101163411351	 0.2561115700678721	 -1.691639874827557	 
-0.009701950788068448	 0.9672627440680748	 -0.25359151422869675	 0.33778326134848813	 
-0.267205800801166	 0.2418736290496368	 0.9327905486166586	 -1.6323973469073683	 
0.0	 0.0	 0.0	 1.0	 
18	 58	  37
0.500269645881409	 0.5909099954942564	 0.6328946663029068	 -0.9164073830539761	 
0.06378027339562846	 0.7038013910013731	 -0.7075278642923626	 1.3074014914293355	 
-0.8635174336023961	 0.39432090896820404	 0.3144020715822664	 -0.1671097261128283	 
0.0	 0.0	 0.0	 1.0	 
19	 20	  37
0.8743541199382802	 -0.21309955719785556	 0.4359970775923079	 0.05237326529496766	 
0.14219361779227144	 0.9714959301057332	 0.18967507175994855	 0.05776330466116944	 
-0.4639890602224372	 -0.10384717863319198	 0.8797328659791138	 -0.007807759895496689	 
0.0	 0.0	 0.0	 1.0	 
19	 22	  37
0.8276007740048689	 -0.3881617556127444	 0.4054718366868085	 0.029070891841420924	 
0.18215281003248227	 0.8689830529969055	 0.46009651965804754	 -0.07984446529511548	 
-0.5309400273701466	 -0.3069184013444129	 0.7898758017893558	 0.1532460849325941	 
0.0	 0.0	 0.0	 1.0	 
19	 23	  37
0.9794415399333046	 -0.19756210939860933	 0.040785815954166485	 -0.06426371137559159	 
0.17714940146503944	 0.9390599401876999	 0.2945921219164735	 -0.05470850745196043	 
-0.09650056690845704	 -0.281310578657547	 0.9547523233392526	 0.2468514695789061	 
0.0	 0.0	 0.0	 1.0	 
19	 54	  37
0.9496859799317959	 -0.14389745679985674	 0.2781906925968531	 -0.9635739436166785	 
0.057320971417864235	 0.9530617520260176	 0.2973005265061076	 0.44685269317404025	 
-0.3079136985531754	 -0.26639598111013174	 0.9133577259166712	 -1.4733614199520138	 
0.0	 0.0	 0.0	 1.0	 
19	 55	  37
0.9432036575679336	 -0.06361259558781898	 0.3260679346900769	 -0.9092738934545114	 
0.0875979401368127	 0.9943835404648007	 -0.05939676200328166	 0.46567185165751657	 
-0.32045820512862294	 0.08458612259270273	 0.9434785247320009	 -1.573923159499992	 
0.0	 0.0	 0.0	 1.0	 
19	 56	  37
0.9818812648782579	 -0.06614741530890361	 0.17757731028772486	 -0.6572617140827659	 
0.09929610159722992	 0.9777410056669178	 -0.18483184261656835	 0.08744603289188518	 
-0.16139846928847845	 0.19911565806182815	 0.966593755838481	 -1.78266057425278	 
0.0	 0.0	 0.0	 1.0	 
19	 57	  37
0.9769543587299457	 -0.12098332989052166	 0.1758499782404392	 -1.177347907194969	 
0.15911538636306577	 0.9619345921128086	 -0.22218040939582884	 0.24921193814574952	 
-0.14227605132661647	 0.24504055661332272	 0.9590165018567401	 -2.0525721919708126	 
0.0	 0.0	 0.0	 1.0	 
19	 58	  37
0.8362308129740836	 0.10064840054699174	 0.5390620807476967	 -1.5862291645924556	 
0.04342493653010729	 0.9677717497746554	 -0.24805667744581736	 0.5915244289649522	 
-0.5466555609522874	 0.2308413736864219	 0.8049099066818013	 -1.9875494247631529	 
0.0	 0.0	 0.0	 1.0	 
20	 21	  37
0.9929929277347669	 -0.05683622366684922	 0.10360834497292755	 0.0037724045818129616	 
0.034384729265171346	 0.9777728757374128	 0.20682817473823856	 -0.09536831594954462	 
-0.11306076181460206	 -0.2018163698798548	 0.9728758487013753	 0.03732529040236158	 
0.0	 0.0	 0.0	 1.0	 
20	 22	  37
0.9933449405536953	 -0.06367153143651064	 0.09597794101201539	 -0.1348390642207617	 
0.04104871598821922	 0.9742954695766949	 0.22150246246497352	 -0.10301859508851738	 
-0.1076142741094088	 -0.2160885791680299	 0.9704251099188684	 0.09366010865013288	 
0.0	 0.0	 0.0	 1.0	 
20	 23	  37
0.9274495819652036	 0.27515648189801095	 -0.2532314818147171	 -0.31887006276060953	 
-0.2139666470539088	 0.9458507701566333	 0.2440995586694327	 -0.14257381626801172	 
0.30668476789869376	 -0.17220694255346866	 0.9361032112301026	 0.15010144925543092	 
0.0	 0.0	 0.0	 1.0	 
20	 54	  37
0.7884815216932	 -0.6049660245426787	 0.11096395404545945	 -1.5225878449609234	 
0.5982642631340549	 0.7962385250693493	 0.08991152680303746	 0.39606349923435485	 
-0.14274719403561575	 -0.004507809269969962	 0.9897489167715938	 -1.4015626535864936	 
0.0	 0.0	 0.0	 1.0	 
20	 55	  37
0.9827066112446099	 0.12390722273249186	 -0.13760347514091065	 -0.07873260800425157	 
-0.14969074708161798	 0.9690178443581072	 -0.19646144037371044	 0.7275365564677305	 
0.10899723140649813	 0.21366192330475378	 0.9708080068043478	 -1.725491603477488	 
0.0	 0.0	 0.0	 1.0	 
20	 56	  37
0.2288179396407065	 0.768732355433695	 -0.5972377384324813	 0.8447954123839098	 
-0.9598555988840444	 0.07592171425839467	 -0.27002430000838845	 1.1645286953244411	 
-0.16223310324818233	 0.635048391080105	 0.7552443056369473	 -1.4474140365828982	 
0.0	 0.0	 0.0	 1.0	 
20	 57	  37
-0.9631025746139558	 0.2679613392182783	 -0.025102817696766592	 0.7150922740260484	 
0.26570210282554024	 0.9615234261866957	 0.06982186941270295	 -0.8572085949247079	 
0.04284650891328653	 0.06057575074685663	 -0.9972435786182821	 3.7267070699789593	 
0.0	 0.0	 0.0	 1.0	 
20	 58	  37
-0.2825471187206727	 0.7247262719382689	 -0.6284416889935817	 0.7357595208124271	 
-0.9211102815129268	 -0.022073428640757946	 0.38867545978517715	 -0.4716693544012546	 
0.26781145418712626	 0.6886832323430713	 0.6737896040276052	 -0.8788538218547193	 
0.0	 0.0	 0.0	 1.0	 
21	 22	  37
0.9977591177522036	 0.021751587307697728	 -0.06327409732219676	 -0.08694993244915106	 
-0.017927037775393444	 0.9980134898026679	 0.060396154583706514	 -0.039197695409753874	 
0.06446211491211577	 -0.05912649678016571	 0.9961670006176482	 0.0424006744361397	 
0.0	 0.0	 0.0	 1.0	 
21	 54	  37
-0.4246528437034948	 -0.07686230167095506	 -0.9020876614367251	 2.015445095283053	 
-0.8264614412109196	 0.43971409018243385	 0.35158641197663687	 -0.11876826738235612	 
0.36963691445269187	 0.8948428384229711	 -0.25024956742623106	 2.414839209933815	 
0.0	 0.0	 0.0	 1.0	 
21	 55	  37
0.9254918830393848	 -0.2155642926887757	 -0.3114431090035568	 0.21110022915507354	 
0.16791150246713216	 0.9705412860772831	 -0.1727869768202554	 0.4831528314302681	 
0.3395150979963097	 0.10761806417623869	 0.9344238066827679	 -1.8243848084966068	 
0.0	 0.0	 0.0	 1.0	 
21	 56	  37
-0.45177997056760366	 0.6783899701341249	 -0.5793806232653592	 1.1534988481170896	 
-0.8895930237353017	 -0.2936275611245672	 0.3498672712179885	 -0.8636551793352669	 
0.06722432830024018	 0.6734759860377054	 0.7361460357260114	 -1.5577120056208917	 
0.0	 0.0	 0.0	 1.0	 
21	 57	  37
0.7192337554707402	 0.435663366745833	 -0.5412025830196502	 0.7086311686801726	 
-0.4997391044632549	 0.8655608416622522	 0.03263827279737962	 -0.05207041063194292	 
0.482663063079949	 0.2469855466553028	 0.8402585954821666	 -2.3553844720895203	 
0.0	 0.0	 0.0	 1.0	 
21	 58	  37
0.08015326383288837	 -0.9519803722050153	 -0.29548066812117413	 0.9382609672050491	 
0.9774193890103128	 0.016918615430873172	 0.21063024103534672	 0.1852445097611797	 
-0.1955167314672624	 -0.30569123538024834	 0.9318401559967545	 -1.0142269804486628	 
0.0	 0.0	 0.0	 1.0	 
22	 23	  37
0.8894499856052837	 0.27197377362346814	 -0.36729959102587056	 -0.1603561481287823	 
-0.2822095410541882	 0.9589812032184116	 0.026698816673262404	 -0.027416973003607407	 
0.3594947816655281	 0.0799081869070906	 0.9297194112314081	 0.013863935289087822	 
0.0	 0.0	 0.0	 1.0	 
22	 54	  37
0.9602726309692017	 0.2310251541869083	 -0.1565370638040753	 0.0749189566247733	 
-0.2758484475479616	 0.8707136612111493	 -0.4071429161432794	 1.8793793366466331	 
0.04223870496198117	 0.43414870529945077	 0.8998504283990448	 -0.9439202442398422	 
0.0	 0.0	 0.0	 1.0	 
22	 55	  37
0.9495093522182786	 0.1831686634079844	 -0.25471794360695843	 0.2777948117565182	 
-0.28314277304104585	 0.8499904763163907	 -0.4442368290068502	 1.3158541253981442	 
0.13513756000702395	 0.4939285686379831	 0.8589367898504406	 -1.505711427350303	 
0.0	 0.0	 0.0	 1.0	 
22	 56	  37
0.8907005451459697	 -0.04010677600447721	 -0.45281782804478965	 0.6411500247812448	 
-0.30673373435361695	 0.6821470408521426	 -0.6637694109147775	 1.4306319224889126	 
0.33550999252803004	 0.7301142795310833	 0.5952866399799752	 -1.3866495704796369	 
0.0	 0.0	 0.0	 1.0	 
22	 57	  37
0.9103631858969792	 0.18111006342732894	 -0.37207259330519166	 0.03491117416414458	 
-0.3605479985633942	 0.7884220609199932	 -0.49839321282156385	 1.368396548289688	 
0.2030862144396619	 0.5878688618901483	 0.7830492900990003	 -2.1073108197038697	 
0.0	 0.0	 0.0	 1.0	 
22	 58	  37
-0.6033772140858836	 -0.7808179946692555	 -0.16204689667697916	 0.5456681377303012	 
0.6043200084550937	 -0.31511924121307205	 -0.7317767358956776	 2.633827022506584	 
0.520320348345894	 -0.5394655902075495	 0.6619997070084148	 -1.236111892774578	 
0.0	 0.0	 0.0	 1.0	 
23	 24	  37
0.755207672312065	 0.5102592737164636	 -0.4114569786348721	 0.03332044023543059	 
-0.4505213540850408	 0.8600093047963824	 0.2396132408215858	 0.15767491724365548	 
0.47612170838386697	 0.004412397306302811	 0.8793683241711843	 -0.09401537990588493	 
0.0	 0.0	 0.0	 1.0	 
23	 54	  37
0.9833626233891585	 -0.07766981458256654	 0.16421129931859874	 -0.6024293354698814	 
0.10278160602044603	 0.9832639184132504	 -0.1504260888625355	 1.345141185026199	 
-0.14977947918540274	 0.1648012944407034	 0.9748880145768632	 -1.3817784547470164	 
0.0	 0.0	 0.0	 1.0	 
23	 55	  37
0.8900761323392913	 -0.3954836390441406	 0.22662120352767617	 -0.6734063411388977	 
-0.2747713395779777	 -0.06884801838378272	 0.9590415326309643	 -2.644392942458614	 
-0.36368281453273515	 -0.9158889897869882	 -0.1699475472035938	 0.8812830151199568	 
0.0	 0.0	 0.0	 1.0	 
23	 56	  37
0.9552410988337479	 0.002343562127459242	 0.29581911840760033	 -0.9361045095817028	 
0.1694429196855728	 0.8153529238426844	 -0.5536142217732622	 1.0102379030701047	 
-0.24249441244557285	 0.5789595126584768	 0.7784615228994536	 -1.6534769021220386	 
0.0	 0.0	 0.0	 1.0	 
23	 57	  37
0.9745156769558174	 -0.13498276245633214	 0.17916151709282216	 -1.1289787374134481	 
-0.022208837151009363	 0.7367076673722506	 0.6758465657139473	 -2.366778826913544	 
-0.22321729977702048	 -0.6626020424618341	 0.7149353609982247	 -1.1233774016448643	 
0.0	 0.0	 0.0	 1.0	 
23	 58	  37
-0.582139351974745	 -0.6325146699067367	 0.5109197268017712	 -1.9959102003023552	 
0.48476922124055005	 -0.7744692468567214	 -0.406443338992059	 1.674082168771452	 
0.6527729904187637	 0.011071496102840236	 0.7574726694434526	 -1.8489506642506897	 
0.0	 0.0	 0.0	 1.0	 
24	 25	  37
0.9115497788034681	 0.16240890978796593	 -0.3777569943559386	 -0.1355523872608643	 
-0.24641909215609759	 0.9512121068852705	 -0.18566948789677287	 -0.05994244222557885	 
0.3291726473817548	 0.262333516227663	 0.9070978417344613	 -0.0915752097283658	 
0.0	 0.0	 0.0	 1.0	 
25	 26	  37
0.9243520536897845	 0.23780072855107057	 -0.29836905727648483	 -0.08328644486601726	 
-0.23665730169683738	 0.9707478855490405	 0.04051992418106423	 0.03968024916704661	 
0.29927679895549936	 0.03315654087276103	 0.9535900803827095	 -0.1342285703570454	 
0.0	 0.0	 0.0	 1.0	 
26	 27	  37
0.9735931623307207	 0.09048323315053058	 -0.2095927927708729	 -0.11360145486789139	 
-0.0988209483026778	 0.9946638972237207	 -0.02963362509514067	 0.05929464196949973	 
0.20579303787890066	 0.04956325330672552	 0.9773396080596688	 -0.08445732837939177	 
0.0	 0.0	 0.0	 1.0	 
26	 28	  37
0.7191445833476887	 0.032973706156256506	 -0.694077663481544	 0.6346680580611741	 
-0.19157671928978323	 0.9695680502245151	 -0.15243410579655417	 0.1987665212485995	 
0.6679292094734606	 0.24259128320315296	 0.703576605954181	 0.32542593219820376	 
0.0	 0.0	 0.0	 1.0	 
26	 50	  37
0.9820101494901775	 -0.17363811584629346	 -0.07420155674665985	 -1.7251062914560384	 
0.17285010638490264	 0.9848020746331272	 -0.016962149657896813	 0.3679740899136097	 
0.0760191227324188	 0.0038312561436404107	 0.9970989993252201	 -0.4391763497633323	 
0.0	 0.0	 0.0	 1.0	 
26	 51	  37
-0.5078879493948305	 -0.42836741326582456	 -0.7473628236080925	 2.5712648720468256	 
0.12633903366881705	 -0.8952506573861337	 0.4272759167345208	 -1.9794165866785676	 
-0.8521081383434523	 0.12258719224144672	 0.5088065456214325	 -0.7930665565058297	 
0.0	 0.0	 0.0	 1.0	 
27	 28	  37
0.9718843698846055	 0.04463828804035166	 -0.23118865632818011	 -0.04853912794719976	 
-0.09644732428725396	 0.9711865425314554	 -0.21793258875998023	 0.34379709281929	 
0.2147991741414107	 0.2341028040127329	 0.9481862643708476	 -0.025821334281168992	 
0.0	 0.0	 0.0	 1.0	 
27	 50	  37
0.9886202208150815	 0.15021254251339317	 -0.008139475855464214	 -0.9742304404547397	 
-0.15041411765174245	 0.9861936389323239	 -0.06926542962018001	 0.6332978629544187	 
-0.002377436978627399	 0.06970149640490149	 0.9975650601300797	 0.012799021541365344	 
0.0	 0.0	 0.0	 1.0	 
27	 51	  37
0.5846157189422828	 -0.3044527022652106	 0.7520192904766535	 -2.2970544066122027	 
0.3524230303435537	 0.930197811737126	 0.10261597693794088	 -0.035689466380205585	 
-0.7307684098598298	 0.2050380040940521	 0.6511044063958275	 0.3695050777995162	 
0.0	 0.0	 0.0	 1.0	 
28	 50	  37
0.8622035202113122	 -0.368555619228433	 -0.3475224385134977	 0.8545833446340665	 
0.47533440446278674	 0.8257842289799676	 0.30354177818212835	 -0.5571001690683091	 
0.175106520921493	 -0.4269041610281011	 0.887181234938873	 -0.19321088023689836	 
0.0	 0.0	 0.0	 1.0	 
28	 51	  37
0.4669401619336292	 -0.13773385017716996	 0.8734965779490886	 -1.8471885955471077	 
0.17512784320332636	 0.9826339122734871	 0.061325630735049576	 0.23712168829943192	 
-0.8667739749832977	 0.12433817179560362	 0.4829522702360761	 0.8337190201800734	 
0.0	 0.0	 0.0	 1.0	 
29	 41	  37
-0.010531418891666987	 -0.8603947335692164	 -0.5095193731964329	 1.9161037134745225	 
0.03278707145994668	 0.5089765248524368	 -0.8601557446731478	 3.532588475599993	 
0.9994068726805955	 -0.025764308558445168	 0.022849578624049547	 1.3460822490735165	 
0.0	 0.0	 0.0	 1.0	 
29	 42	  37
0.5207249089605439	 -0.7337250329809148	 -0.436455204076188	 1.8778516910358753	 
0.42222162612506503	 0.665669948746803	 -0.6153148931788772	 2.213624165219974	 
0.7420070536189922	 0.1361289657368429	 0.6564255000128181	 0.052999850230434326	 
0.0	 0.0	 0.0	 1.0	 
29	 43	  37
0.2805155197227248	 -0.4108110089094644	 0.867493722255947	 -1.6148714186606272	 
-0.877964181485198	 0.2554528474990271	 0.40487373183952774	 -0.19258002470597874	 
-0.38793032779574815	 -0.8752017811130337	 -0.2890188629014666	 5.318586906060468	 
0.0	 0.0	 0.0	 1.0	 
29	 45	  37
-0.6914756918203899	 -0.5778274092008662	 -0.43356297443131314	 1.7353054682756712	 
0.45614113362122455	 -0.8146305407857393	 0.35820713035599633	 0.8021229629674328	 
-0.560175538416537	 0.04992561662462006	 0.8268680662381355	 0.15710561502538595	 
0.0	 0.0	 0.0	 1.0	 
29	 47	  37
0.35079747982970727	 0.9036065813618785	 0.24583790241666315	 0.744425207609193	 
0.615225334789057	 -0.024464414355012055	 -0.7879716237682413	 1.9341166847397064	 
-0.7060020648545008	 0.4276641656133524	 -0.5645037164372044	 3.657944180092562	 
0.0	 0.0	 0.0	 1.0	 
29	 48	  37
0.7753157222470839	 -0.19277621582874838	 0.6014340042325749	 -1.7962268603239921	 
-0.147070427747948	 0.8709922459194361	 0.4687673162990899	 0.24247791172105967	 
-0.6142115434591869	 -0.45189582666690276	 0.6469423016950737	 1.4592628678038422	 
0.0	 0.0	 0.0	 1.0	 
29	 49	  37
-0.8336339920952097	 -0.507429033516083	 -0.2181058072778828	 1.0615869416253818	 
-0.14860784691550666	 -0.17425948266532237	 0.9734214608977714	 -1.5450847973486963	 
-0.5319493162497159	 0.8438894528586951	 0.06986069206149668	 2.4186851983818562	 
0.0	 0.0	 0.0	 1.0	 
29	 50	  37
0.6630927903042746	 -0.3369258074857626	 0.668422734275666	 -1.2930465207162225	 
