0	 1	  37
0.9900103954335966	 0.10284713218676202	 0.09644627693370346	 -0.2891536478323604	 
-0.09835428246883164	 0.9938821089634203	 -0.0502472745774777	 0.11343470138663381	 
-0.10102401721103299	 0.040259419809304565	 0.994069075599459	 -0.1556640690028274	 
0.0	 0.0	 0.0	 1.0	 
0	 2	  37
0.9978281123185189	 -0.002343935043523383	 -0.06582981266396158	 -0.5423525878163177	 
0.01715500735727423	 0.9741278576427466	 0.22534556282945767	 -0.009823952118669873	 
0.0635984590177498	 -0.2259854484980502	 0.9720523715714615	 -0.40215339116591353	 
0.0	 0.0	 0.0	 1.0	 
0	 3	  37
0.9961263885182893	 0.08709784996686055	 0.01209060083945456	 -0.6074094901473616	 
-0.08453721932500215	 0.9864039275122756	 -0.14092817439090566	 0.03644694731018909	 
-0.02420075714322386	 0.13936016762155257	 0.9899459919784444	 -0.1283508253684085	 
0.0	 0.0	 0.0	 1.0	 
0	 10	  37
0.8986854431174957	 -0.04085580832809756	 0.4366867037757941	 -0.48679134008606617	 
-0.0505715557775689	 0.9793586125748444	 0.19570187970919473	 -0.23511428590798147	 
-0.43566844282659145	 -0.19795835648270493	 0.8780691869230576	 -0.37061081075389424	 
0.0	 0.0	 0.0	 1.0	 
0	 19	  37
0.059049993709175345	 -0.16802715836547408	 0.9840121809685942	 -1.8430665182072372	 
0.16982724168449603	 0.9730538108808291	 0.15596470469991394	 -0.6119623813638562	 
-0.9837031087806841	 0.15790235964645832	 0.08599441024449452	 2.3316150944718297	 
0.0	 0.0	 0.0	 1.0	 
0	 35	  37
0.9059847863832635	 -0.05956051943678364	 0.41909916650655976	 -2.155219225739796	 
0.028813555309150127	 0.9964326090345033	 0.07932108599319096	 0.04493298336763036	 
-0.42232848101036113	 -0.05978796013507395	 0.904468934762476	 -0.00994726852711633	 
0.0	 0.0	 0.0	 1.0	 
0	 36	  37
0.27086308945218956	 -0.13249257648151017	 0.9534562936756498	 -1.8114764560600038	 
-0.007372057045628126	 0.9901680752871377	 0.13968835118606351	 -0.12702666566194362	 
-0.9625896527323221	 -0.0448653525502297	 0.26722324111725826	 0.7527593788852571	 
0.0	 0.0	 0.0	 1.0	 
0	 43	  37
0.9981410798030281	 0.04556291189262245	 0.04047722655406698	 0.4540848487596213	 
-0.060783636481500196	 0.7926331837569769	 0.6066613433731891	 -0.4519528159300115	 
-0.004442335616429982	 -0.6079939613739133	 0.7939292213964214	 -0.666411684966372	 
0.0	 0.0	 0.0	 1.0	 
0	 44	  37
0.9678707193687033	 -0.1970196890146564	 0.15623544005531176	 0.3049818232412554	 
0.140747956178633	 0.9393766705412904	 0.3126683285436786	 -0.3409428329621224	 
-0.20836574435411997	 -0.2806327012009264	 0.9369252924307389	 -0.7009604288383368	 
0.0	 0.0	 0.0	 1.0	 
0	 45	  37
0.9980813525189779	 0.05974514847900547	 -0.01625210715906594	 0.34571855900325227	 
-0.05632693585631908	 0.9851305491943403	 0.16231166729811833	 -0.08118058310430434	 
0.02570778191377678	 -0.16108481702903776	 0.9866056920937535	 -0.6583718002680151	 
0.0	 0.0	 0.0	 1.0	 
0	 54	  37
0.8947072528569815	 0.25016723437138527	 -0.3700206568991607	 0.05981787517813122	 
-0.1615494466238856	 0.95359336982951	 0.2540894750136561	 -0.047890003898431385	 
0.4164141063660434	 -0.1675590638078747	 0.8936012825389174	 -0.26141374390149685	 
0.0	 0.0	 0.0	 1.0	 
1	 2	  37
0.9752554529788469	 -0.06091072974246211	 -0.21252455019894756	 -0.1237180644457108	 
0.11346685163500309	 0.9629351655028245	 0.2447062333045235	 -0.11515926727269503	 
0.1897421276761292	 -0.2627655800143703	 0.9460191197563855	 -0.2613188380779706	 
0.0	 0.0	 0.0	 1.0	 
1	 3	  37
0.9948987227487466	 -0.04197133068369867	 -0.09173297593313984	 -0.2663679308549138	 
0.0319283756851525	 0.9936022757105507	 -0.10832865054509792	 -0.0897477789317494	 
0.09569279125941638	 0.10484715114610317	 0.9898737114387506	 -0.014248252589487975	 
0.0	 0.0	 0.0	 1.0	 
1	 10	  37
0.9359938446705812	 -0.12296241267945955	 0.3298420346269247	 -0.14220981197508445	 
0.026956150953472213	 0.9592930710363903	 0.28112305097117757	 -0.38576412219906486	 
-0.35098274696138076	 -0.25423817362783285	 0.9012070030829912	 -0.19287627686515424	 
0.0	 0.0	 0.0	 1.0	 
1	 11	  37
0.9198402457565807	 0.2777223581476149	 -0.2770635560145003	 -0.5218777551870434	 
-0.17452758646397498	 0.9222332647593253	 0.3450013433805953	 -0.3780300503105415	 
0.3513318144568352	 -0.26899088675322075	 0.8967774857756989	 0.15159137212088702	 
0.0	 0.0	 0.0	 1.0	 
1	 35	  37
0.9555493577328107	 -0.106583848244629	 0.2748914480841094	 -1.7326897391423328	 
0.07120105184469284	 0.9881948339518799	 0.13565168766744282	 -0.15914777044706002	 
-0.2861045877867429	 -0.11004932277929749	 0.9518578210022732	 -0.09924856011702368	 
0.0	 0.0	 0.0	 1.0	 
1	 43	  37
0.9944606095287261	 0.015172626171833301	 -0.10400907417531291	 0.8716158788012451	 
0.054265897459473994	 0.7733398450142824	 0.6316650192041702	 -0.45861303950250343	 
0.09001837850502424	 -0.6338101257698056	 0.768232657469721	 -0.4139038631141199	 
0.0	 0.0	 0.0	 1.0	 
1	 44	  37
0.9749802839044244	 -0.21909978049930384	 -0.037533081179219656	 0.8926412369559653	 
0.21710091834391848	 0.9022691139301044	 0.3725287066817956	 -0.4427440620214555	 
-0.04775601796502895	 -0.371356610595451	 0.9272613604131162	 -0.41437791022372716	 
0.0	 0.0	 0.0	 1.0	 
1	 45	  37
0.9924385025735782	 -0.031897598141987386	 -0.11852578555861293	 0.6671394804471233	 
0.05813583333004672	 0.972615355654823	 0.22503243061271	 -0.22411733905216802	 
0.10810200503475813	 -0.23022144378231882	 0.9671153205953515	 -0.39538350244620474	 
0.0	 0.0	 0.0	 1.0	 
1	 54	  37
0.8464832399396053	 0.17154125408964505	 -0.504023533822282	 0.4408166018124054	 
-0.05456660579263616	 0.9696404829388776	 0.23836908226179923	 -0.10371337159739906	 
0.529611754055384	 -0.17427257957410616	 0.830144841563788	 -0.052638265655909344	 
0.0	 0.0	 0.0	 1.0	 
2	 3	  37
0.9964967350013991	 0.07469542271117832	 0.03761450461656757	 0.06249933110378831	 
-0.05605937984988856	 0.9303509915178877	 -0.3623594603601912	 -0.014387312997924966	 
-0.06206128473047668	 0.3589813733436337	 0.9312791045277033	 0.2616231665321116	 
0.0	 0.0	 0.0	 1.0	 
2	 10	  37
0.8391293088187488	 -0.0780160300006624	 0.5383079993315204	 -0.07037576555269313	 
0.08629881781141567	 0.9962205492671835	 0.009855519374642272	 -0.23613750656787205	 
-0.5370423792641701	 0.038185288799845	 0.8426905520970034	 0.0033164305650452905	 
0.0	 0.0	 0.0	 1.0	 
2	 11	  37
0.9370646406947845	 0.34004410836332494	 -0.07924558995266784	 -0.30350394536328495	 
-0.32999632434102	 0.9366820501529936	 0.11717151037091796	 -0.327153011686876	 
0.11407140343211124	 -0.08364652586077312	 0.9899449346455852	 0.423310922979639	 
0.0	 0.0	 0.0	 1.0	 
2	 34	  37
0.9652558373751919	 -0.05819563444267642	 0.2547438645874137	 -1.5893090481519934	 
0.04405997496408574	 0.9971738013513476	 0.06085333601920464	 0.28382678165955594	 
-0.2575653063191554	 -0.04751502952031552	 0.9650919308285617	 0.028811785445631722	 
0.0	 0.0	 0.0	 1.0	 
2	 35	  37
0.8974686072787993	 -0.023183352369362642	 0.4404686494201035	 -1.5104434344239206	 
0.10339603149785954	 0.981850292229515	 -0.15899454179093295	 0.07466538033723874	 
-0.4287882456639239	 0.18823532033530038	 0.8835768809553143	 0.454778732688646	 
0.0	 0.0	 0.0	 1.0	 
2	 43	  37
0.9963076965840183	 -0.007767909725275086	 0.08550224152585512	 0.9806686330549628	 
-0.028508004409720483	 0.9094604690364244	 0.41481194407179517	 -0.3363953414254029	 
-0.0809831304162855	 -0.41571783079216906	 0.9058810174351993	 -0.4265485978082383	 
0.0	 0.0	 0.0	 1.0	 
2	 44	  37
0.9699081369439215	 -0.16226062021258306	 0.18152051404235184	 0.9290721110713362	 
0.14553108520898123	 0.9840759971130236	 0.10205456944157244	 -0.2969256284038305	 
-0.19518941858581365	 -0.07256667991741389	 0.9780772811173443	 -0.4297643495911111	 
0.0	 0.0	 0.0	 1.0	 
2	 45	  37
0.9965115810458476	 0.056264413416885824	 0.061635903695492995	 0.8182372999092252	 
-0.053428450068919754	 0.9974775408149106	 -0.046732818158886295	 -0.05824086526668305	 
-0.06410982424511284	 0.0432766837071925	 0.997004041658091	 -0.31918961629045794	 
0.0	 0.0	 0.0	 1.0	 
2	 46	  37
0.8345065605984746	 0.28005295619289483	 -0.4745199069014124	 0.6192333717393791	 
-0.2763650051062914	 0.9577804780363803	 0.07923976176770385	 -0.19793383964436695	 
0.47667723280087954	 0.06501459543843677	 0.8766709292027838	 0.17673248069218608	 
0.0	 0.0	 0.0	 1.0	 
2	 53	  37
0.7907386255868373	 0.2775043029523147	 -0.5456407131510516	 0.35357681322145945	 
-0.3172578532771247	 0.9480745410332986	 0.022408015942740216	 -0.03231674674195152	 
0.5235263895344991	 0.15538991758621237	 0.8377195789603589	 0.07515422809334957	 
0.0	 0.0	 0.0	 1.0	 
2	 54	  37
0.9157368755777069	 0.22470876186440303	 -0.3330644788153585	 0.6508451838928838	 
-0.22753839477189866	 0.9732743004248839	 0.031038927769492814	 -0.04540630515294335	 
0.3311378166440783	 0.04736146612826883	 0.9423930379169683	 0.0955722351477748	 
0.0	 0.0	 0.0	 1.0	 
3	 10	  37
0.8885165600562658	 -0.15576274087416053	 0.4315973714715479	 0.06064114781839513	 
-0.007268217765672502	 0.9357220495496802	 0.3526633224437384	 -0.27225054286031725	 
-0.45878698272323604	 -0.31648414579867123	 0.8302724191142293	 -0.17834943915114432	 
0.0	 0.0	 0.0	 1.0	 
3	 35	  37
0.929622187926133	 -0.10617341953748788	 0.35288779052150077	 -1.4270514561199212	 
0.016179444269486205	 0.9684324519135367	 0.248750500831388	 -0.11938387945525733	 
-0.3681586795100192	 -0.2255344564904716	 0.9019941217308386	 0.03382694378681914	 
0.0	 0.0	 0.0	 1.0	 
3	 45	  37
0.9992372479759901	 -0.029622234400306587	 -0.025444950117910203	 0.8941421464606092	 
0.035933689185287804	 0.9525738772829963	 0.30217838820731946	 -0.13344903204741196	 
0.01528699574490608	 -0.30286223195897466	 0.9529117357939947	 -0.4932629385758671	 
0.0	 0.0	 0.0	 1.0	 
3	 54	  37
0.9048132846133259	 0.12266963995500567	 -0.407756151910126	 0.635073382359872	 
0.03596861824635176	 0.9321631949537512	 0.3602471880182583	 -0.13735816879769222	 
0.42428667017559296	 -0.3406228668291713	 0.8390213847717967	 -0.11303392368836353	 
0.0	 0.0	 0.0	 1.0	 
4	 5	  37
0.9420441040270318	 -0.03651479238590648	 0.33349599098778027	 0.30024513429309313	 
0.07074948403833105	 0.9933263250246434	 -0.09108964003302593	 0.1502894638233202	 
-0.3279442278440306	 0.10940512762229411	 0.938340610585374	 0.029216576212064138	 
0.0	 0.0	 0.0	 1.0	 
4	 6	  37
0.908820548264272	 -0.09125194345290337	 0.4070851187020923	 0.41286514517988504	 
0.013733827981403548	 0.9818003230309168	 0.1894188682929052	 -0.08252564646349524	 
-0.4169611409011705	 -0.1665569227395121	 0.8935335463573479	 -0.29562118410975313	 
0.0	 0.0	 0.0	 1.0	 
4	 9	  37
0.9726959617143489	 0.20122949784135277	 -0.11562549573132042	 0.6855052195834506	 
-0.12722151271434462	 0.8790029476217923	 0.45953074410193057	 -0.31260635141830684	 
0.19410629244635672	 -0.4322736485962534	 0.8806033386048522	 -0.2014264719701759	 
0.0	 0.0	 0.0	 1.0	 
4	 10	  37
0.809489580323259	 0.3316369128083755	 -0.48450343384851496	 0.5175336949019285	 
-0.1719685810174751	 0.9229319127330979	 0.3444176122117756	 -0.21958599354148836	 
0.5613852745583103	 -0.1954831003482253	 0.804134896013931	 -0.268807379722674	 
0.0	 0.0	 0.0	 1.0	 
4	 18	  37
0.38935304566913653	 0.4930217271854429	 0.778031993141188	 -1.8864226306304253	 
-0.1796496397698341	 0.8691128290155872	 -0.4608350001585074	 2.062389212125804	 
-0.9033992543492249	 0.03965434356543152	 0.42696290269490456	 -0.2921946781414901	 
0.0	 0.0	 0.0	 1.0	 
4	 19	  37
0.9932890497252822	 0.11560866585794102	 0.0033911759601053123	 -1.5304462910225507	 
-0.11541848628029394	 0.9889150019504825	 0.0934114122687491	 0.10230191279229876	 
0.007445583967094223	 -0.09317593732194795	 0.9956218197606787	 -0.6342958180272892	 
0.0	 0.0	 0.0	 1.0	 
4	 20	  37
0.6001446891022433	 -0.033252716165663075	 0.7991999806118477	 -2.22063926916247	 
0.06484513927670371	 0.9978695412224418	 -0.007175417249120132	 0.10357211427288109	 
-0.7972587158849737	 0.056130522606866254	 0.6010223825926313	 -0.3388070660614239	 
0.0	 0.0	 0.0	 1.0	 
4	 36	  37
0.9830118395401457	 0.013276809650567442	 0.1830613275637455	 -0.7723844574705657	 
-0.05822772071176997	 0.9684179398052711	 0.24243808777505582	 0.06778454612199951	 
-0.17406106935386328	 -0.2489787544928607	 0.9527393788159347	 -0.7730245604852349	 
0.0	 0.0	 0.0	 1.0	 
4	 37	  37
0.7751408111414225	 -0.21067141831457115	 0.5956293112400899	 -0.12788163078278753	 
0.05751746678157248	 0.9623830280169587	 0.26553841228707337	 -0.040800526306444866	 
-0.6291648940604104	 -0.17157057116602478	 0.7580996472705395	 -0.14736132243004121	 
0.0	 0.0	 0.0	 1.0	 
5	 6	  37
0.9977543511282124	 -0.0643928422484892	 0.018434117062682092	 0.3721297798850736	 
0.06207686546935353	 0.9923686873614604	 0.10654037318308221	 0.02596229791333097	 
-0.025153877995634233	 -0.10515678870929715	 0.9941374815437395	 -0.3190302469508899	 
0.0	 0.0	 0.0	 1.0	 
5	 7	  37
0.9911998024940414	 0.11085074985540347	 0.0723537337825033	 0.6301506466192482	 
-0.12900820695786502	 0.9314049683488315	 0.34035520779419504	 -0.045922784121305495	 
-0.02966199712243412	 -0.3466942402054119	 0.9375090771481099	 -0.2886456213752321	 
0.0	 0.0	 0.0	 1.0	 
5	 8	  37
0.9672066135535315	 0.19809340962015484	 -0.1589665617775352	 0.6446284235763885	 
-0.0832777764573694	 0.8386100165176906	 0.5383289441823782	 -0.31925692529024813	 
0.2399503670483258	 -0.5074369332845801	 0.8276059328521721	 -0.111882963556711	 
0.0	 0.0	 0.0	 1.0	 
5	 9	  37
0.8189638555677484	 0.4626705841124359	 -0.33946153518574895	 0.35914552715204806	 
-0.262167033993494	 0.8278771407109584	 0.49587083618146127	 -0.39211381365503895	 
0.5104572945513292	 -0.3171046680282469	 0.7992984298458448	 -0.12773524669672973	 
0.0	 0.0	 0.0	 1.0	 
5	 37	  37
0.9513445049019141	 -0.09778695953600275	 0.29220086163055053	 -0.3109350327022774	 
0.01662121163371968	 0.9632115141461729	 0.2682299654029425	 -0.061195858477903695	 
-0.3076806271391797	 -0.2503223712754033	 0.9179713187906801	 -0.3429312447324528	 
0.0	 0.0	 0.0	 1.0	 
5	 38	  37
0.9544701517236519	 -0.10561915963174452	 0.2789826564274426	 0.21550851657798786	 
0.012777305852562737	 0.9488384371172381	 0.31550334499663435	 -0.10443193062152849	 
-0.29803266586697935	 -0.297573878839524	 0.9069874953430288	 0.12304635785645453	 
0.0	 0.0	 0.0	 1.0	 
5	 39	  37
0.9370192512412657	 0.19622353945974638	 -0.28894851680731326	 0.6871283798328073	 
-0.03701710088224757	 0.8784057560059931	 0.47647986532256786	 -0.25013794185012944	 
0.34731060600783603	 -0.43577477023965994	 0.830346730334407	 0.48679488334104465	 
0.0	 0.0	 0.0	 1.0	 
5	 40	  37
0.8912085611077278	 0.39689293459131564	 -0.21959803979040105	 0.9695935926170283	 
-0.1251162613919547	 0.680443759148968	 0.7220403117351006	 -0.49157415319468983	 
0.43599681391449757	 -0.6160132215356376	 0.656075063654832	 0.5617671255083241	 
0.0	 0.0	 0.0	 1.0	 
5	 41	  37
0.9098770114557007	 0.380637829173275	 -0.16504141003608575	 0.8110076443440914	 
-0.10859816362218433	 0.6024491809295666	 0.7907347363403119	 -0.5895518933249738	 
0.4004126157881791	 -0.7015481647039993	 0.5894912295514815	 0.5517832147016826	 
0.0	 0.0	 0.0	 1.0	 
6	 7	  37
0.9812936921978471	 0.1875357133132037	 0.04350914713970019	 0.3112614710906545	 
-0.19245267650592476	 0.9497572593308529	 0.24682608382027216	 -0.10946018840441836	 
0.004965577350315096	 -0.25058233094225585	 0.9680825576680553	 0.02651738887615269	 
0.0	 0.0	 0.0	 1.0	 
6	 8	  37
0.9551473788338208	 0.24543001257799474	 -0.16570333018032116	 0.2898736815797837	 
-0.1424889103342971	 0.8714277130190349	 0.4693726146827911	 -0.39620803818891837	 
0.25959660078403884	 -0.4247091356544866	 0.8673129509888529	 0.16907338690399706	 
0.0	 0.0	 0.0	 1.0	 
6	 9	  37
0.7820434608415867	 0.5042061017017212	 -0.36631166014975364	 0.026580157911314538	 
-0.3366174864422288	 0.8363916518653823	 0.4325941198296778	 -0.4021893037722558	 
0.5244966093086114	 -0.21500049231723156	 0.8238192126474831	 0.16838672163754104	 
0.0	 0.0	 0.0	 1.0	 
6	 37	  37
0.9633287630169607	 -0.05817714075894248	 0.261941051836719	 -0.6287934397237448	 
0.020121199108381876	 0.9891262098949906	 0.14568623217452928	 -0.04299758462875158	 
-0.2675683682550188	 -0.1350731697706259	 0.9540243220785634	 -0.08147859895969103	 
0.0	 0.0	 0.0	 1.0	 
6	 38	  37
0.9796800661404266	 -0.02865744384740398	 0.19850873763948637	 -0.03601958658126998	 
-0.008008183738507774	 0.9833613632193706	 0.1814836034482222	 -0.16122566546625908	 
-0.20040667903116338	 -0.17938556307427359	 0.9631500312828873	 0.3904488111404585	 
0.0	 0.0	 0.0	 1.0	 
6	 39	  37
0.9028278996156447	 0.27234462395206455	 -0.33276146032858217	 0.33513506816892535	 
-0.16497924826484664	 0.9340241147566156	 0.3168292926720729	 -0.3074251475474667	 
0.39709398297829746	 -0.23114358926331605	 0.8881942410446618	 0.7108199284003668	 
0.0	 0.0	 0.0	 1.0	 
6	 40	  37
0.912952023290854	 0.30013896461386264	 -0.27646917565915796	 0.670548994411924	 
-0.095562366743872	 0.8159209692014727	 0.5702111942777333	 -0.4786561694620159	 
0.3967195952199054	 -0.49415541476123426	 0.7735786894884756	 0.7214878731738998	 
0.0	 0.0	 0.0	 1.0	 
6	 41	  37
0.9094404428454532	 0.3903572153831179	 -0.1433154747939108	 0.3971646220952854	 
-0.20797923202934707	 0.7254305693273179	 0.6561212754742274	 -0.6119437188220164	 
0.36008710052090065	 -0.5668965809420463	 0.7409220920951602	 0.704833799106012	 
0.0	 0.0	 0.0	 1.0	 
7	 8	  37
0.9678631438789534	 0.07364335463862202	 -0.24045288735700268	 0.01443897749619539	 
-0.026333379216279873	 0.9805833996100013	 0.19432639951469682	 -0.3030323539020454	 
0.250094957685677	 -0.18174942290655002	 0.9510098103665047	 0.05880977175974634	 
0.0	 0.0	 0.0	 1.0	 
7	 37	  37
0.9521253864436162	 -0.1418126385224429	 0.2708254494040338	 -1.0209602882877764	 
0.16303820310437123	 0.9849465622407685	 -0.05743530150168349	 -0.034116073022612846	 
-0.25860354370752886	 0.09884050326356385	 0.9609135039619916	 -0.0872290251003755	 
0.0	 0.0	 0.0	 1.0	 
7	 38	  37
0.9500565562342678	 -0.23512314943602783	 0.20520634628482437	 -0.40935047858057166	 
0.24195972816901143	 0.9702489244990913	 -0.008515541834459083	 -0.23875388911506165	 
-0.19709903576796653	 0.05774191811534713	 0.9786816852233917	 0.32443188316257376	 
0.0	 0.0	 0.0	 1.0	 
7	 39	  37
0.9262452896961154	 0.08860001603093691	 -0.36636006943316773	 0.03212846224718055	 
-0.09365196771884635	 0.9955969635880412	 0.003999379534362869	 -0.28980417904320893	 
0.3651013177984242	 0.030605934940618557	 0.9304645638003975	 0.6148650618506512	 
0.0	 0.0	 0.0	 1.0	 
7	 40	  37
0.9237707851780782	 0.16491935865473303	 -0.3456141513196293	 0.38526738056697557	 
-0.0695425185301123	 0.9597536205086076	 0.2720970893580235	 -0.418407747344425	 
0.37657851049676777	 -0.22732046335851708	 0.8980612631499606	 0.5515417470071233	 
0.0	 0.0	 0.0	 1.0	 
7	 41	  37
0.9047834061675307	 0.28312120801701807	 -0.31813420044828006	 0.25867701347725636	 
-0.09481896495599362	 0.8621901934979326	 0.4976318258719718	 -0.7413963201210751	 
0.41518231153139934	 -0.42008386282620136	 0.8069406399385659	 0.6322026574465492	 
0.0	 0.0	 0.0	 1.0	 
8	 9	  37
0.941513059049389	 0.21891813814753927	 -0.2561796409347866	 -0.1650936085324827	 
-0.2532780217031871	 0.961179336910211	 -0.10947385998021075	 -0.011816665758263059	 
0.22226876380090196	 0.16795574145250844	 0.9604100507343499	 0.032392603820519866	 
0.0	 0.0	 0.0	 1.0	 
8	 36	  37
-0.24212157814542468	 -0.39252936282634937	 0.8872980563009862	 -2.2445013684838466	 
-0.8005965115020064	 0.5974478066053073	 0.04584042051862304	 -0.18247364836552554	 
-0.5481079886000441	 -0.6992687735782614	 -0.4589126443356804	 3.583194530892656	 
0.0	 0.0	 0.0	 1.0	 
8	 37	  37
0.8623593604739146	 -0.16789251690371262	 0.47764886283833863	 -1.010091024657528	 
0.325401357083902	 0.9065545758534159	 -0.26883593101962494	 0.29878912349807424	 
-0.3878792211642387	 0.3872607697236708	 0.8364082771123533	 0.13650420216054437	 
0.0	 0.0	 0.0	 1.0	 
8	 38	  37
0.8632763146322264	 -0.2592055566785716	 0.43308946417796096	 -0.32062591450830796	 
0.3485434023312417	 0.9267662327741618	 -0.1400780014168939	 -0.04292197714166243	 
-0.36506369483470147	 0.271876496182625	 0.8903997245827826	 0.3717889293195497	 
0.0	 0.0	 0.0	 1.0	 
8	 39	  37
0.989012094395345	 0.0884513270972138	 -0.11845437887420683	 0.1546637183883885	 
-0.10893532918300274	 0.9777147232121715	 -0.17946312732686398	 -0.1195718602186281	 
0.09994083847718721	 0.1903950701801103	 0.9766071605592433	 0.5229676737044676	 
0.0	 0.0	 0.0	 1.0	 
8	 40	  37
0.9867471671947482	 0.1289519262763266	 -0.09849583109332907	 0.4467825480162259	 
-0.11857048600692532	 0.9873942891288096	 0.10485016759115943	 -0.24025431987655826	 
0.11077485220582461	 -0.09178190728807915	 0.9895984102722378	 0.3713997357492515	 
0.0	 0.0	 0.0	 1.0	 
8	 41	  37
0.9801760138807424	 0.1701524113183031	 -0.10150437791260478	 0.3999384720615136	 
-0.13248250241090082	 0.9438045300346714	 0.30278935853325223	 -0.509372520974915	 
0.1473206311682229	 -0.2833393125011066	 0.9476367793746697	 0.3770549126521259	 
0.0	 0.0	 0.0	 1.0	 
8	 42	  37
0.5486100077191258	 0.7340209778460994	 -0.4003002167277412	 0.2282372021530562	 
-0.5164696494967752	 0.6740355492813426	 0.5281431429581159	 -0.5866258829305124	 
0.657484722696352	 -0.08300170110819555	 0.7488822050456581	 0.45877199430297483	 
0.0	 0.0	 0.0	 1.0	 
9	 10	  37
0.9215657599934335	 0.17486058865317236	 -0.34661264336949904	 -0.2151976810940752	 
-0.24336068896186563	 0.9558254846900929	 -0.1648430098152672	 0.12647389252753483	 
0.3024766521167077	 0.23626556531330561	 0.92341023254643	 -0.016165011577065354	 
0.0	 0.0	 0.0	 1.0	 
9	 20	  37
-0.9900360353301912	 -0.14057996513347282	 -0.008119245700716256	 -2.1775830642471954	 
0.0065628609552458046	 -0.1036619761685235	 0.9945909327723226	 -2.411299436049099	 
-0.14066121570553536	 0.9846275783766716	 0.10355169866464199	 1.391138039512196	 
0.0	 0.0	 0.0	 1.0	 
9	 36	  37
0.9203233869044486	 -0.20221827137521076	 0.3348322479074343	 -1.554897259233043	 
0.2620211960621389	 0.9542781549345954	 -0.14386832809478775	 0.21585606391227027	 
-0.2904302951327394	 0.22013853305735542	 0.931229976929686	 -0.18088331489075235	 
0.0	 0.0	 0.0	 1.0	 
9	 43	  37
0.6702084592859425	 0.5487259723067324	 -0.49972035021359057	 0.5549013968095312	 
-0.4289840978499565	 0.8358646086661208	 0.34249525510770307	 -0.2913498280009305	 
0.6056345968431968	 -0.015171133624838021	 0.7955982477426125	 0.2932195758342784	 
0.0	 0.0	 0.0	 1.0	 
9	 44	  37
0.7648860246905808	 0.21364418872678528	 -0.6077051339723187	 0.6283319276697544	 
-0.22066412859228696	 0.9732210213514746	 0.0644064123531109	 -0.29910951232534994	 
0.6051914668810578	 0.0848351591197074	 0.7915467669010385	 0.31521387209523444	 
0.0	 0.0	 0.0	 1.0	 
9	 45	  37
0.732617031965931	 0.2361228148417586	 -0.6383716008600591	 0.3571299520387038	 
-0.3462025781225397	 0.9367826442216793	 -0.050813899538853374	 -0.053353899653484686	 
0.586017115257512	 0.2582330222807354	 0.7680492476586512	 0.2637918466695963	 
0.0	 0.0	 0.0	 1.0	 
10	 18	  37
-0.1553715481579779	 -0.33072419369599926	 0.9308497138244837	 -2.5247873897768978	 
0.3945667012459842	 0.8430887006941151	 0.36540191711288206	 -0.5477741341268838	 
-0.9056361301819034	 0.4240553625012168	 -0.0004992425324748254	 1.5311087186808872	 
0.0	 0.0	 0.0	 1.0	 
10	 19	  37
0.46713317558807327	 -0.301857963697667	 0.8310645979809875	 -2.3155088701543263	 
0.3937441401959414	 0.9125963316406577	 0.11015211090748278	 -0.8836464589346534	 
-0.7916767953693993	 0.2757711102133675	 0.5451588268067623	 1.6615267676137482	 
0.0	 0.0	 0.0	 1.0	 
10	 20	  37
0.05040502064468876	 -0.17921019784392436	 0.9825187218992577	 -2.30100692945606	 
0.3909966891410846	 0.9087861873621739	 0.14570262434298745	 -0.6068661557770446	 
-0.919010839421668	 0.376817423493746	 0.1158779805528916	 1.3577946099827174	 
0.0	 0.0	 0.0	 1.0	 
10	 35	  37
0.996701849274742	 0.08097578125787257	 -0.005324143310086308	 -1.673158204067741	 
-0.08075166574991391	 0.983167288842677	 -0.16389402255224012	 0.5389262590286673	 
-0.008036922976075531	 0.163783408803875	 0.9864635841579042	 -0.30404595311782157	 
0.0	 0.0	 0.0	 1.0	 
10	 36	  37
0.7150538590594085	 -0.2741475392919143	 0.6430716175858152	 -1.4061869368476616	 
0.3330654545107347	 0.9423807737903414	 0.03139872930352341	 0.10876943118636725	 
-0.614626212958581	 0.19173315803612662	 0.7651620837794348	 0.32001591075739644	 
0.0	 0.0	 0.0	 1.0	 
10	 43	  37
0.8971718072783368	 0.25708475860829144	 -0.35915202229172966	 1.0078863902001958	 
-0.078284121989492	 0.8928289642538558	 0.4435403440880228	 -0.203655214694493	 
0.43468879036531055	 -0.36981599138044796	 0.821146630054608	 0.13785433289418297	 
0.0	 0.0	 0.0	 1.0	 
10	 44	  37
0.9406854007558053	 -0.07606542903276399	 -0.33064335364702546	 0.9942830477238587	 
0.12405966700474712	 0.9841731881704685	 0.1265398542319635	 -0.11223046185412877	 
0.3157850152042707	 -0.1600536978405585	 0.9352340017236331	 0.09577249214257871	 
0.0	 0.0	 0.0	 1.0	 
10	 45	  37
0.8964929522702171	 0.06096084473904944	 -0.438844120318971	 0.8144530000137719	 
-0.0791335584287342	 0.9965935787525936	 -0.023218930197234797	 0.13675684338576677	 
0.4359337867844568	 0.05554290411744293	 0.8982631681984762	 0.12150654670109436	 
0.0	 0.0	 0.0	 1.0	 
10	 54	  37
0.5729527289382624	 0.2260403544425756	 -0.7878013255673494	 0.5826960572804496	 
-0.2623716786279038	 0.9612177108156545	 0.08498008395082098	 0.1594241079594595	 
0.7764575150361895	 0.15800718520936738	 0.6100388977483638	 0.444454962268742	 
0.0	 0.0	 0.0	 1.0	 
11	 34	  37
0.8667651523431505	 -0.37916134117366435	 0.32396735644651564	 -1.4804977652524427	 
0.37273297452856297	 0.9241012322857898	 0.08430327506672436	 0.13161640633119245	 
-0.3313431761522262	 0.047682175362229115	 0.9423046799045843	 -0.21080859654296594	 
0.0	 0.0	 0.0	 1.0	 
11	 35	  37
0.7508975615401624	 -0.3162052224438722	 0.5797991974574122	 -1.292854544531727	 
0.4281666595417666	 0.9015108333010895	 -0.0628611891203164	 -0.05765952633896273	 
-0.5028182213582586	 0.29545299920629803	 0.812330820251282	 0.18865473213553635	 
0.0	 0.0	 0.0	 1.0	 
11	 46	  37
0.9417800182224045	 -0.026036449232034926	 -0.3352200778419976	 0.6867180752160843	 
-0.03275799776563404	 0.9851489987270607	 -0.1685478089132438	 0.49421798704985176	 
0.33463011050919184	 0.16971609711060573	 0.9269407400271868	 -0.3125206251687699	 
0.0	 0.0	 0.0	 1.0	 
11	 47	  37
-0.5336419542869537	 -0.21572582465931014	 -0.8177338400725879	 2.927552990548181	 
0.28376580826616765	 -0.9565386628603068	 0.06716213600283931	 -0.6001385861976619	 
-0.7966826411337506	 -0.1962043705641536	 0.5716647743981388	 0.4384936649283668	 
0.0	 0.0	 0.0	 1.0	 
11	 53	  37
0.8980817762673137	 -0.06510146620471853	 -0.43498381835942235	 0.5510424088663551	 
-0.06570804068085406	 0.9580272423611826	 -0.279045258486345	 0.6484555216198103	 
0.4348926034395509	 0.2791873958326627	 0.8561091177424439	 -0.3253960173234098	 
0.0	 0.0	 0.0	 1.0	 
11	 54	  37
0.983501850473204	 -0.04026079729537253	 -0.1763609319461723	 0.6816832951675399	 
0.010030907576900751	 0.9855563784609196	 -0.16905030543651525	 0.6656219344144573	 
0.18061974147076276	 0.16449222801134533	 0.969700374298627	 -0.3379139810271154	 
0.0	 0.0	 0.0	 1.0	 
12	 13	  37
0.8419679322232974	 0.30125448499790636	 -0.44758880278249985	 -0.11486582574046866	 
-0.28983330081261593	 0.9522775262504009	 0.09572967532839417	 -0.37218482297419425	 
0.4550677519311697	 0.04912482332856282	 0.8891007214513149	 0.7078890796296017	 
0.0	 0.0	 0.0	 1.0	 
12	 32	  37
0.7869469032974603	 -0.5073123419550766	 0.3512104199630107	 -1.404489675487824	 
0.4029028917902675	 0.8535952755424715	 0.33021866294716457	 -0.47361112112719	 
-0.4673155584587131	 -0.11836086038732742	 0.8761317683720835	 1.1675903353573307	 
0.0	 0.0	 0.0	 1.0	 
12	 33	  37
0.6333416610085356	 -0.4918082367049034	 0.597497279274275	 -1.7508511017205393	 
0.4548063589999834	 0.8612280757999523	 0.22679809802352635	 -0.32063287794884776	 
-0.6261226048020674	 0.12810487798333195	 0.7691291334962866	 0.7668093839127123	 
0.0	 0.0	 0.0	 1.0	 
12	 47	  37
0.936506630986509	 -0.20218337704500797	 0.28649120783188875	 -0.770434302830653	 
0.217863928335479	 0.9756937130428089	 -0.0236026917738269	 0.3814735998782644	 
-0.27475559839343	 0.08452017732715117	 0.9577920968435981	 -0.7437865597280635	 
0.0	 0.0	 0.0	 1.0	 
12	 48	  37
0.991419029592218	 -0.08736806438801809	 -0.09723748807696428	 -0.8266169964674807	 
0.07533808656416248	 0.9897683293525983	 -0.12117271525974149	 0.4281844465420682	 
0.10682921171326382	 0.11280724948184266	 0.987857299405671	 -0.489902671355339	 
0.0	 0.0	 0.0	 1.0	 
12	 52	  37
0.9996442622512335	 -0.005504967973803509	 0.026096825013658086	 -1.054587308781754	 
0.012692652441715161	 0.95875473932808	 -0.2839511338063987	 0.5489281323540917	 
-0.023457312765530848	 0.28418135959902946	 0.9584835467206867	 -0.717194123671787	 
0.0	 0.0	 0.0	 1.0	 
12	 53	  37
-0.38769996978092	 0.8986121563039208	 0.2053896929611907	 -0.11103116026115016	 
-0.7612348154050668	 -0.1864716738342314	 -0.6210876513606391	 1.9497805041595362	 
-0.5198175538081498	 -0.3971454486712378	 0.7563499212352924	 0.9660420505580858	 
0.0	 0.0	 0.0	 1.0	 
13	 14	  37
0.7622856272594645	 0.27150145507680923	 -0.5875436854948074	 0.2852870696443266	 
-0.3743347002828988	 0.9254775841232682	 -0.05800666728465223	 -0.22650035867631943	 
0.5280096160466756	 0.26415563816912024	 0.8071106765405276	 0.392084203282257	 
0.0	 0.0	 0.0	 1.0	 
13	 24	  37
0.6825980093263807	 0.2650118690903615	 -0.6810496802032098	 -0.2336681885573555	 
-0.38897716464324644	 0.9207054782020869	 -0.031594110127780295	 -0.29236425352030854	 
0.618673357313665	 0.28647885026629577	 0.731555292032214	 0.6293218366954692	 
0.0	 0.0	 0.0	 1.0	 
13	 25	  37
0.9105395226625749	 0.25721629784793676	 -0.3236627160962651	 -0.15479928386651745	 
-0.17754023837544236	 0.9503015929027473	 0.2557466447171729	 -0.26724930774508443	 
0.3733593998106934	 -0.17540427203435568	 0.9109534016211243	 0.6929180226935088	 
0.0	 0.0	 0.0	 1.0	 
13	 26	  37
0.987867760884214	 -0.07664816706081844	 -0.13506422728400666	 -0.09795628365028822	 
0.06594786694349171	 0.9944482720323015	 -0.08199703102901615	 -0.4120290433807813	 
0.14059930956876152	 0.07209502575203613	 0.9874381709305146	 0.9930901154918262	 
0.0	 0.0	 0.0	 1.0	 
13	 47	  37
0.6712538808803876	 -0.4315412013705021	 0.6026528178999266	 -1.1407261180138044	 
0.6260648956173098	 0.7653465190377264	 -0.14928982642002794	 1.3073807844784582	 
-0.396813525322293	 0.47751114889239804	 0.7839146183129607	 -0.8457109242722495	 
0.0	 0.0	 0.0	 1.0	 
13	 48	  37
0.8496474319643212	 -0.27736604703459394	 0.44851679713120834	 -1.4880101437866575	 
0.37560094698298835	 0.9152891894808804	 -0.14549786336890222	 0.6322740951625486	 
-0.3701664085001722	 0.2920852197079421	 0.8818520592742565	 -0.5343734046785926	 
0.0	 0.0	 0.0	 1.0	 
13	 49	  37
0.9972057923667587	 -0.07000037416728098	 0.026087454583101865	 -1.6937519657604074	 
0.07449888710806014	 0.9576925634523747	 -0.27798357816187663	 0.395097286029716	 
-0.005524806769947346	 0.27915032065978385	 0.9602315215538875	 -0.38958192016146503	 
0.0	 0.0	 0.0	 1.0	 
13	 51	  37
0.20290335234378598	 0.9778124938317531	 0.052086049132006686	 -1.8089197372259798	 
-0.7566407025032293	 0.19032849202633598	 -0.6255157171793533	 2.3273782834073335	 
-0.6215505425330051	 0.08750881115355935	 0.7784710213279727	 0.6973972141567152	 
0.0	 0.0	 0.0	 1.0	 
13	 52	  37
0.8093985130474047	 -0.14836107306499124	 0.5682103827594621	 -1.7790223172969266	 
0.37182407943125984	 0.8783876850476047	 -0.3003030614426135	 0.7911860656925266	 
-0.4545557182917693	 0.4543391538880555	 0.7661299055725079	 -0.6555935059337387	 
0.0	 0.0	 0.0	 1.0	 
14	 15	  37
0.9350370652190723	 0.13869820606561795	 -0.3262951030902609	 0.16090575745904453	 
-0.1306699649262136	 0.9903343277401443	 0.04651106928096757	 -0.03372322763871868	 
0.32959224343525834	 -0.0008526040442770982	 0.9441229931177699	 0.04255570727828743	 
0.0	 0.0	 0.0	 1.0	 
14	 16	  37
0.8796829990861479	 0.2259485945603856	 -0.4184555576581425	 0.0936377834111416	 
-0.24877739962872852	 0.9685606875324707	 -7.716849363112514e-07	 0.44495796010319644	 
0.40529942826602705	 0.10410296433250127	 0.9082372742100033	 -0.3834790573788225	 
0.0	 0.0	 0.0	 1.0	 
14	 23	  37
0.9071236764851887	 0.10966177923006766	 -0.4063261371559681	 -0.16363364067491384	 
-0.10044207050825522	 0.9939685712382131	 0.04402124331138495	 0.08883756690779275	 
0.40870285787110616	 0.0008795264414939505	 0.9126670808138253	 0.12394805533408058	 
0.0	 0.0	 0.0	 1.0	 
14	 24	  37
0.9919017303409147	 0.018173099548456095	 -0.12570081861110569	 -0.23166350251502407	 
-0.019390451175663022	 0.9997761295668895	 -0.00846765324365122	 -0.14652897443721802	 
0.12551879440906225	 0.010836475490323582	 0.9920320574704444	 0.4986819227465891	 
0.0	 0.0	 0.0	 1.0	 
14	 25	  37
0.9598708644612988	 -0.24550981537690533	 0.13554650165871915	 -0.18684079881868867	 
0.16951073987890278	 0.8929614807246476	 0.416996286563503	 -0.1192905204828072	 
-0.22341448615527673	 -0.3772859982766944	 0.8987442588858809	 0.5305484586505227	 
0.0	 0.0	 0.0	 1.0	 
14	 26	  37
0.8128333011949481	 -0.3602079509978358	 0.45776878061578447	 0.09381452065159053	 
0.3216787320310748	 0.9327523137611573	 0.16277565706236743	 -0.1688364565333249	 
-0.48561797518975924	 0.014945006227715803	 0.8740433793362036	 0.7192973330330242	 
0.0	 0.0	 0.0	 1.0	 
14	 49	  37
0.7197470261431608	 -0.25650223092248803	 0.645113031871053	 -2.2358468420415853	 
0.3354904630172344	 0.9420435666121558	 0.0002604402606183468	 -0.16139695255692796	 
-0.6077913849196589	 0.21624181865780312	 0.7640871077835351	 0.5629015519487592	 
0.0	 0.0	 0.0	 1.0	 
14	 51	  37
0.7648180277501931	 -0.12575453838952913	 0.6318537651250805	 -2.451704039900458	 
0.24742247485012886	 0.9628864735931255	 -0.10785062777022779	 -0.18230604009745122	 
-0.5948407378175616	 0.23882092673346614	 0.7675474327928055	 0.5813558444864415	 
0.0	 0.0	 0.0	 1.0	 
15	 16	  37
0.9893507468614238	 0.08514960053355432	 -0.11804509821978755	 -0.19802750415264284	 
-0.08227164425240453	 0.99618642756437	 0.0290513009785111	 0.16760778274267674	 
0.12006863136035562	 -0.01903016199390737	 0.9925831837673541	 -0.35515159747227754	 
0.0	 0.0	 0.0	 1.0	 
15	 22	  37
0.9208663883352437	 0.21481101013006298	 -0.32536337341702454	 -0.37699888491741657	 
-0.14448459875042471	 0.9631301414801307	 0.22694609777740743	 0.3424799196817923	 
0.36211779238023223	 -0.16197703695081483	 0.917951057487436	 -0.5577030741862765	 
0.0	 0.0	 0.0	 1.0	 
15	 23	  37
0.9952899234993068	 -0.01829387464978467	 -0.09520137777912002	 -0.2804632904564257	 
0.019128820282492007	 0.9997860919780942	 0.00786501886648018	 -0.004583296204383395	 
0.09503713177145487	 -0.009649064072121741	 0.9954269632409943	 0.1938032282455743	 
0.0	 0.0	 0.0	 1.0	 
15	 24	  37
0.9685880837003252	 -0.11195555151835296	 0.22204296565744241	 -0.2386611246314142	 
0.12091768250591733	 0.9922913760876916	 -0.027142936454856482	 -0.17116017360670885	 
-0.2172925175221846	 0.05313924563084823	 0.9746590082704075	 0.5650628506440184	 
0.0	 0.0	 0.0	 1.0	 
15	 49	  37
0.951263951770363	 0.024267425355663164	 0.30742151214389535	 -0.594674929374332	 
0.04854557607842288	 0.9726844478758275	 -0.2269984403111835	 -0.06781028809992228	 
-0.3045327915109414	 0.23085938778205056	 0.9241015755681025	 0.7956785684260907	 
0.0	 0.0	 0.0	 1.0	 
15	 50	  37
0.7545401247813047	 -0.06485669959963002	 0.653041199781497	 -2.060061148652698	 
0.33898547494474085	 0.8905864152313345	 -0.3032238196149653	 -0.1893060434899879	 
-0.5619235249315527	 0.45016601995535444	 0.693968663994315	 1.2398853595423862	 
0.0	 0.0	 0.0	 1.0	 
15	 51	  37
0.5101283876186992	 -0.14767679460648436	 0.8473255528309647	 -2.2686488520828676	 
0.3630221656523847	 0.9300684876716359	 -0.056458086092672034	 -0.4438899066793991	 
-0.7797332463032455	 0.3363988296277937	 0.5280642877855427	 1.3302481735983696	 
0.0	 0.0	 0.0	 1.0	 
16	 17	  37
0.9371253061507793	 0.14120855002844196	 -0.31914934743889484	 -0.2664303480032393	 
-0.14042064476229973	 0.9897608624740274	 0.025602297537713144	 0.12486066309021666	 
0.3194967966918409	 0.020822596224643768	 0.9473585469029759	 -0.3149252590030262	 
0.0	 0.0	 0.0	 1.0	 
16	 22	  37
0.967875891579179	 0.10618174322250323	 -0.22790720898216413	 -0.23083912409788268	 
-0.06162207153885051	 0.9789827563521465	 0.19441060430031692	 0.12891257324298433	 
0.2437600845074316	 -0.17412122263349783	 0.9540769471219537	 -0.15174939511946464	 
0.0	 0.0	 0.0	 1.0	 
16	 23	  37
0.995149445567652	 -0.09067665077071836	 0.0381487351218883	 -0.026014734448105595	 
0.09022393871674496	 0.9958309560725674	 0.013429363724050077	 -0.25831289336133334	 
-0.03920742109386785	 -0.009922294724556283	 0.9991818283968973	 0.5349182251786839	 
0.0	 0.0	 0.0	 1.0	 
16	 24	  37
0.9233850210330535	 -0.17017169613309174	 0.34409547623729886	 0.07866437620943036	 
0.19178050921625228	 0.9809944792270804	 -0.02949691527507261	 -0.3764354119446462	 
-0.33253622241275	 0.09322781538348122	 0.9384712223730047	 0.9102699616366066	 
0.0	 0.0	 0.0	 1.0	 
16	 48	  37
-0.26787598209647234	 -0.30740929686122065	 0.9130947280644762	 -1.78875731301986	 
0.4778758457240144	 0.7805405705314529	 0.4029777832933122	 -0.6269120114377127	 
-0.8365865970055988	 0.5442939848627062	 -0.062184594176273054	 1.8712486472128176	 
0.0	 0.0	 0.0	 1.0	 
16	 49	  37
0.2562638142420377	 -0.1333347059961264	 0.9573665513725919	 -1.8097753137373522	 
0.4795755398247099	 0.8774789622748501	 -0.006162172254193745	 -0.422845996364977	 
-0.8392473765892642	 0.4607087224505071	 0.28881016939515985	 2.0759113728587666	 
0.0	 0.0	 0.0	 1.0	 
16	 51	  37
0.3597295331114794	 -0.1845038893515166	 0.9146327010453769	 -1.8077468825827303	 
0.3997052331972323	 0.9162275294235157	 0.027619574240502338	 -0.9038107814159886	 
-0.843107578878368	 0.3556479005148827	 0.4033412715024496	 1.9547053091742916	 
0.0	 0.0	 0.0	 1.0	 
17	 21	  37
0.943398561714586	 0.17974058601946036	 -0.27873369995791625	 -0.2559272743560554	 
-0.16903960763913836	 0.9836464007850725	 0.06217209399543776	 0.02753891294160779	 
0.2853502493499078	 -0.011536028777388331	 0.9583538778739265	 -0.10696080744974217	 
0.0	 0.0	 0.0	 1.0	 
17	 22	  37
0.993964845834073	 -0.05319398651207403	 0.09593896520705553	 0.028396259293807426	 
0.0328747731957272	 0.9788104053888624	 0.20211244293664782	 -0.04872848288849971	 
-0.10465722399040057	 -0.1977386914628575	 0.9746518739350883	 0.12040614204753045	 
0.0	 0.0	 0.0	 1.0	 
18	 19	  37
0.7806234557066262	 0.16778190186840342	 -0.602060008475955	 -0.2472713915219338	 
-0.21880956873930857	 0.9756962416899146	 -0.011799007597847936	 -0.13541240303733726	 
0.5854480276068607	 0.1409470728947492	 0.7983636574980346	 0.05417938726782279	 
0.0	 0.0	 0.0	 1.0	 
18	 20	  37
0.9900162244246044	 0.0433331344890955	 -0.13412723374244206	 -0.1399530100887684	 
-0.06684811553005342	 0.9820949585484453	 -0.17612728875392442	 -0.11107861984289867	 
0.12409353257172719	 0.1833350262472436	 0.9751866812691773	 0.09624218336019653	 
0.0	 0.0	 0.0	 1.0	 
18	 36	  37
0.5818410411182355	 0.14584318233096322	 -0.8001192217651215	 1.1553084199004406	 
-0.2126683869468637	 0.9768440814470382	 0.023405079263051975	 -0.11431517616959558	 
0.7850051974757015	 0.1565420285720998	 0.5993842116928552	 1.2787445099293222	 
0.0	 0.0	 0.0	 1.0	 
18	 45	  37
-0.7503477348839995	 0.42357054785466736	 -0.5075098696030915	 0.6723367194035564	 
0.23231831424672647	 0.8877372012877509	 0.3974303238497901	 -0.9430649520775276	 
0.6188751712744739	 0.1803071059051382	 -0.7645147938006844	 3.7539392892678376	 
0.0	 0.0	 0.0	 1.0	 
19	 20	  37
0.8527405086154348	 -0.11652492609584514	 0.5091714510502797	 0.12365006151485465	 
