0	 1	  37
0.9867332636306925	 0.11893786350510306	 0.11050452963369135	 -0.335735032798068	 
-0.11675727076723336	 0.9928195178187029	 -0.02602200532675555	 0.09621504989044133	 
-0.11280605554538661	 0.012774570954838206	 0.9935349033472402	 -0.16774196903291158	 
0.0	 0.0	 0.0	 1.0	 
0	 2	  37
0.997208695819736	 0.008836241007329661	 -0.07413998803858063	 -0.49500735053243194	 
0.009100695312148526	 0.9711841860706449	 0.23815636475041782	 -0.02729486068729242	 
0.07410799097490038	 -0.23816632333551901	 0.9683928996551474	 -0.42274539094696956	 
0.0	 0.0	 0.0	 1.0	 
0	 3	  37
0.9915210137945258	 0.12492738586522564	 -0.03576628950223421	 -0.5044114403838856	 
-0.12923048197690049	 0.9768253396705033	 -0.17062162320651253	 0.1280056908166474	 
0.013622104532503117	 0.17379701964788813	 0.9846872773777559	 -0.16874926052249803	 
0.0	 0.0	 0.0	 1.0	 
0	 10	  37
0.8871135528091377	 -0.036375616899429614	 0.46011559299542826	 -0.5437490578128323	 
-0.06599825460396348	 0.9766480067477886	 0.20445757825231495	 -0.264825262484895	 
-0.45680824731125347	 -0.21174391469592918	 0.8639969558844885	 -0.3479925965736659	 
0.0	 0.0	 0.0	 1.0	 
0	 19	  37
0.08214997276872059	 -0.29930376966133077	 0.9506148723014038	 -1.6773083355240699	 
0.16958451608116798	 0.9441266051326348	 0.2826058127255021	 -0.9218106143077297	 
-0.9820857772514645	 0.13799350327911292	 0.12831725984115638	 2.206043940992677	 
0.0	 0.0	 0.0	 1.0	 
0	 35	  37
0.9260627595358182	 -0.08045543444607027	 0.368693217280979	 -2.0032716475584693	 
0.05924143585929844	 0.9958891793428616	 0.06852149111870169	 0.03955178930846115	 
-0.3726905119240816	 -0.041613285569584664	 0.9270221770733807	 -0.11345733223740447	 
0.0	 0.0	 0.0	 1.0	 
0	 36	  37
0.3321943587739914	 -0.20796291850873025	 0.9199990937626332	 -1.6503937319418587	 
0.15983230422666284	 0.973695856217078	 0.16238846668186013	 -0.02625617326894392	 
-0.9295700847834606	 0.09310104248085069	 0.356695463055877	 0.5325300975617746	 
0.0	 0.0	 0.0	 1.0	 
0	 43	  37
0.9976698467761114	 0.03195323334700277	 0.0602815702549561	 0.3870690903477556	 
-0.06165179161787759	 0.8006528029485458	 0.5959481065671262	 -0.4210306187857553	 
-0.0292221392789265	 -0.5982759229730956	 0.8007571333223664	 -0.6467324945436168	 
0.0	 0.0	 0.0	 1.0	 
0	 44	  37
0.9778988041668379	 -0.17041497406544673	 0.12113077818350501	 0.4069882606209853	 
0.1253810265718876	 0.9416057210128628	 0.3125032229139815	 -0.34696768491312663	 
-0.16731266235658318	 -0.2904090266677661	 0.9421619129666785	 -0.7018772096584174	 
0.0	 0.0	 0.0	 1.0	 
0	 45	  37
0.9988083327452554	 0.04874569257681309	 0.0024024766075545624	 0.2790614946773031	 
-0.04842767259536949	 0.9837792407954421	 0.17272280077320026	 -0.11630946692665577	 
0.0060559859344876685	 -0.17263331901793985	 0.9849675437288328	 -0.6562111363360316	 
0.0	 0.0	 0.0	 1.0	 
0	 54	  37
0.8844971377251003	 0.2613944892107634	 -0.3864424075672191	 0.12161618840998391	 
-0.17863216771764895	 0.9549287381128659	 0.23706887982749442	 0.015069343802336712	 
0.43099345936173805	 -0.14065570068935546	 0.8913251998294384	 -0.27045043040578937	 
0.0	 0.0	 0.0	 1.0	 
1	 2	  37
0.9714231252790534	 -0.05021476664378755	 -0.23198187188654873	 -0.076753857095253	 
0.11113380173846668	 0.9598377130766336	 0.25760598336795887	 -0.14923630644928512	 
0.20972932504595554	 -0.27602543681104447	 0.9379891089181365	 -0.2414728953820334	 
0.0	 0.0	 0.0	 1.0	 
1	 3	  37
0.9937906898016409	 -0.01905784799358237	 -0.10962145453072622	 -0.2249062462833805	 
0.006505198930564314	 0.99348862087915	 -0.11374551670513625	 -0.0703086778402754	 
0.11107541244781559	 0.11232612613946096	 0.987443716945958	 0.012957031832396581	 
0.0	 0.0	 0.0	 1.0	 
1	 10	  37
0.9350552454776463	 -0.15064661587394262	 0.3209007401525698	 -0.12929113648720608	 
0.05228170564712928	 0.9539186555791677	 0.29547558578105965	 -0.41853037903715046	 
-0.3506255996919866	 -0.25950875835655773	 0.8998427046861424	 -0.20710402614399367	 
0.0	 0.0	 0.0	 1.0	 
1	 11	  37
0.9331302091627198	 0.2731263188615093	 -0.23381622418706946	 -0.5409087902264851	 
-0.1639795653254714	 0.902045612822057	 0.3992798699460677	 -0.4761879093569841	 
0.31996674030843597	 -0.3342390257489995	 0.8865131464128172	 0.10742106889127269	 
0.0	 0.0	 0.0	 1.0	 
1	 35	  37
0.9472631790985105	 -0.12654867225276095	 0.2944111123501382	 -1.7749300733819562	 
0.08512127928774081	 0.9850835460404547	 0.14954857114924655	 -0.21917713378409584	 
-0.30894471566382375	 -0.11660120441670463	 0.9439053563742352	 -0.070488911503419	 
0.0	 0.0	 0.0	 1.0	 
1	 43	  37
0.9857805459420371	 0.09114224907670453	 -0.1411729636844762	 1.0337374296956128	 
0.021882455529864796	 0.7633444256894435	 0.6456209769739807	 -0.5486101743742074	 
0.1666069427791106	 -0.639529810252887	 0.7504956684856385	 -0.33910037047994374	 
0.0	 0.0	 0.0	 1.0	 
1	 44	  37
0.9652411685305716	 -0.2608813371459696	 0.015824490597432007	 0.7343814252037776	 
0.23756500693326352	 0.9009919200967084	 0.3630102304360645	 -0.4041858105586277	 
-0.1089603324817597	 -0.34663307379616454	 0.9316507704585917	 -0.4254726809367339	 
0.0	 0.0	 0.0	 1.0	 
1	 45	  37
0.9874519598597432	 -0.013792957739410373	 -0.15731618253042892	 0.7441175800925143	 
0.05154480792799879	 0.9697703242958343	 0.23851341868082707	 -0.26136205810562274	 
0.1492707598453704	 -0.24362937514172797	 0.9583125626971792	 -0.37088007452580707	 
0.0	 0.0	 0.0	 1.0	 
1	 54	  37
0.8192267640486428	 0.16666498344237846	 -0.5487169510417379	 0.5955867126521187	 
-0.044060522257943095	 0.9723012019494747	 0.22954093984726423	 -0.08173962967452092	 
0.5717745879669252	 -0.16386932593307293	 0.8038785135662565	 -0.005683170037667953	 
0.0	 0.0	 0.0	 1.0	 
2	 3	  37
0.9900582728036197	 0.12942263997452244	 0.055085358446127476	 -0.022760662552745062	 
-0.10099606414878372	 0.9266838314709862	 -0.3620177779014545	 -0.005423459207930209	 
-0.09790000755652607	 0.3528552915180347	 0.9305421708703773	 0.27860932710450437	 
0.0	 0.0	 0.0	 1.0	 
2	 10	  37
0.8617347474956627	 -0.09212410487728936	 0.49892521910517057	 0.04993603183688713	 
0.11189889060123225	 0.9936713396877835	 -0.009793210163051827	 -0.1839374083514347	 
-0.49486550015211	 0.06426832799787452	 0.8665897061329298	 -0.015883681798522276	 
0.0	 0.0	 0.0	 1.0	 
2	 11	  37
0.934083035156735	 0.33274498595427204	 -0.12949771331832033	 -0.18477607994203113	 
-0.31644060035553717	 0.9394633647928412	 0.1314303338607254	 -0.3739013043043947	 
0.1653911420814602	 -0.08178851101717026	 0.9828308143249196	 0.4164198003531107	 
0.0	 0.0	 0.0	 1.0	 
2	 34	  37
0.9575104806533005	 -0.0392306462148239	 0.2857177555502149	 -1.6570383423537136	 
0.03141693254376041	 0.9989977514252345	 0.03188211092235994	 0.3901665566696586	 
-0.2866821511511062	 -0.02155107990083498	 0.9577833237045222	 0.05350629450851394	 
0.0	 0.0	 0.0	 1.0	 
2	 35	  37
0.9066720967083877	 -0.012160002678792008	 0.4216608155677605	 -1.4670606627734444	 
0.07866827243404909	 0.9869226762606722	 -0.1406944703771789	 0.038232310293405194	 
-0.41443577543771387	 0.160735078366001	 0.8957718585778505	 0.3939636391980281	 
0.0	 0.0	 0.0	 1.0	 
2	 43	  37
0.9901148013097613	 -0.07163204888967255	 0.12058826559495202	 0.8268182096851455	 
0.015070069009023945	 0.9091057735275331	 0.4162926681542307	 -0.3255307692872055	 
-0.13944738522967837	 -0.4103602589320421	 0.9011985822457957	 -0.4158542888282948	 
0.0	 0.0	 0.0	 1.0	 
2	 44	  37
0.9559227332957947	 -0.22473344055046035	 0.18896192385412036	 0.8936077600749005	 
0.20425703022400443	 0.9713008806866057	 0.12187561192253814	 -0.28994188774888796	 
-0.21092840864228685	 -0.07790686667923287	 0.9743919778774127	 -0.44329824442587223	 
0.0	 0.0	 0.0	 1.0	 
2	 45	  37
0.9979351108114475	 0.061894719129416215	 0.017162702398942804	 0.9242359520615863	 
-0.06090375025781184	 0.996722378399348	 -0.05324691167082854	 -0.06904964996516137	 
-0.020402152197209162	 0.052091689757941664	 0.9984338776523376	 -0.27297704740398804	 
0.0	 0.0	 0.0	 1.0	 
2	 46	  37
0.839684211293753	 0.30651046050633673	 -0.44830989605872096	 0.5634801067172145	 
-0.3158254369325548	 0.9471611994760912	 0.0560353066679644	 -0.11790484476566185	 
0.4417971465393915	 0.09453570651984058	 0.8921201048639387	 0.14280347757206946	 
0.0	 0.0	 0.0	 1.0	 
2	 53	  37
0.7920089284152655	 0.2621799158087321	 -0.5513470314212537	 0.3454103758481342	 
-0.2989204606183138	 0.9539701388985447	 0.024239065857136362	 -0.04485491713595313	 
0.53232360039194	 0.14561135201768347	 0.8339238086476152	 0.07441430378279348	 
0.0	 0.0	 0.0	 1.0	 
2	 54	  37
0.9122551671236602	 0.24109446045632318	 -0.3311555090791289	 0.6625463639733099	 
-0.24855226469604186	 0.968405011241084	 0.020334844912720043	 -0.021107887423850363	 
0.32559527295501606	 0.0637588844039009	 0.9433570495252145	 0.09875993203303694	 
0.0	 0.0	 0.0	 1.0	 
3	 10	  37
0.8770910654021845	 -0.17579173237382473	 0.4469994740720292	 0.016113781219497907	 
0.0025947678155899905	 0.9323410129179024	 0.36157088213959254	 -0.2885268982285829	 
-0.4803171141773359	 -0.3159707303853152	 0.8182041110677255	 -0.15603016820574317	 
0.0	 0.0	 0.0	 1.0	 
3	 35	  37
0.9265833810307165	 -0.07116399127494502	 0.3692951723804508	 -1.4796067460389912	 
-0.007817138520858047	 0.9780781326285628	 0.2080914674348011	 0.022770792980172882	 
-0.376008151963535	 -0.19570092697696323	 0.9057146442656896	 0.0396152691614528	 
0.0	 0.0	 0.0	 1.0	 
3	 45	  37
0.9995590747137226	 -0.02968707118986074	 -0.0005778941201777879	 0.8354348196026501	 
0.027799355628317323	 0.9288068385235891	 0.3695200299557059	 -0.33329272217153805	 
-0.010433215424610752	 -0.36937316431487477	 0.9292225855519872	 -0.43566869604322295	 
0.0	 0.0	 0.0	 1.0	 
3	 54	  37
0.927342266978694	 0.18225861286895514	 -0.32683041154381626	 0.44887127718991293	 
-0.059590399754041866	 0.9341554793909407	 0.3518558292554423	 -0.04520224652840468	 
0.3694391751452048	 -0.3068148274757364	 0.8771427235684426	 -0.1821000193939573	 
0.0	 0.0	 0.0	 1.0	 
4	 5	  37
0.9213502501518394	 -0.0643328964324225	 0.3833731797892996	 0.23648003523257244	 
0.07927726917855545	 0.9965804705736463	 -0.023291205696589105	 0.04704263325462446	 
-0.38056383319587056	 0.051852136964885595	 0.9232998022069757	 0.10023860189668503	 
0.0	 0.0	 0.0	 1.0	 
4	 6	  37
-0.5647408909346607	 -0.4250131523504628	 0.7074118647827778	 -0.9453787726357229	 
-0.8150182395328609	 0.15254877038937323	 -0.5589938656921428	 0.9333328079142907	 
0.12966493487092257	 -0.892240266397909	 -0.43254399970766777	 2.445970984917986	 
0.0	 0.0	 0.0	 1.0	 
4	 9	  37
0.9654496618709028	 0.23839198933086175	 -0.1052435737526716	 0.6843457588281001	 
-0.16628049501268688	 0.8745317803211475	 0.45557102869548277	 -0.32203276684035104	 
0.20064333373350704	 -0.42233094207173466	 0.883956349599405	 -0.20800178458263463	 
0.0	 0.0	 0.0	 1.0	 
4	 10	  37
0.8078335642150356	 0.258026081098109	 -0.5299315748290375	 0.624686302973036	 
-0.03775948529165583	 0.9198959227575466	 0.3903405084852855	 -0.39279534281569417	 
0.5881999267240186	 -0.2953202207218361	 0.7528657340021958	 -0.15859470290385214	 
0.0	 0.0	 0.0	 1.0	 
4	 18	  37
-0.8844699651535367	 -0.4441108836310748	 0.14310277349418596	 -2.058058329881146	 
0.3963390684483374	 -0.8769301060581026	 -0.27186197216681374	 0.6523150890820929	 
0.24622799102215512	 -0.18373652910989424	 0.9516368342534048	 -0.5642668068855279	 
0.0	 0.0	 0.0	 1.0	 
4	 19	  37
0.9708300137155914	 -0.17473093816063423	 0.1641894750539416	 -1.7407128589017558	 
0.17576944896970242	 0.9843963956266156	 0.008296811810255598	 0.9108227890739065	 
-0.16307723715427447	 0.0208046996333099	 0.9863939269862202	 -0.2978713361030501	 
0.0	 0.0	 0.0	 1.0	 
4	 20	  37
0.5537547145971186	 -0.0013017419347877601	 0.8326788225536893	 -2.427653383722983	 
-0.1685977702798372	 0.9791107246267017	 0.11365289603719547	 -0.43379883034085737	 
-0.8154327120726337	 -0.20332361985000547	 0.5419677090869527	 -0.07113646314457893	 
0.0	 0.0	 0.0	 1.0	 
4	 36	  37
0.9961726160593836	 0.08158360027234036	 0.03137252269115598	 -0.29973322498167154	 
-0.0867102350248044	 0.9676292341182096	 0.23701265877954758	 0.030186857283954587	 
-0.011020624090644271	 -0.2388258391514833	 0.9709998786808587	 -0.8280056551092281	 
0.0	 0.0	 0.0	 1.0	 
4	 37	  37
0.6246672400442095	 -0.24671524518913834	 0.7408929929529728	 -0.5299771619439891	 
0.22411965049195	 0.9655056186096674	 0.13254917086323237	 0.2516473703405911	 
-0.7480382486737672	 0.08324955389927152	 0.6584134645469031	 -0.09970821086456652	 
0.0	 0.0	 0.0	 1.0	 
5	 6	  37
0.9997308948949698	 -0.014248278519839003	 0.01830640193278565	 0.38054262656755916	 
0.012290351501097481	 0.9946116425996777	 0.10293992260125083	 0.02270789982187443	 
-0.01967447718449141	 -0.10268722882809331	 0.9945191038804256	 -0.30664031670390457	 
0.0	 0.0	 0.0	 1.0	 
5	 7	  37
0.9995947336872092	 0.02444617476091896	 -0.01458605239108507	 0.7968977515245512	 
-0.018546119395140843	 0.947971290035992	 0.3178151581074717	 0.017989993960560648	 
0.021596523798473762	 -0.31741584366104764	 0.9480404908825185	 -0.31719410690794636	 
0.0	 0.0	 0.0	 1.0	 
5	 8	  37
0.9771082485669533	 0.1262837588560066	 -0.17120713428948647	 0.6623004557571613	 
-0.03221517669102754	 0.8833107816757887	 0.46767963967450227	 -0.15947887964810822	 
0.210289450456237	 -0.4514581655308763	 0.86715850442829	 -0.20663782907000725	 
0.0	 0.0	 0.0	 1.0	 
5	 9	  37
0.8093201402683938	 0.44436424283394615	 -0.38411109102258445	 0.44926804607550885	 
-0.26388361077088623	 0.859316334559168	 0.4381105763689289	 -0.2679929274986093	 
0.524753609346773	 -0.25321109148378446	 0.8127224573168409	 -0.1702467560520336	 
0.0	 0.0	 0.0	 1.0	 
5	 37	  37
0.9610159167592942	 -0.09601540163369421	 0.2592864253762878	 -0.24125057490083485	 
0.04209167277291934	 0.9776422826185184	 0.20601907270840175	 0.05561389924769646	 
-0.2732703767671683	 -0.18707380865736595	 0.9435712433600106	 -0.3865624729351313	 
0.0	 0.0	 0.0	 1.0	 
5	 38	  37
0.9541031916636877	 -0.11557170029654854	 0.2762793545448693	 0.23864382637418025	 
0.013974846546848503	 0.938712895355776	 0.3444166136480196	 -0.12389355515470588	 
-0.2991518064815203	 -0.32474802875974784	 0.8972440662916088	 0.14660158911551807	 
0.0	 0.0	 0.0	 1.0	 
5	 39	  37
0.9341940219027812	 0.18963663242356643	 -0.30219112674623083	 0.6884426636779095	 
-0.09359907445967179	 0.9476365558641714	 0.30532633566429096	 -0.0290527037733622	 
0.3442684166481157	 -0.25694922773368983	 0.903026218703344	 0.3478119473529539	 
0.0	 0.0	 0.0	 1.0	 
5	 40	  37
0.8974530982688866	 0.41177694849092356	 -0.1581697856705832	 0.8792114670198306	 
-0.21318303154345902	 0.7188023179665401	 0.6617221643166178	 -0.3926626709460281	 
0.3861747421433926	 -0.5601454921513074	 0.7328752255009392	 0.4300521244832143	 
0.0	 0.0	 0.0	 1.0	 
5	 41	  37
0.8722283649724907	 0.45664831767689856	 -0.17518559672607986	 0.924581569746167	 
-0.4781314858746964	 0.871523280176073	 -0.10880006583817799	 0.4791936245231175	 
0.1029949588701768	 0.17866025320141882	 0.9785052643564742	 0.02929353157030116	 
0.0	 0.0	 0.0	 1.0	 
6	 7	  37
0.9875561276487865	 0.1559422341817809	 -0.020369446279339804	 0.42106211141470035	 
-0.14802990658015408	 0.9654575087381547	 0.21442701690548577	 -0.057849703015910324	 
0.053104062944402994	 -0.20874342724864253	 0.976527593096727	 0.036907129247059633	 
0.0	 0.0	 0.0	 1.0	 
6	 8	  37
0.9561394059174336	 0.221645707678622	 -0.19149573551256677	 0.33392255704781404	 
-0.11551791646255213	 0.8861121081631779	 0.4488440071369546	 -0.3942878300645381	 
0.2691710374984777	 -0.4070362539556526	 0.8728507550192884	 0.15967112469959513	 
0.0	 0.0	 0.0	 1.0	 
6	 9	  37
0.7967036370309237	 0.38770322717181377	 -0.4636264901645063	 0.16708071522432758	 
-0.20561109837009015	 0.8952396675031251	 0.39531002258472847	 -0.3665017460961575	 
0.5683197963899758	 -0.21961818087183568	 0.7929567854945199	 0.19904077664551534	 
0.0	 0.0	 0.0	 1.0	 
6	 37	  37
0.9459425129894209	 0.02961460937415424	 0.32297946843549596	 -0.731593171722202	 
-0.07156664458205829	 0.990335851135369	 0.11879864199244426	 0.04011707922646235	 
-0.3163399713955297	 -0.13549124277088848	 0.9389202019500248	 -0.03571710626420752	 
0.0	 0.0	 0.0	 1.0	 
6	 38	  37
0.9764802168890234	 -0.03081861186285014	 0.21339306265015479	 -0.057425809057937094	 
-0.009675554703107174	 0.9824708041977176	 0.1861652559965943	 -0.17148782330980503	 
-0.2153898086390187	 -0.1838513858036901	 0.9590651168051675	 0.4004170856021307	 
0.0	 0.0	 0.0	 1.0	 
6	 39	  37
0.9248986247253215	 0.20074807849362047	 -0.32289741863682914	 0.3225827697770329	 
-0.13098808230531164	 0.9654997643321637	 0.2250607192926209	 -0.15903090220171628	 
0.356937888539708	 -0.1658626361048629	 0.919285010031796	 0.6594842375794927	 
0.0	 0.0	 0.0	 1.0	 
6	 40	  37
0.8920855370902848	 0.35773904671419277	 -0.27605464852155653	 0.6367538104362632	 
-0.15127397161637682	 0.8121069159515668	 0.5635588190908225	 -0.4749378842753357	 
0.4257928839538619	 -0.46098278874558374	 0.7785854406901007	 0.7366081971744783	 
0.0	 0.0	 0.0	 1.0	 
6	 41	  37
0.9495924821436684	 0.3114815530814114	 -0.03540282398651641	 0.214756186959101	 
-0.22102174005868216	 0.7453078631793755	 0.6290195382533252	 -0.5934375783108483	 
0.2223139857896037	 -0.5894874308863478	 0.7765829386159308	 0.6817758165895137	 
0.0	 0.0	 0.0	 1.0	 
7	 8	  37
0.9641908202495677	 0.04892406674718177	 -0.2606578175297709	 0.042707910578825815	 
0.0001737139279360171	 0.982720809698752	 0.18509397615400844	 -0.29722078102233834	 
0.2652094115410258	 -0.17851119258451745	 0.9475218847879534	 0.04908626687740776	 
0.0	 0.0	 0.0	 1.0	 
7	 37	  37
0.947839216251889	 -0.17049719510219666	 0.2693167774151616	 -0.9949201087888214	 
0.20034747622027468	 0.9758241389160429	 -0.08733921616850272	 0.033764960424446155	 
-0.24791472103763965	 0.13674047086011284	 0.9590830697712182	 -0.0771327683673851	 
0.0	 0.0	 0.0	 1.0	 
7	 38	  37
0.958332250801522	 -0.17426938702062855	 0.2263392980044398	 -0.4307481877612626	 
0.18243289534525628	 0.9830961584383794	 -0.015497804994508828	 -0.21409510890428862	 
-0.21981250139524602	 0.056143779808233464	 0.9739252231147981	 0.32937644301538893	 
0.0	 0.0	 0.0	 1.0	 
7	 39	  37
0.9397261610949678	 0.14651647012800115	 -0.3089460569985398	 -0.05240930514965712	 
-0.14754028098143943	 0.9888501020074307	 0.02018269674278764	 -0.31550907791758337	 
0.30845843746221674	 0.02661577992702861	 0.950865391428904	 0.610182289156346	 
0.0	 0.0	 0.0	 1.0	 
7	 40	  37
0.9245930057002069	 0.18973648472831012	 -0.33034503200926113	 0.3394098886199208	 
-0.0874211059999633	 0.9496795469048595	 0.30077617661032136	 -0.467818838755147	 
0.37079013476089	 -0.2492164211153107	 0.8946540400682693	 0.5393855109333136	 
0.0	 0.0	 0.0	 1.0	 
7	 41	  37
0.9164659022636213	 0.3846352725763306	 -0.11020869783396273	 -0.0768201966926754	 
-0.2756998573901943	 0.8066843566661753	 0.522733141617312	 -0.772596331278354	 
0.28996523692186355	 -0.44868257799942496	 0.8453425965705483	 0.57192136769425	 
0.0	 0.0	 0.0	 1.0	 
8	 9	  37
0.8967140650966474	 0.36558994465009875	 -0.24949524610417656	 -0.16648503677033674	 
-0.3876010422374224	 0.9207841690791082	 -0.04384000490146046	 -0.10229683120137106	 
0.21370380790783647	 0.13601656643230645	 0.9673831589094654	 0.011170123239642265	 
0.0	 0.0	 0.0	 1.0	 
8	 36	  37
0.5001592579272127	 0.5701409646228174	 -0.6517514842090212	 2.4850868531161923	 
0.853680519340688	 -0.1984834073711328	 0.4814913373016769	 -0.5814054622086801	 
0.14515608016170883	 -0.7972098954838097	 -0.5859915485182183	 3.5261060886970204	 
0.0	 0.0	 0.0	 1.0	 
8	 37	  37
0.8607772401943612	 -0.1800166903479844	 0.4760845869796008	 -0.997350749750156	 
0.3329875759467978	 0.9065907737342143	 -0.25925362725538487	 0.2787472303187499	 
-0.3849439141335454	 0.38168987434323753	 0.8403160255495482	 0.1024126543821057	 
0.0	 0.0	 0.0	 1.0	 
8	 38	  37
0.8746967051443526	 -0.1846116744062045	 0.44813413581488126	 -0.36209016495514496	 
0.2933478981790895	 0.9376791588419517	 -0.18629225884979797	 0.024010502523791964	 
-0.38581431368408714	 0.29440843185341503	 0.8743403173879658	 0.3857448603665008	 
0.0	 0.0	 0.0	 1.0	 
8	 39	  37
0.9942893546726597	 0.06945111396647871	 -0.08102605724975796	 0.10821916606691655	 
-0.08417650866218612	 0.9770975620592679	 -0.19543456605032875	 -0.07652657337556468	 
0.0655972146822624	 0.20113899916885974	 0.9773638567285361	 0.5207606712353497	 
0.0	 0.0	 0.0	 1.0	 
8	 40	  37
0.988393488465422	 0.12882602700434237	 -0.08051190424670145	 0.4113911481017731	 
-0.12276941924112462	 0.9895101731201184	 0.07613991719846812	 -0.17257980129569112	 
0.08947615133850179	 -0.06537179864489774	 0.9938413084006825	 0.34522081783393144	 
0.0	 0.0	 0.0	 1.0	 
8	 41	  37
0.9911087897418476	 0.12295534094858362	 -0.05084634724999419	 0.2934925408946484	 
-0.1033203517995812	 0.9519957361967858	 0.28814757185711287	 -0.48292523281884425	 
0.08383478872437317	 -0.2803321287247623	 0.9562351310238407	 0.3635682712378748	 
0.0	 0.0	 0.0	 1.0	 
8	 42	  37
0.5817486840900631	 0.7012460358083457	 -0.4120952145106297	 0.22699077784517938	 
-0.5267341003741758	 0.7108659163426119	 0.4660695618525064	 -0.4810198170899344	 
0.6197738749435062	 -0.054070752218368094	 0.7829155112092568	 0.42752191774006687	 
0.0	 0.0	 0.0	 1.0	 
9	 10	  37
0.9180217939992277	 0.15043383176977737	 -0.3668864238446297	 -0.16663922141424953	 
-0.20251096012286904	 0.9733482763000508	 -0.10762176384836462	 -0.03763509084032188	 
0.34091831392952876	 0.17309764667025906	 0.9240194305016884	 -0.02518167834549567	 
0.0	 0.0	 0.0	 1.0	 
9	 20	  37
0.3994466798622057	 -0.08270433168488653	 0.9130182602049184	 -3.055624353818928	 
0.45410750199095984	 0.883006113974014	 -0.11868689615977479	 -0.25835169213560855	 
-0.7963847855042124	 0.46201752802796026	 0.3902705179902041	 0.5275884212133386	 
0.0	 0.0	 0.0	 1.0	 
9	 36	  37
0.9659546823126759	 -0.23267716366958024	 0.11310565514109597	 -0.8821954091608105	 
0.24093346798930904	 0.9683188776347315	 -0.06564765966017146	 -0.10934156274870872	 
-0.09424762978909249	 0.0906636019739582	 0.9914118697878522	 -0.3916620308050621	 
0.0	 0.0	 0.0	 1.0	 
9	 43	  37
0.6880609944680411	 0.537144998304481	 -0.48790093122285605	 0.5795287693800855	 
-0.30921009831903784	 0.8252923892196493	 0.4725268112960946	 -0.537880467350303	 
0.656476338483865	 -0.17426337277983356	 0.7339421597906852	 0.32740049509564795	 
0.0	 0.0	 0.0	 1.0	 
9	 44	  37
0.8172830244435838	 0.17629888528142756	 -0.5486047402318673	 0.5347768472172414	 
-0.16369856225992524	 0.9838573506011575	 0.07230141341706305	 -0.3154561018477335	 
0.5524954648414611	 0.03071508939589322	 0.8329497851689623	 0.2605875752495872	 
0.0	 0.0	 0.0	 1.0	 
9	 45	  37
0.7018177657539895	 0.19200979094525925	 -0.685991300129409	 0.48948390383953233	 
-0.3147216133723018	 0.9474841805752959	 -0.05678057445901861	 -0.040444623896180865	 
0.6390634786532666	 0.2557459046411463	 0.725390861888174	 0.3232646017849235	 
0.0	 0.0	 0.0	 1.0	 
10	 18	  37
-0.22396000619666992	 -0.33664263765128805	 0.9146112016258993	 -2.4932228106923655	 
0.4187310494543662	 0.8141807925365846	 0.4022113191934616	 -0.6147289006249238	 
-0.8800603523891034	 0.4730553578384699	 -0.0413812103868933	 1.6070210824748241	 
0.0	 0.0	 0.0	 1.0	 
10	 19	  37
0.44729782808673535	 -0.2500730351172568	 0.8587130662195221	 -2.3222936933714733	 
0.35538023486680015	 0.9307626959704822	 0.0859400515230074	 -0.8781678660785962	 
-0.820749378102053	 0.26672885276438096	 0.5051991463255754	 1.771720681280536	 
0.0	 0.0	 0.0	 1.0	 
10	 20	  37
-0.05122913872673707	 -0.12110771862898334	 0.9913165467366106	 -2.383691692944195	 
0.3712926239629031	 0.9191598247355112	 0.13148005165394924	 -0.634062779810939	 
-0.9271015924568664	 0.3748041316216591	 -0.0021213635415025527	 1.672947691282765	 
0.0	 0.0	 0.0	 1.0	 
10	 35	  37
0.9945932246645143	 0.0011817171034389593	 -0.10384084454650186	 -1.454955839949692	 
-0.014674934222688635	 0.9915003224305728	 -0.12927396074085892	 0.3789359322239294	 
0.10280546559888337	 0.1300988630417534	 0.9861568445628911	 -0.39842176324457845	 
0.0	 0.0	 0.0	 1.0	 
10	 36	  37
0.6954462589393531	 -0.264583787189717	 0.6680942452106621	 -1.442526664002332	 
0.3365874519975263	 0.941384631828197	 0.022446873178744848	 0.11283759566337691	 
-0.6348727337703761	 0.2092615457126229	 0.7437380031979627	 0.36858407377359076	 
0.0	 0.0	 0.0	 1.0	 
10	 43	  37
0.9176039471683245	 0.274570634705669	 -0.2874264474581901	 0.8809323837908147	 
-0.13082349451386424	 0.89141563786936	 0.43389327471757644	 -0.2024196127393565	 
0.37535078183519294	 -0.3605400492584525	 0.8538867977995803	 0.03821779892990929	 
0.0	 0.0	 0.0	 1.0	 
10	 44	  37
0.9436859998294042	 -0.049732117974367065	 -0.32708324654094056	 0.955596583647542	 
0.08596586733081374	 0.9915389897341523	 0.09726408119669702	 -0.07602138862354114	 
0.31947864307342827	 -0.11990474668986352	 0.9399767275529756	 0.08476972306499395	 
0.0	 0.0	 0.0	 1.0	 
10	 45	  37
0.8990610250873006	 0.07777801048833471	 -0.4308594367696372	 0.7895833985632872	 
-0.10087102446647996	 0.9944172423118623	 -0.030973934460351894	 0.14205785101230906	 
0.4260449619371827	 0.07130869005491466	 0.9018873328363124	 0.10522270575006358	 
0.0	 0.0	 0.0	 1.0	 
10	 54	  37
0.6010526024076103	 0.2073909991492341	 -0.7718320689184408	 0.5536869993065532	 
-0.2479513420161681	 0.9664801972366688	 0.06660450691770431	 0.19059371195193084	 
0.7597735854393857	 0.15134398508448074	 0.6323283142856474	 0.42959899389478196	 
0.0	 0.0	 0.0	 1.0	 
11	 34	  37
0.861093298831221	 -0.3668286108756656	 0.35207257909555356	 -1.5490767062297783	 
0.3634686513786778	 0.9283138462316564	 0.07825562190381977	 0.17154350263104937	 
-0.35554025112908216	 0.06058195389402458	 0.9326955326844079	 -0.17654948917479518	 
0.0	 0.0	 0.0	 1.0	 
11	 35	  37
0.7504497545600352	 -0.2478192390181653	 0.6127077530546193	 -1.3909679889182949	 
0.37848303760362056	 0.9211234479830364	 -0.09100650428501834	 0.04013933358560512	 
-0.541826315461993	 0.3001953003434602	 0.7850522438185756	 0.2896611585713837	 
0.0	 0.0	 0.0	 1.0	 
11	 46	  37
0.9509067966683228	 -0.02830481895913399	 -0.30818030643387906	 0.6379583895211592	 
-0.0243225403763076	 0.9858933812309636	 -0.16559787098456433	 0.48024958050703576	 
0.30852014209712814	 0.16496386897944695	 0.9368042719008591	 -0.31308139388878475	 
0.0	 0.0	 0.0	 1.0	 
11	 47	  37
-0.8847416368775993	 0.46513561151253235	 0.02968330975495619	 0.6328094941507239	 
-0.4618679149221575	 -0.8835073674317453	 0.07805613915179946	 -1.2989232921728675	 
0.06253211287494194	 0.05534974793699854	 0.9965069695003171	 -0.3451684079197574	 
0.0	 0.0	 0.0	 1.0	 
11	 53	  37
0.9745250907174534	 -0.1637108289054567	 0.15329583184557344	 -1.3822134944431652	 
0.21403340888347222	 0.8830775125068754	 -0.41756892459376016	 0.774121219148446	 
-0.06701154709345673	 0.43974182357805963	 0.8956207797680804	 0.16235399867500733	 
0.0	 0.0	 0.0	 1.0	 
11	 54	  37
0.9701648152822886	 -0.08173195305495579	 -0.22825450496781943	 0.7999938400080095	 
0.04445267780321462	 0.9854697616753766	 -0.16393080326649737	 0.646570164595856	 
0.23833629732880682	 0.14889337350365198	 0.9597012934774529	 -0.39352820370576	 
0.0	 0.0	 0.0	 1.0	 
12	 13	  37
0.8405109733850977	 0.2968857149183154	 -0.4532109618010976	 -0.10662356075746383	 
-0.2768355102021674	 0.9543930625216459	 0.11178543063234594	 -0.4096504260376862	 
0.46572889529246586	 0.03150800672835664	 0.8843663503332003	 0.7171463116789701	 
0.0	 0.0	 0.0	 1.0	 
12	 32	  37
0.7624666585758664	 -0.486298520884076	 0.42680012083657265	 -1.521478496379134	 
0.38647922522352673	 0.8713274858979674	 0.3023610768424891	 -0.4183190759432072	 
-0.5189204207108987	 -0.0655908599172673	 0.8523024322765587	 1.2248460112425827	 
0.0	 0.0	 0.0	 1.0	 
12	 33	  37
0.6045104807141052	 -0.5038069518316158	 0.6170458929390412	 -1.8005442816402597	 
0.47539754154070335	 0.8497056121700552	 0.22802971329142116	 -0.3147424706927157	 
-0.6391903129771741	 0.1554957489221114	 0.7531645343902589	 0.8230053993662755	 
0.0	 0.0	 0.0	 1.0	 
12	 47	  37
0.9374370669805798	 -0.2663825959636357	 0.2241697080752054	 -0.598148918509162	 
0.2874401214613809	 0.9554789513505448	 -0.06661944235979231	 0.5611050836585698	 
-0.19644317759880367	 0.12688690276674458	 0.9722704314547205	 -0.7323581725476304	 
0.0	 0.0	 0.0	 1.0	 
12	 48	  37
0.9921524152094728	 -0.11959982255677483	 -0.03646186279384907	 -1.0085441384305591	 
0.11437779770785973	 0.9859489969388648	 -0.12174684729694643	 0.402884275671754	 
0.05051043838167951	 0.11662100102311776	 0.991891242896547	 -0.4495021200586107	 
0.0	 0.0	 0.0	 1.0	 
12	 52	  37
0.990767807963197	 -0.06542946817121834	 0.11873556922267671	 -1.3298098265121163	 
0.0975190072084885	 0.952372511801947	 -0.2889232458579976	 0.5267802350708382	 
-0.09417639798204362	 0.29783482579927045	 0.9499606426606558	 -0.6587521203813059	 
0.0	 0.0	 0.0	 1.0	 
12	 53	  37
-0.5715737542720155	 -0.2588383503678919	 0.7786566328017899	 -3.176579009210642	 
0.37982767007606044	 0.757697403735935	 0.5306840730758888	 -1.465659391830002	 
-0.7273474991171586	 0.599080422606725	 -0.33476598210893965	 2.599980674670957	 
0.0	 0.0	 0.0	 1.0	 
13	 14	  37
0.8273173690943147	 0.2581067576818983	 -0.4989257183527415	 0.08235200721439268	 
-0.3576774637393088	 0.9269116552357893	 -0.11358527774788879	 -0.11396502642994143	 
0.4331429356781396	 0.27242555868895174	 0.8591690824541675	 0.26371120476318555	 
0.0	 0.0	 0.0	 1.0	 
13	 24	  37
0.6692873935655003	 0.26152772871578106	 -0.6954549819557436	 -0.18027647133978184	 
-0.3873516085794801	 0.9215590769665315	 -0.026222108829836437	 -0.3112173116073836	 
0.6340450426785059	 0.28693573282768264	 0.7180910590457537	 0.6458114842828605	 
0.0	 0.0	 0.0	 1.0	 
13	 25	  37
0.9124325890366511	 0.24917623340434444	 -0.3246197393417371	 -0.15792494297972143	 
-0.1758609514385189	 0.9550209619711197	 0.23876324665847456	 -0.21057303801360674	 
0.36951278221871114	 -0.16076743109902653	 0.9152126183979366	 0.6777645536491712	 
0.0	 0.0	 0.0	 1.0	 
13	 26	  37
0.9797262354755281	 -0.03861135908626735	 -0.1965850107980288	 0.04389750344894294	 
0.05966012216760675	 0.9929627735116817	 0.10230151632763951	 -0.7786031384434451	 
0.1912515969708384	 -0.11195576523564678	 0.975135238460083	 1.0465389110782575	 
0.0	 0.0	 0.0	 1.0	 
13	 47	  37
0.8803871269018151	 -0.300211544771303	 0.36713966711810614	 -0.2473531335485923	 
0.34290952766844435	 0.9377274230535053	 -0.05550077375708744	 0.9069832328696613	 
-0.32761496092176584	 0.17475785658864937	 0.9285085508172615	 -1.4235288528182906	 
0.0	 0.0	 0.0	 1.0	 
13	 48	  37
0.7972240951225666	 -0.32213653143455456	 0.5105504845471388	 -1.6461188765303585	 
0.3995608505555007	 0.9155394300961507	 -0.0462458500038687	 0.3423611020830789	 
-0.4525316219441119	 0.24086429177968602	 0.8586032402024238	 -0.460763771089352	 
0.0	 0.0	 0.0	 1.0	 
13	 49	  37
0.9967043686897451	 -0.050856114788380015	 0.06319855238379354	 -1.8254576066338322	 
0.06760071880983279	 0.9513622618456595	 -0.30056611510997927	 0.46817069370381587	 
-0.04483909288968681	 0.30384782757910633	 0.9516648325036958	 -0.3429155921626674	 
0.0	 0.0	 0.0	 1.0	 
13	 51	  37
-0.07255266105281785	 0.9899492111849164	 -0.12139468954001602	 -1.1815899741915479	 
0.9081709584619536	 0.11588463749625279	 0.40223905951393973	 -1.514501958283631	 
0.412264019264902	 -0.08106361740462859	 -0.9074508627759539	 4.490574152139074	 
0.0	 0.0	 0.0	 1.0	 
13	 52	  37
0.7540763736751581	 -0.14746957604868394	 0.6400168332199908	 -1.982809425567096	 
0.30409224306948557	 0.942119147159978	 -0.14120701207633485	 0.30294501216425157	 
-0.5821483748752486	 0.30110502602012235	 0.7552741442254791	 -0.5114240149368966	 
0.0	 0.0	 0.0	 1.0	 
14	 15	  37
0.9338780923098666	 0.1534030818000065	 -0.3230157940379154	 0.1646659415123537	 
-0.15268584023182535	 0.9878858750575217	 0.02772241069129468	 0.018229960738068825	 
0.32335544358551616	 0.02343058591021258	 0.9459874548573675	 0.027852133296559202	 
0.0	 0.0	 0.0	 1.0	 
14	 16	  37
0.8607375534951702	 0.2075240618227427	 -0.46482752475271805	 0.24390437248211172	 
-0.19982202664802723	 0.9775779988048608	 0.06642600333422422	 0.20568176316788794	 
0.46819015545974807	 0.03570742243951198	 0.8829059736536515	 -0.32673316544660896	 
0.0	 0.0	 0.0	 1.0	 
14	 23	  37
0.901433255371778	 0.1759427933059955	 -0.3955530553459583	 -0.1644412050976307	 
-0.14129271199759136	 0.9832251467665217	 0.11534591584584891	 -0.07898446921759077	 
0.40921199352683285	 -0.04808788048599899	 0.9111712792357751	 0.1062015845863266	 
0.0	 0.0	 0.0	 1.0	 
14	 24	  37
0.9891445227069474	 0.028820190496799247	 -0.14409201858039936	 -0.19864001240443988	 
-0.02871353465879789	 0.9995837032654521	 0.0028201229624220912	 -0.17401226950025733	 
0.1441133100245913	 0.001347881987924625	 0.9895602746108515	 0.48542156514918655	 
0.0	 0.0	 0.0	 1.0	 
14	 25	  37
0.9556016062029992	 -0.279808978572129	 0.09237156344173379	 -0.09667198971429122	 
0.23003685823395564	 0.9043209680237414	 0.35956450137138657	 -0.011240885685595416	 
-0.18414291752901926	 -0.3223515507997827	 0.9285369479029232	 0.49063752976580616	 
0.0	 0.0	 0.0	 1.0	 
14	 26	  37
0.7959640195000782	 -0.37782324727224464	 0.47295969540959415	 0.037163903311271576	 
0.35368537648306037	 0.9243414225911362	 0.1431767751565585	 -0.11487456478736555	 
-0.4912717518067934	 0.05331536647958257	 0.8693730715715968	 0.7022702568020063	 
0.0	 0.0	 0.0	 1.0	 
14	 49	  37
0.6944194588620282	 -0.29495612216587835	 0.6563402327685203	 -2.2721586421916564	 
0.373366882835933	 0.9274286853824808	 0.0217532602407441	 -0.23466460032990397	 
-0.6151250165252152	 0.22994981958373065	 0.7541513737428731	 0.6159247186966755	 
0.0	 0.0	 0.0	 1.0	 
14	 51	  37
0.7600980429755833	 -0.09782719687228313	 0.6424023697160519	 -2.5228825327582745	 
0.2041169031852892	 0.9745082984919481	 -0.0931121152395008	 -0.2484574125849681	 
-0.6169175430304561	 0.20189951887619326	 0.7606900350200639	 0.6384046864166693	 
0.0	 0.0	 0.0	 1.0	 
15	 16	  37
0.9886726921286363	 0.07552222786764941	 -0.12970235517144826	 -0.1827604022620246	 
-0.07327865307897842	 0.9970690244652138	 0.021990894818467627	 0.20404379882469884	 
0.13098300211113018	 -0.012237383294356677	 0.9913090837917615	 -0.3647191235894658	 
0.0	 0.0	 0.0	 1.0	 
15	 22	  37
0.9096836490947272	 0.20213626201291185	 -0.3627900083369841	 -0.2865623860389705	 
-0.12093528049753054	 0.9646314106746394	 0.2342240369194401	 0.31163306856226514	 
0.3973038088172392	 -0.16919566519063992	 0.9019548272391539	 -0.5278323486279559	 
0.0	 0.0	 0.0	 1.0	 
15	 23	  37
0.9935828304889183	 -0.03785276531995203	 -0.10658483529687801	 -0.24985891866196042	 
0.03428423119138093	 0.9987949716321931	 -0.0351168924289029	 0.10590434405548536	 
0.10778566903464423	 0.03123736224267077	 0.9936832879498753	 0.2052999010171775	 
0.0	 0.0	 0.0	 1.0	 
15	 24	  37
0.9712478070199148	 -0.11935429282736713	 0.20599089820350233	 -0.1969144285735909	 
0.1302558688188646	 0.9906671789759516	 -0.04014908639151709	 -0.1708474091923711	 
-0.19927645620406154	 0.06582623552588934	 0.9777299221764884	 0.5553610287969164	 
0.0	 0.0	 0.0	 1.0	 
15	 49	  37
0.41225975031903717	 -0.3184294584069501	 0.8536068054353475	 -2.099709983027925	 
0.4529922417626207	 0.8845527691203946	 0.11119544749815775	 -0.5167664029102987	 
-0.7904681696120085	 0.3408358529557833	 0.5089115779486091	 1.3096231350823102	 
0.0	 0.0	 0.0	 1.0	 
15	 50	  37
-0.36844827990635687	 -0.5182380119046367	 -0.7717999922591183	 0.7900738953343216	 
-0.6231723832706567	 -0.47838273942599785	 0.6187132901013576	 -0.8500933595835104	 
-0.6898565399869854	 0.7089282880774382	 -0.1466923195016596	 2.580613020508752	 
0.0	 0.0	 0.0	 1.0	 
15	 51	  37
0.46626970202246676	 -0.06819685159703819	 0.8820100647997906	 -2.342952636161019	 
0.32162976723209385	 0.9418629661660787	 -0.09720311617980304	 -0.2956263033759908	 
-0.8241036693317831	 0.3290035598547327	 0.46109630208537156	 1.5521099529115376	 
0.0	 0.0	 0.0	 1.0	 
16	 17	  37
0.9251824232304662	 0.08171758221897969	 -0.37062072324910017	 -0.10551068388522666	 
-0.0792615748526599	 0.9966136850591644	 0.02188071078984222	 0.14135939174401063	 
0.3711537235395572	 0.009132333167204314	 0.9285265284275108	 -0.2963240548558837	 
0.0	 0.0	 0.0	 1.0	 
16	 22	  37
0.9692101386159108	 0.10572139688539227	 -0.222384112392789	 -0.2399456044476744	 
-0.06319622334082169	 0.979686575775238	 0.1903167113031461	 0.13777241478356642	 
0.2379872781465096	 -0.17040305010882176	 0.9562033549167382	 -0.16140752677611075	 
0.0	 0.0	 0.0	 1.0	 
16	 23	  37
0.9966711690906548	 -0.08121562586059018	 0.00711356588083752	 0.03156997566942548	 
0.08089259492493943	 0.996009426051165	 0.037704261079341994	 -0.3159249162526489	 
-0.010147353831319763	 -0.03700331516637712	 0.9992636218120422	 0.5672836550720296	 
0.0	 0.0	 0.0	 1.0	 
16	 24	  37
0.48461274149932826	 0.20097226096084295	 -0.8513287503078889	 1.123151452404366	 
0.16372929337319983	 0.935207132932498	 0.31397505793245745	 -0.34473006116342875	 
0.8592689970364447	 -0.2915437683032587	 0.4203082462854113	 1.3690942166843751	 
0.0	 0.0	 0.0	 1.0	 
16	 48	  37
0.9960722567691974	 0.08448830542076712	 0.026491235189108404	 -0.9911351556620179	 
-0.08186316720415426	 0.9927431442299366	 -0.08808786204559352	 0.7238861033651538	 
-0.03374138630854044	 0.08557321912599743	 0.9957603843387185	 -0.7796083724103114	 
0.0	 0.0	 0.0	 1.0	 
16	 49	  37
-0.8906335525819418	 -0.3130995227911595	 -0.3297583415824657	 0.5405265202336923	 
0.43008183559949836	 -0.3445410820938792	 -0.8344585414728201	 2.213663964411074	 
0.1476532752858413	 -0.8850198481263165	 0.4415182654430464	 1.3946038539970211	 
0.0	 0.0	 0.0	 1.0	 
16	 51	  37
0.09835401271187276	 -0.9792771057625692	 -0.17703908696318343	 -0.6937953819222469	 
0.7084072912505553	 -0.05604704010993355	 0.7035750414831142	 -3.228286452851191	 
-0.6989174471184156	 -0.19461520861484666	 0.6882145905815104	 1.3071075747204157	 
0.0	 0.0	 0.0	 1.0	 
17	 21	  37
0.9347264827662665	 0.17949779193570287	 -0.30670335033320106	 -0.1551115610250154	 
-0.1717769263673562	 0.9837507588679887	 0.052221949355026206	 0.04672582335077186	 
0.3110933782374468	 0.0038713197829858717	 0.9503714657437635	 -0.10355066458186254	 
0.0	 0.0	 0.0	 1.0	 
17	 22	  37
0.9924800734107226	 -0.08970716803198418	 0.08328221830816156	 0.05818372180233576	 
0.07086279181099597	 0.975845092461542	 0.20665144629417867	 -0.03959935708000711	 
-0.09980866004209495	 -0.19919583209094882	 0.9748637093759293	 0.11904059655561673	 
0.0	 0.0	 0.0	 1.0	 
18	 19	  37
0.7626246696252404	 0.1694219585300986	 -0.6242594118207729	 -0.18097287086111558	 
-0.20329433949014208	 0.9789642243607392	 0.017333751845540018	 -0.18217982273034594	 
0.6140643490793602	 0.11368925802203789	 0.7810247933325415	 0.06925969609879261	 
0.0	 0.0	 0.0	 1.0	 
18	 20	  37
0.9873849018822297	 0.0399814986734423	 -0.1532074910010804	 -0.09169800822660606	 
-0.06895896865289933	 0.9795940827857607	 -0.18878584060637094	 -0.07548885745631165	 
0.14253321078734235	 0.19696931927320865	 0.9699934902295482	 0.11879364626501474	 
0.0	 0.0	 0.0	 1.0	 
18	 36	  37
0.5946153786359581	 0.2323706316035205	 -0.7696989288402287	 1.131954125219423	 
-0.24135742100394408	 0.9647604954715201	 0.10480353860376572	 -0.2899865672229308	 
0.7669283844114386	 0.12345475262510969	 0.629745803668696	 1.2429173906429873	 
0.0	 0.0	 0.0	 1.0	 
18	 45	  37
0.2959716930183643	 0.9001268229655287	 0.319644270259653	 -1.7665352118114335	 
-0.25911075363161357	 -0.24643206715437205	 0.933880534988539	 -2.9574537235644502	 
0.9193815172627194	 -0.3592254707784597	 0.16029562333293357	 2.7427754372280018	 
0.0	 0.0	 0.0	 1.0	 
19	 20	  37
0.8478510570764416	 -0.11675874050917569	 0.5172194713359795	 0.11982892659770053	 
