1	 2	  37
0.8675889291925282	 -0.09679754655762361	 0.4877701148317584	 -0.1987574521328732	 
0.07215520186707049	 0.9949958691196139	 0.06911473995050833	 -0.022532321647204385	 
-0.49201938659577704	 -0.024768032124672414	 0.8702318471525773	 0.3024138168751222	 
0.0	 0.0	 0.0	 1.0	 
2	 3	  37
0.8456619458624544	 -0.1214315802254391	 0.5197213144023248	 -0.5528334925862256	 
0.12319921433324242	 0.9918885694181381	 0.03128928643020924	 0.039035083158336974	 
-0.5193051385339834	 0.03756909875938804	 0.8537626929718873	 0.11330639715103598	 
0.0	 0.0	 0.0	 1.0	 
2	 5	  37
0.7116240527083606	 -0.14801228988256757	 0.6867922317925906	 -1.0229646781786499	 
0.10302179930543327	 0.988973110576578	 0.10638935766494131	 -0.08219995240914925	 
-0.694965982242872	 -0.004954654398298512	 0.7190255453911176	 0.2351849972674152	 
0.0	 0.0	 0.0	 1.0	 
2	 7	  37
0.8514144790637797	 -0.09253937524375085	 0.5162652892361135	 -0.9022265770218945	 
0.10802142776464171	 0.9941485645681478	 5.206512467596381e-05	 -0.10128420573084572	 
-0.5132492143045516	 0.055723384647607635	 0.8564287176520727	 0.32816423113444676	 
0.0	 0.0	 0.0	 1.0	 
3	 4	  37
0.9583999216927133	 -0.04007080598257058	 0.28260205343788297	 -0.380573685426558	 
0.013727326565585092	 0.9954217480788038	 0.09458913234140924	 0.06536064062329204	 
-0.2850984928139093	 -0.08677484635334125	 0.9545621904494184	 -0.35544025982989563	 
0.0	 0.0	 0.0	 1.0	 
3	 5	  37
0.9778463274505286	 0.017072832947657286	 0.20862664802621816	 -0.44962357703503575	 
-0.028866967759482273	 0.9981441391847897	 0.053618798787638706	 -0.05853287766466676	 
-0.20732404121058148	 -0.05845336419914288	 0.9765244216863788	 -0.16743164523725268	 
0.0	 0.0	 0.0	 1.0	 
3	 6	  37
0.9870669979937529	 0.029774509579776804	 0.1575189514023131	 -0.4437863137822053	 
0.005551075848268272	 0.9756627176132543	 -0.21920640277246825	 -0.0995813506248052	 
-0.16021213134006826	 0.21724580557240344	 0.9628791891679187	 -0.013679882823613449	 
0.0	 0.0	 0.0	 1.0	 
3	 7	  37
0.9987590294487604	 0.03481580778738227	 -0.03561264694854516	 -0.3514226002055042	 
-0.03589934287282236	 0.9988974027738569	 -0.030252535644856932	 -0.065866761941179	 
0.03452011407671192	 0.031493463762435864	 0.9989076651344577	 -0.028617601912149637	 
0.0	 0.0	 0.0	 1.0	 
3	 38	  37
0.43638111880493385	 -0.49347638635949403	 0.7523646557728039	 -2.166635972603054	 
0.39077525738701396	 0.8571474165304706	 0.3355488109787502	 -0.46437572555621154	 
-0.810472835673514	 0.14757832645993696	 0.5668813105003697	 1.3264265952375602	 
0.0	 0.0	 0.0	 1.0	 
3	 39	  37
0.37894631588527816	 0.15311571809877322	 0.9126638299768828	 -1.702569156121658	 
-0.14423643520988122	 0.9839369952304845	 -0.10518479060563451	 0.24297594241792347	 
-0.9141091512696503	 -0.09177998849369244	 0.3949441647589907	 0.7964584660855424	 
0.0	 0.0	 0.0	 1.0	 
3	 40	  37
0.06613493883137671	 -0.500840958984213	 0.8630089823805682	 -1.8382405899936987	 
0.38022579926274114	 0.8122954547398235	 0.4422719025486841	 -0.6409374779729471	 
-0.9225261575916316	 0.29888865487468247	 0.2441537641455134	 1.5517598863049455	 
0.0	 0.0	 0.0	 1.0	 
3	 41	  37
0.024705908244430197	 -0.6415776046934967	 0.7666601562971515	 -1.5016053577776562	 
0.025893558871494655	 0.7670476319775356	 0.6410674331820513	 -1.1663513866766604	 
-0.9993593656472062	 0.004013406708821525	 0.0355633358925081	 1.580446679620803	 
0.0	 0.0	 0.0	 1.0	 
3	 45	  37
0.007277434967021676	 0.07571931417431148	 0.9971026147800792	 -2.04760198448327	 
0.14956907393021604	 0.9858295729839524	 -0.07595488894030024	 -0.4924950482821301	 
-0.9887244970485747	 0.14968847147074404	 -0.004150957093725154	 1.4086380699703491	 
0.0	 0.0	 0.0	 1.0	 
3	 46	  37
0.08103149697017074	 -0.2240243115497778	 0.9712090425513047	 -2.4618517810488365	 
0.26046675834895	 0.9453125613457148	 0.1963192022120984	 -0.7393177938086697	 
-0.9620763817358593	 0.23705963215328998	 0.13495097817127538	 1.6225944683903133	 
0.0	 0.0	 0.0	 1.0	 
3	 47	  37
-0.15761982928465088	 -0.40943960751605596	 0.8986184936965049	 -1.773546689020441	 
0.2454774853017886	 0.8651832594588239	 0.43726277198283814	 -0.5499508410594337	 
-0.9565023751283568	 0.2895118915507675	 -0.035861832419845044	 1.862320837067826	 
0.0	 0.0	 0.0	 1.0	 
4	 5	  37
0.995802793791696	 0.031876808987023254	 -0.08579431755924241	 -0.10803338990648809	 
-0.03623547801068749	 0.9981049082716266	 -0.049735120563072624	 -0.12057476088122147	 
0.08404633251955915	 0.05263517011363438	 0.9950707275651919	 0.14722552638270048	 
0.0	 0.0	 0.0	 1.0	 
4	 6	  37
0.9909431395587713	 -0.043753467967357594	 -0.12695403972396968	 -0.18156395468062206	 
-0.0007372557798295318	 0.943640580035982	 -0.33097116515380987	 -0.1432588387212892	 
0.13428011995571426	 0.32806720310049997	 0.9350619014987694	 0.3041634963048826	 
0.0	 0.0	 0.0	 1.0	 
4	 7	  37
0.9530675386540877	 0.013295497910734741	 -0.30246569474759327	 -0.10757918933335586	 
-0.047180784819046855	 0.9933522292590775	 -0.10500153413107804	 -0.1932521689934939	 
0.29905892447425375	 0.11434412254823952	 0.9473590561824886	 0.29895117907477536	 
0.0	 0.0	 0.0	 1.0	 
4	 38	  37
0.6608743491780825	 -0.44844878235816404	 0.6017796807802045	 -2.3303391281117065	 
0.32559224245789836	 0.8937733463142173	 0.30847835753829345	 -0.6826413797867554	 
-0.676191382856719	 -0.007930638042818535	 0.7366833232336343	 1.1953925391503875	 
0.0	 0.0	 0.0	 1.0	 
4	 39	  37
0.35718850689803444	 -0.4078832966609962	 0.8402663785044061	 -2.2258694068111105	 
0.3828368724318138	 0.8845059069432217	 0.2666181345842318	 -0.8346197362484533	 
-0.8519696588767579	 0.22645201895215242	 0.47208810985441474	 1.1207980418308623	 
0.0	 0.0	 0.0	 1.0	 
4	 40	  37
0.4072789871328459	 -0.510881087014353	 0.7570497616214381	 -1.9692974012426774	 
0.3491205697798647	 0.8530487059375633	 0.38784369668054525	 -0.8480490910385275	 
-0.8439423288333305	 0.10634105617907579	 0.5257879091174437	 1.3378354859453092	 
0.0	 0.0	 0.0	 1.0	 
4	 41	  37
0.25302274026744886	 -0.5302003634559969	 0.8092385726710504	 -1.8063046601553845	 
0.27779087310625816	 0.8410491426688874	 0.46418592227123023	 -0.9086824641009267	 
-0.9267209524589449	 0.10734949560691313	 0.3600893806633673	 1.4142871418003842	 
0.0	 0.0	 0.0	 1.0	 
4	 46	  37
0.38137318564853284	 -0.3158185977200068	 0.8687998081275439	 -2.4581534877955704	 
0.36046604785318503	 0.916241249285991	 0.174831923434914	 -0.931666059975977	 
-0.8512453944741164	 0.24649662561790794	 0.46327172582145565	 1.042611802349619	 
0.0	 0.0	 0.0	 1.0	 
4	 47	  37
0.23904569464972453	 -0.4745776488551274	 0.8471323456677649	 -1.8912397785946373	 
0.2727607345646374	 0.8701167244980313	 0.4104856482613933	 -0.8082455054421587	 
-0.9319113356694344	 0.13293961394541734	 0.3374438049436579	 1.4650194891581199	 
0.0	 0.0	 0.0	 1.0	 
5	 6	  37
0.9984299817646181	 -0.0318804110109056	 -0.04605660546848344	 -0.03970309542185781	 
0.019149259512698524	 0.9669603199966275	 -0.25420669820469904	 -0.10005412719948842	 
0.05263912398225424	 0.2529256391625713	 0.9660526609251616	 0.13860843589976635	 
0.0	 0.0	 0.0	 1.0	 
5	 7	  37
0.9688950803559921	 -0.003780282621872863	 -0.24744298883834573	 0.08722804050985355	 
-0.0127927999230222	 0.9977813563976834	 -0.06533535869135243	 -0.0775584113471975	 
0.24714098715527627	 0.06646859625790917	 0.9666970870854105	 0.17569336524994628	 
0.0	 0.0	 0.0	 1.0	 
5	 38	  37
0.5073623726636429	 -0.5588646602701179	 0.6559372792472495	 -2.0771174660651375	 
0.3814047838238837	 0.8282025374021053	 0.41062263444307345	 -0.710375829191908	 
-0.7727313981464544	 0.04184314211289022	 0.6333524593595141	 1.320303913149662	 
0.0	 0.0	 0.0	 1.0	 
5	 39	  37
0.3518843619889069	 -0.34973239581037746	 0.8682537918767728	 -1.9855191550588247	 
0.29030236469945053	 0.9226161552637888	 0.25397631207687726	 -0.5999362278982286	 
-0.8898887193562843	 0.1626858364056244	 0.42618233867141325	 1.1266588660497874	 
0.0	 0.0	 0.0	 1.0	 
5	 40	  37
0.3451778550853391	 -0.5135601615236329	 0.785562351983917	 -1.7305002739182451	 
0.3107059040881999	 0.8523388401114753	 0.4206903169816941	 -0.6978115544324323	 
-0.8856150910657621	 0.09886587951990287	 0.45377466692548774	 1.3445461584437397	 
0.0	 0.0	 0.0	 1.0	 
5	 45	  37
-0.02480508678649186	 -0.024920011556588004	 0.9993816591740788	 -2.056038552162556	 
0.29596605205971493	 0.9546903542840189	 0.0311516205877203	 -0.7087222260855293	 
-0.9548763290069039	 0.296555762818858	 -0.016305699654555958	 1.6829265413325463	 
0.0	 0.0	 0.0	 1.0	 
5	 46	  37
0.19372232063245898	 -0.3358104759249881	 0.9217933536036194	 -2.1918346658271766	 
0.2786086808505168	 0.9197387453138113	 0.2765101143237095	 -0.9363077531107173	 
-0.9406640555711211	 0.20325344923914343	 0.27173363783102267	 1.4120091372626122	 
0.0	 0.0	 0.0	 1.0	 
6	 7	  37
0.9798867171680733	 0.002151496067494432	 -0.19954295923998008	 0.15116135680351722	 
0.03617591461767344	 0.981458557481856	 0.1882296553341392	 0.007069924544572799	 
0.19624812029456912	 -0.19166238809507097	 0.9616403715893711	 0.026712005220060273	 
0.0	 0.0	 0.0	 1.0	 
6	 46	  37
0.26308180062365655	 -0.2876969032329002	 0.9208791766843318	 -2.0602071291833854	 
-0.01954037329624376	 0.9527182055609213	 0.30322630922170973	 -0.44666979765807163	 
-0.9645756268909433	 -0.09776764629966289	 0.2450211161205628	 1.4083954697035508	 
0.0	 0.0	 0.0	 1.0	 
7	 38	  37
0.3785026556958821	 -0.5287795145562898	 0.7596893869317767	 -1.7626663525716493	 
0.3139597910453806	 0.8454405607748627	 0.4320410950400753	 -0.4995680505939934	 
-0.8707267018059718	 0.07498321933806831	 0.4860170033854719	 1.5471434708786307	 
0.0	 0.0	 0.0	 1.0	 
7	 46	  37
0.09210599779567219	 -0.321544018971612	 0.9424043341547441	 -1.884621127209437	 
0.23224076501976776	 0.9272628727489745	 0.29367974374197475	 -0.8182820215218937	 
-0.9682875152727607	 0.19181503769231062	 0.16008210106692394	 1.4813441595802257	 
0.0	 0.0	 0.0	 1.0	 
8	 9	  37
0.8189784968702236	 0.4138738563143113	 -0.39747031678316486	 -0.08578799220302384	 
-0.34963731964910766	 0.909154632427666	 0.22625560555244795	 -0.6072499006914318	 
0.45500325973862726	 -0.04632801954365851	 0.889283840082786	 0.6956579796828751	 
0.0	 0.0	 0.0	 1.0	 
8	 35	  37
-0.805925007402463	 -0.2639456209175948	 0.5299222505630087	 -1.9088831852459027	 
-0.17016749241638687	 -0.7540582121214856	 -0.6343809874648407	 2.1114756814055355	 
0.5670343084576606	 -0.6014390425725397	 0.5627994057400636	 0.7875133924148005	 
0.0	 0.0	 0.0	 1.0	 
8	 36	  37
0.6636254815256716	 -0.6836213161646817	 -0.30374844255582356	 -0.8911744280151801	 
0.6430349596761576	 0.7287858735974783	 -0.2353235880209247	 -0.19492768536107355	 
0.3822397950293793	 -0.039154138095844275	 0.9232332817689515	 0.2309564014065368	 
0.0	 0.0	 0.0	 1.0	 
8	 37	  37
0.7858460890425485	 -0.45008683601154265	 0.4241081989134951	 -1.4188889658102504	 
0.3261897042984227	 0.8843075897382767	 0.3340664058850975	 -0.6541877940669579	 
-0.5254009908120061	 -0.12418505055117493	 0.8417433528536855	 1.0156827638666632	 
0.0	 0.0	 0.0	 1.0	 
8	 38	  37
-0.1720070001820393	 -0.488712263451604	 0.8553209429450366	 -1.1046238824914998	 
0.41203469076465077	 0.7529699824248008	 0.5130922131290574	 -0.7282496366290157	 
-0.8947854522145822	 0.4406773526279803	 0.07185029844016179	 1.5912920137024527	 
0.0	 0.0	 0.0	 1.0	 
9	 10	  37
0.8274874390377872	 0.14308676177719362	 -0.5429463296116864	 0.3416014795109865	 
-0.23938885020500852	 0.964599649747927	 -0.11063676650960794	 -0.13375166671749555	 
0.5078951827219955	 0.22152583215122795	 0.8324474692480582	 0.4436615142083288	 
0.0	 0.0	 0.0	 1.0	 
9	 11	  37
0.7632382029299664	 -0.3074848669652745	 -0.5682609454956258	 0.5958401393577847	 
-0.31246719997183436	 0.594157163766525	 -0.7411757643681292	 0.5854481416400709	 
0.5655366429595845	 0.7432565649439407	 0.35740451051677713	 1.0008439541354364	 
0.0	 0.0	 0.0	 1.0	 
9	 32	  37
0.2840745372910084	 -0.6942038877221133	 -0.6613490905220953	 1.9352176904028737	 
-0.9125811829491408	 -0.40734362052352685	 0.03559156284753201	 -0.607597467535718	 
-0.2941041342620749	 0.593424078623616	 -0.7492333555840047	 3.7041971275952403	 
0.0	 0.0	 0.0	 1.0	 
9	 33	  37
0.3372326127750997	 -0.3584530638744059	 0.8705087971295472	 -2.9155619491084703	 
0.7481730186378727	 0.6632931533692159	 -0.016713074995848207	 -0.9738118992395486	 
-0.5714116721446758	 0.6569273884475925	 0.49186899398544326	 0.9137918024509032	 
0.0	 0.0	 0.0	 1.0	 
9	 35	  37
0.8347050886987923	 -0.3025891457655103	 0.4601165328101557	 -1.7694162320952302	 
0.23079918109422862	 0.9508157973653102	 0.20659394349012802	 -0.4317970180628133	 
-0.4999991529058564	 -0.06625049694506091	 0.8634881115267067	 0.11388335251273696	 
0.0	 0.0	 0.0	 1.0	 
9	 36	  37
0.5612059185256657	 -0.40107866410261483	 0.7240054020609414	 -1.45202948667108	 
0.40939389423985545	 0.8947590549211274	 0.17833360029948897	 -0.5268087083318752	 
-0.7193361914785674	 0.19632151904035725	 0.6663432334696556	 0.49540557100553606	 
0.0	 0.0	 0.0	 1.0	 
9	 37	  37
-0.9235321222193045	 -0.11051902748231475	 0.367251907814609	 -0.5542083750783977	 
-0.23727987228395608	 -0.5876559868819407	 -0.7735364912470005	 2.0632821664338143	 
0.3013082830557704	 -0.8015272831577068	 0.5164952399740081	 1.247297410468174	 
0.0	 0.0	 0.0	 1.0	 
10	 11	  37
0.9984514220622313	 -0.03344155619457984	 -0.04445694660222115	 0.09845216977226905	 
0.016548264664394595	 0.9415120939842163	 -0.33657262487916795	 -0.11105865443963614	 
0.05311226523605539	 0.3353157306192784	 0.9406074888500275	 -0.05657971210470723	 
0.0	 0.0	 0.0	 1.0	 
10	 12	  37
0.9314575712110802	 -0.024731552126027026	 -0.3630084618338705	 0.23778251851384016	 
-0.08630286938258142	 0.9541982400573381	 -0.2864568613383358	 -0.09367549268148237	 
0.35346655820584794	 0.29815108418537584	 0.8866607712249346	 0.3753525332740159	 
0.0	 0.0	 0.0	 1.0	 
10	 32	  37
0.2124333840775125	 -0.27545034825004744	 0.937549552278867	 -2.1793457027901613	 
0.5881920620728126	 0.8022104582199547	 0.10241327471115803	 -0.6632311437398601	 
-0.7803218281221593	 0.5297032059289974	 0.33243399071790664	 0.35345376560585845	 
0.0	 0.0	 0.0	 1.0	 
10	 33	  37
0.7836755149114496	 -0.32938685085957603	 0.526646930883571	 -1.6639945010490105	 
0.45554064768370844	 0.8811436081827447	 -0.12676221860870543	 -0.30822657441806617	 
-0.422297768921624	 0.33924953093483445	 0.8405797702326132	 -0.027211495409945354	 
0.0	 0.0	 0.0	 1.0	 
10	 35	  37
0.19363678624581226	 0.8889151623143942	 0.41513206238493244	 -1.0752846360718007	 
0.04940292482474688	 0.4137690754531268	 -0.9090404299135573	 2.8014378648726397	 
-0.9798286309509198	 0.19653240548631798	 0.03620590507924882	 2.266693866337954	 
0.0	 0.0	 0.0	 1.0	 
10	 36	  37
0.2676982374730646	 0.08779794396561016	 -0.9594942285856786	 2.097197425927333	 
-0.9447479151037317	 -0.1716102604912069	 -0.2792871200060828	 0.2466186199635687	 
-0.1891798894200083	 0.9812448417849395	 0.03700716024611474	 1.5437756607198156	 
0.0	 0.0	 0.0	 1.0	 
11	 12	  37
0.9495997786297868	 0.0016847816980126188	 -0.3134603993120812	 0.1204684008226759	 
0.024972452980266895	 0.9964006262644948	 0.08100721308544603	 0.06364270243733575	 
0.31246861765368955	 -0.0847523066963522	 0.9461397409956097	 0.3920789336916952	 
0.0	 0.0	 0.0	 1.0	 
11	 32	  37
0.7124691245180238	 0.03534417474091454	 0.7008127680917382	 -1.6417404091047743	 
-0.2635843164745462	 0.9390715473852427	 0.22060810728559477	 -1.6924164485305841	 
-0.6503161190660793	 -0.3418997195134415	 0.6783756533657904	 0.3661295626219712	 
0.0	 0.0	 0.0	 1.0	 
11	 33	  37
-0.31899256999170805	 0.7673686026501733	 0.5562276224324044	 -2.4800306892647552	 
-0.1177035594255326	 -0.6144207406245726	 0.7801493610770387	 -1.2849655319883275	 
0.9404199127988763	 0.18339187865625825	 0.2863176670313637	 0.600667467699241	 
0.0	 0.0	 0.0	 1.0	 
13	 14	  37
0.9079270427874732	 0.0487802672056639	 -0.41627991845216117	 0.03415058044785463	 
-0.02903715854907311	 0.9981385041275948	 0.053631800280465956	 -0.08340913482474413	 
0.41812118865059944	 -0.0366061758351211	 0.9076533806977954	 0.4635558892887092	 
0.0	 0.0	 0.0	 1.0	 
13	 15	  37
0.9038081846689114	 0.1498183113578603	 -0.40085563349835335	 -0.02242442297897435	 
-0.051060404717644434	 0.9677770674720676	 0.24657733623598738	 -0.06703529823820588	 
0.42488068960068937	 -0.20239076376417012	 0.8823346181281784	 0.5563213942844952	 
0.0	 0.0	 0.0	 1.0	 
13	 16	  37
0.8976526106128978	 0.09011055084926954	 -0.4313929522900088	 -0.264713935299961	 
0.0009331446065999542	 0.9784820720019316	 0.20632974582437047	 -0.1379126594228415	 
0.4407027568565822	 -0.18561498699309706	 0.8782529001959293	 0.9206315851627485	 
0.0	 0.0	 0.0	 1.0	 
14	 15	  37
0.998677861167631	 0.05131030710996485	 -0.0031276185711348555	 -0.009008731683083613	 
-0.04968682604707364	 0.9791004480805042	 0.19721443123139765	 0.008560747416826378	 
0.013181385777423085	 -0.19679828493367693	 0.9803553876611023	 0.11862879852096735	 
0.0	 0.0	 0.0	 1.0	 
14	 16	  37
0.999427972089542	 0.02205738772452314	 -0.025635917220900743	 -0.09647935199057302	 
-0.01781708576144735	 0.9877170541131617	 0.15523392821477028	 -0.07820740896709165	 
0.028745087579551073	 -0.15468837273948324	 0.9875450507593339	 0.5547776190063042	 
0.0	 0.0	 0.0	 1.0	 
15	 16	  37
0.9997568038570602	 -0.018454205681795153	 -0.01207374979740042	 -0.08665203036573414	 
0.017930160640188805	 0.9989499744066973	 -0.042159909538292774	 -0.181705323971918	 
0.012839099693251851	 0.041933172137509384	 0.999037920498293	 0.40882003041980247	 
0.0	 0.0	 0.0	 1.0	 
15	 57	  37
0.805209535997644	 -0.0945836293168371	 0.5853986165030759	 -2.3255245905719293	 
0.2727601192176886	 0.9356405585204286	 -0.22400594326029352	 -0.5220189283494183	 
-0.5265353933999238	 0.34004511806058435	 0.7791853419953123	 0.25201880247316916	 
0.0	 0.0	 0.0	 1.0	 
16	 24	  37
0.980284114852824	 0.11424534186883327	 -0.1612174185021232	 -0.22493228372021026	 
-0.017407112266461355	 0.8626650260913391	 0.5054760579902592	 -0.5052803789162656	 
0.19682491359011994	 -0.4927038203831005	 0.8476455030082677	 1.3640778779887643	 
0.0	 0.0	 0.0	 1.0	 
16	 55	  37
0.6980945936060509	 -0.25603652435749436	 0.6686622739267825	 -1.7623990155497755	 
0.2563223780612644	 0.9613519492755509	 0.10050506519133788	 -0.4016999070083489	 
-0.6685527480184491	 0.10123106153266888	 0.7367424891357548	 0.08149219811272719	 
0.0	 0.0	 0.0	 1.0	 
16	 56	  37
0.6940371755093795	 0.2988020283272741	 0.6550036235613278	 -1.8960280530327995	 
0.0535279683332758	 0.8858690923639326	 -0.46083696444666206	 0.45209828572957045	 
-0.7179464852042071	 0.3548989983950492	 0.5988318172251005	 0.4027646059606054	 
0.0	 0.0	 0.0	 1.0	 
16	 57	  37
-0.2752835449986852	 0.5482325285605226	 -0.7897215107119051	 2.4031040634852237	 
0.9381131914243926	 0.33275520694562494	 -0.09600839716460097	 -0.6902351590856716	 
0.21014901838575958	 -0.7672776986715506	 -0.6059061999953388	 4.133155769220248	 
0.0	 0.0	 0.0	 1.0	 
16	 58	  37
-0.8588336871755441	 0.07774287275026581	 -0.5063207911087539	 0.8182940064524601	 
0.26417631767259	 0.9140560340693811	 -0.30775386230282276	 -0.08418390286588932	 
0.43887990493232815	 -0.39806734646023134	 -0.8055599398733154	 3.5626219841513684	 
0.0	 0.0	 0.0	 1.0	 
17	 18	  37
0.9957603834104188	 0.015070059475152832	 -0.09074222907638485	 -0.2756691120953341	 
-0.017830315377909318	 0.9994002547986165	 -0.029685190954148417	 -0.1348366322122158	 
0.09024044926672338	 0.03117729968864053	 0.9954318848119463	 0.30325513593801867	 
0.0	 0.0	 0.0	 1.0	 
17	 19	  37
0.9991867487536569	 0.0022713314439338863	 0.04025769701024895	 -0.6282679522618957	 
-0.0013915569559639013	 0.9997598952610943	 -0.021868136563585546	 -0.25750733657029434	 
-0.04029770073261626	 0.02179433139596424	 0.9989499999672989	 0.5003001142660524	 
0.0	 0.0	 0.0	 1.0	 
17	 20	  37
0.8660975948684329	 -0.22696634439821997	 0.44537763153713206	 -0.5620590728871355	 
0.1656461764390906	 0.9709497727194274	 0.17267855421910863	 -0.20537624405436355	 
-0.4716315303223761	 -0.07578137875890449	 0.8785333700202708	 0.46692952375619867	 
0.0	 0.0	 0.0	 1.0	 
17	 21	  37
0.7688312464971937	 -0.4402281340081892	 0.46378627021208646	 -0.5232569741156503	 
0.2397058823372465	 0.8708138488373615	 0.4292136188962124	 -0.31859095423321243	 
-0.592823417538893	 -0.21882054451245778	 0.7750341701607598	 0.5101455179317389	 
0.0	 0.0	 0.0	 1.0	 
17	 22	  37
0.78791521806422	 -0.4362645125072125	 0.4345835757016782	 -0.5920650535262593	 
0.16418988912632343	 0.8290308427196577	 0.5345554621629263	 -0.3969878076546353	 
-0.5934907661046614	 -0.34983015442694226	 0.7248362391617317	 0.6715114262687754	 
0.0	 0.0	 0.0	 1.0	 
17	 54	  37
0.9388731352746873	 -0.19538983652268277	 0.2834432000297708	 -1.6037832328595503	 
0.18988120939966643	 0.980678349305492	 0.047064865030873794	 0.752798672800424	 
-0.2871626058114066	 0.009632600224948005	 0.9578334149717831	 -0.712091689959259	 
0.0	 0.0	 0.0	 1.0	 
17	 55	  37
0.9308854525794716	 -0.0737738343981133	 0.35778442606423133	 -1.5941942401067126	 
0.12730363244207507	 0.9835148926840326	 -0.12842212050798787	 0.336482036473673	 
-0.3424121191531692	 0.16509354083947364	 0.9249313830928865	 -1.010539170723485	 
0.0	 0.0	 0.0	 1.0	 
17	 56	  37
0.9363000524759515	 -0.27264425464968095	 0.22137597462247677	 -1.2914739484479854	 
0.3023627321608838	 0.9464479225126697	 -0.1131950006478123	 -0.4260182900272758	 
-0.1786588646939675	 0.17292032956819278	 0.9685967012582124	 -1.2794272271969742	 
0.0	 0.0	 0.0	 1.0	 
17	 57	  37
0.9885212128979715	 -0.09110923209530622	 0.12051937386879515	 -1.6064276037404366	 
0.1187660380426491	 0.9616731637179362	 -0.24714237676365364	 0.06175775554633074	 
-0.09338329539256367	 0.25861909057867183	 0.9614550047349518	 -1.5905489958642731	 
0.0	 0.0	 0.0	 1.0	 
17	 58	  37
0.7805849439949515	 -0.3164709033761764	 0.5390114215159684	 -2.086466397524793	 
0.18788461090027228	 0.9412684799073281	 0.2805584105312141	 -1.441906679768369	 
-0.5961430350136208	 -0.11772771996948965	 0.7942000162147659	 -1.23324878010416	 
0.0	 0.0	 0.0	 1.0	 
18	 19	  37
0.9922004222308709	 -0.04350572627506265	 0.11681427098672353	 -0.3037114709233312	 
0.04589805214405033	 0.9987863297791174	 -0.017867183766387587	 -0.10543726329331235	 
-0.11589517217840603	 0.02308937477800455	 0.9929930462184001	 0.22994633828233987	 
0.0	 0.0	 0.0	 1.0	 
18	 20	  37
0.8342843483562353	 -0.2844484002746846	 0.4722909417604618	 -0.2250476351854203	 
0.20538757909505007	 0.9553200877445235	 0.21255463369512823	 -0.06173713905660203	 
-0.5116498494490992	 -0.08032831090573583	 0.8554307651854388	 0.19078145268653388	 
0.0	 0.0	 0.0	 1.0	 
18	 21	  37
0.7559744091202826	 -0.43692440666011323	 0.4874420536022179	 -0.1695021506375464	 
0.20791274539264853	 0.8663473563747963	 0.45410852051650996	 -0.1666612883404056	 
-0.6207052304101613	 -0.24194900488968674	 0.7457785837461136	 0.24583358680709697	 
0.0	 0.0	 0.0	 1.0	 
18	 22	  37
0.7842056100764377	 -0.44350208507516237	 0.4339671204810617	 -0.22740329577245444	 
0.18604225085960352	 0.8352612438755871	 0.5174233618368022	 -0.21839622929591423	 
-0.5919542566953405	 -0.3250300832436736	 0.73752667949497	 0.37331767936490123	 
0.0	 0.0	 0.0	 1.0	 
18	 23	  37
0.9646654327694149	 -0.19793856584781208	 0.17389918622554668	 -0.36612807484774673	 
0.1140840839910161	 0.9087285255178567	 0.4014938214843054	 -0.24705680686379333	 
-0.23749826230885762	 -0.3674680816890796	 0.8992006363098392	 0.5051100268020003	 
0.0	 0.0	 0.0	 1.0	 
18	 54	  37
0.9167637773833891	 -0.20872865089215	 0.3405532656934637	 -1.3742859340012308	 
0.11847404263632698	 0.9563269914432515	 0.267212624436992	 0.3758259344788493	 
-0.3814552106068887	 -0.20462413282367783	 0.9014548721744265	 -1.1345612261469982	 
0.0	 0.0	 0.0	 1.0	 
18	 55	  37
0.916221052314988	 -0.13960308520605547	 0.3755661884352306	 -1.2917473263702732	 
0.14510129246578793	 0.9893211330153291	 0.013759022277139772	 0.15765646125777763	 
-0.3734763690242983	 0.04188883347881519	 0.9266934376643711	 -1.3227221184742946	 
0.0	 0.0	 0.0	 1.0	 
18	 56	  37
0.9420643896630365	 -0.013478145137869504	 0.33516119305858316	 -1.295828477500143	 
0.11713622725281586	 0.9495065674831362	 -0.29106078844696426	 0.26019117566902034	 
-0.31431479442397736	 0.3134575216995669	 0.8960751040488618	 -1.3793544083795846	 
0.0	 0.0	 0.0	 1.0	 
18	 57	  37
0.959535203411499	 -0.07967900750947284	 0.27008044945230375	 -1.6652649903083332	 
0.1557283566239654	 0.9492635958535082	 -0.2732165890469803	 0.28040106954928634	 
-0.23460791196643876	 0.30422011989605946	 0.9232601184353058	 -1.6468101820692695	 
0.0	 0.0	 0.0	 1.0	 
18	 58	  37
0.34480959568440084	 0.8868541181838925	 -0.3075648155823905	 0.023282432792362716	 
-0.9143601790469137	 0.3914276743795125	 0.10358493473060192	 -0.08637470203542309	 
0.2122541064320231	 0.24550794038099127	 0.9458721084336014	 -0.9760252725270818	 
0.0	 0.0	 0.0	 1.0	 
19	 20	  37
0.8685879917950755	 -0.2656710628042914	 0.4182986814440558	 0.06303772255914251	 
0.1876140386510949	 0.9576044275472583	 0.21862006505102313	 0.03187970830048838	 
-0.4586456944204569	 -0.1114120582806298	 0.8816073277027875	 -0.019674715739505088	 
0.0	 0.0	 0.0	 1.0	 
19	 22	  37
0.8220188611491357	 -0.3712883049874498	 0.43177538894039	 0.02532480476892507	 
0.18165514527681553	 0.8895741312180269	 0.41911725478934014	 -0.03660999043084456	 
-0.5397095516197002	 -0.26608806746496494	 0.7986931452336519	 0.14228984753490467	 
0.0	 0.0	 0.0	 1.0	 
19	 23	  37
0.9872562620355119	 -0.12179534195005312	 0.10242542531490313	 -0.10352769778685948	 
0.0802146743242097	 0.9367382867335531	 0.34071540644729953	 -0.08366334092590169	 
-0.1374433668633382	 -0.3281573964529178	 0.9345705131548461	 0.25678887195178507	 
0.0	 0.0	 0.0	 1.0	 
19	 54	  37
0.9619359379171234	 -0.1651978681558624	 0.21768995314497533	 -0.8473348201929648	 
0.09932993249334186	 0.9534748915194207	 0.28463871091771215	 0.4751621337926817	 
-0.25458361269801194	 -0.25218107700378173	 0.9335908571461273	 -1.5179075793873529	 
0.0	 0.0	 0.0	 1.0	 
19	 55	  37
0.9506058695458277	 -0.04687697010088357	 0.3068403990011441	 -0.8753706063896116	 
0.05573292868083213	 0.9982421903491545	 -0.020158622660757457	 0.37286588011635	 
-0.3053560568347676	 0.03626401909720429	 0.9515474762055958	 -1.613170311729382	 
0.0	 0.0	 0.0	 1.0	 
19	 56	  37
0.9795550809951018	 -0.02754688935719679	 0.19928123891480823	 -0.71584395131163	 
0.08129435176215824	 0.9603021782314833	 -0.2668538080212424	 0.32879386151746415	 
-0.18401921548645128	 0.2775984426660391	 0.9429082844906708	 -1.7443016537718061	 
0.0	 0.0	 0.0	 1.0	 
19	 57	  37
0.9829373663890751	 -0.08508558743548797	 0.16307843685437495	 -1.1303590113885353	 
0.12025967809408429	 0.9681177163498615	 -0.21974006715716682	 0.2685937841651937	 
-0.13918241117618116	 0.23560248322181757	 0.9618314438189766	 -2.0533875424807215	 
0.0	 0.0	 0.0	 1.0	 
19	 58	  37
0.8014600855384117	 0.07092196319984699	 0.5938280950112086	 -1.8406450000075159	 
0.09226960306692433	 0.9663904954067601	 -0.23994943370916674	 0.5217120222447805	 
-0.5908875118316796	 0.24710217628211373	 0.7679794677190337	 -1.8775496210112	 
0.0	 0.0	 0.0	 1.0	 
20	 21	  37
0.9886047184866991	 -0.05694162551716872	 0.13934978245155877	 -0.03799973098817634	 
0.027081729858192998	 0.9778702538149995	 0.20745203448430125	 -0.087454432877302	 
-0.14807866319535118	 -0.20131422698669485	 0.9682692247092369	 0.04280521908984651	 
0.0	 0.0	 0.0	 1.0	 
20	 22	  37
0.9978447031611348	 -0.040838526889484514	 0.0513630518443309	 -0.10906529973893153	 
0.02785878618177022	 0.9723440353323213	 0.23188567223124518	 -0.11223673457684369	 
-0.059412426358001744	 -0.22995497749593274	 0.9713860570952721	 0.09638668354146368	 
0.0	 0.0	 0.0	 1.0	 
20	 23	  37
0.4739860954026694	 -0.8505588249424584	 0.22778688873031025	 -0.11178937990595939	 
0.8800208196229211	 0.46640189857387304	 -0.08962491861579676	 0.1653931263939076	 
-0.030008971910636943	 0.24293816974528648	 0.9695774890567929	 0.157315398386527	 
0.0	 0.0	 0.0	 1.0	 
20	 54	  37
0.4766276284743603	 0.09537199138670958	 -0.8739166362038437	 2.087348068633248	 
-0.1036102260169006	 0.9932635741569547	 0.05188827726644264	 1.2505292583066618	 
0.8729782499235789	 0.06581531365788484	 0.48329837538365483	 -0.45683133079621824	 
0.0	 0.0	 0.0	 1.0	 
20	 55	  37
0.9743812456698254	 0.11588086606682137	 -0.19275064971751135	 0.03362449312941852	 
-0.1429205499866516	 0.9807784419325163	 -0.13284338234153367	 0.5692652069512029	 
0.17365167571443835	 0.15698812923284744	 0.9722138770875153	 -1.7605971615080642	 
0.0	 0.0	 0.0	 1.0	 
20	 56	  37
0.9425765326899114	 0.10707111535868462	 -0.31636253930911473	 0.14213625746463093	 
-0.23405012387922802	 0.8874892925141803	 -0.3969676248572387	 0.6344986906399681	 
0.23826459983468362	 0.44821705894413116	 0.8615865879510259	 -1.7949762517958723	 
0.0	 0.0	 0.0	 1.0	 
20	 57	  37
0.1905511440529264	 -0.852483040481033	 -0.4867883802971618	 1.6266918630678122	 
-0.9717062385806161	 -0.2342891406668927	 0.029926317332401933	 1.0069130993673931	 
-0.13956090929637666	 0.4673128119983255	 -0.8730071525128456	 3.385225881116593	 
0.0	 0.0	 0.0	 1.0	 
20	 58	  37
-0.3815838527655229	 -0.5991701123441491	 0.7038387171661695	 -1.096313115420731	 
0.8746401020358775	 0.012257382401175113	 0.4846178375662005	 -0.7996763454936264	 
-0.29899574448357713	 0.800527908976427	 0.519380988996074	 -0.5950047341452123	 
0.0	 0.0	 0.0	 1.0	 
21	 22	  37
0.9992646866730991	 0.03699385257634187	 -0.010076747474896487	 -0.12375458791718667	 
-0.03627535918763393	 0.9972902959045155	 0.06400128131914856	 -0.039380084068581775	 
0.012417096436812622	 -0.06358868268996083	 0.9978989403490888	 0.04980423623649426	 
0.0	 0.0	 0.0	 1.0	 
21	 54	  37
-0.8861473042719813	 0.11346593788175167	 0.44929771429656157	 -0.9816567116833922	 
-0.3474920534428468	 -0.8041513870532869	 -0.48227566753294576	 0.08490234149803216	 
0.3065815192172777	 -0.5834946680483797	 0.7520250956141933	 -1.8563157351695199	 
0.0	 0.0	 0.0	 1.0	 
21	 55	  37
0.9668710586562755	 -0.052777824967456616	 -0.24974958883769183	 0.07287394607432146	 
0.007506821059952635	 0.9838480645413767	 -0.17884807389446528	 0.5674406933148178	 
0.25515486193773695	 0.17104820107177648	 0.9516504134080132	 -1.8237714764605477	 
0.0	 0.0	 0.0	 1.0	 
21	 56	  37
0.30366430288999535	 0.923445232691451	 -0.23459943173367698	 -0.25256061452835626	 
-0.8736047887009621	 0.17158590172133276	 -0.45538220374672395	 1.35384132063525	 
-0.3802665700651039	 0.3432305064383235	 0.8588306906142862	 -1.506100374698972	 
0.0	 0.0	 0.0	 1.0	 
21	 57	  37
0.8325880407862751	 0.07024540435218979	 0.5494203650276069	 -2.3789692230903037	 
0.28422682179433245	 -0.9055549835428965	 -0.31493695488671486	 1.109634437624438	 
0.47540747586924237	 0.4183727464212041	 -0.7739198775969088	 2.635407857773626	 
0.0	 0.0	 0.0	 1.0	 
21	 58	  37
-0.4858527534433978	 0.7430957369707655	 -0.4601693467272073	 0.8841872247445212	 
-0.5803554802309897	 0.11940282482312899	 0.8055622148475652	 -2.9191429210091533	 
0.6535553676141956	 0.6584464223611005	 0.37324749207803287	 -0.7021824731281462	 
0.0	 0.0	 0.0	 1.0	 
22	 23	  37
0.9045486311292039	 0.2911865522852732	 -0.31145170683510215	 -0.20962434144901945	 
-0.3096381755765041	 0.9507981396079468	 -0.010348813638345333	 -0.005208408759214252	 
0.29311426807294233	 0.10579834349498575	 0.9502056284645869	 0.013892672758351004	 
0.0	 0.0	 0.0	 1.0	 
22	 54	  37
0.9305613800553203	 0.3655700981279587	 -0.020347513466059494	 -0.08782758762405951	 
-0.36553262441447465	 0.9244033291755025	 -0.1089237600246779	 1.2672667044832704	 
-0.021009960452219215	 0.10879792444693659	 0.9938418351014584	 -1.5505300133003073	 
0.0	 0.0	 0.0	 1.0	 
22	 55	  37
0.9347424550887211	 0.22944801635995662	 -0.2713119061950484	 0.3322758808479283	 
-0.2998416298870336	 0.9190574695149561	 -0.25578968844629396	 0.8026820239734452	 
0.1906607973375669	 0.3204480855259495	 0.9278801026217537	 -1.7699469155615248	 
0.0	 0.0	 0.0	 1.0	 
22	 56	  37
0.9354530182270333	 -0.014268644054386532	 -0.3531629319263035	 0.3690991597168926	 
-0.2025708440372031	 0.7971582345335152	 -0.5687739465389249	 1.1099831015125126	 
0.28964237230762485	 0.6036018181817034	 0.7428136652295467	 -1.7100424959227254	 
0.0	 0.0	 0.0	 1.0	 
22	 57	  37
0.9038395491537975	 0.14331344588862785	 -0.4031567010642236	 0.1637609138877691	 
-0.39852906491196655	 0.6248940043289054	 -0.6713285840586405	 1.9906457215263935	 
0.15571979259507707	 0.7674429878377371	 0.6219184887208553	 -1.6692428282239689	 
0.0	 0.0	 0.0	 1.0	 
22	 58	  37
0.973159087711803	 0.19348472891880553	 0.12459955729915652	 -0.7291238797463706	 
-0.09602563845033628	 0.8334341609390657	 -0.5442118853351132	 1.4145735691789432	 
-0.20914221659945845	 0.5176399898143592	 0.8296435223521329	 -2.296977835514197	 
0.0	 0.0	 0.0	 1.0	 
23	 24	  37
0.7576916399802344	 0.46248689618236766	 -0.4604446216035793	 0.06174387049525785	 
-0.4012102601635433	 0.8865668346987684	 0.2302815119624437	 0.18621636253618826	 
0.5147171124448505	 0.010252729968524365	 0.8572987668745526	 -0.06123900132387455	 
0.0	 0.0	 0.0	 1.0	 
23	 54	  37
0.9640364997173606	 -0.1677497621157007	 0.20613986640828486	 -0.7976295654916914	 
0.21418803747534257	 0.9495856729922644	 -0.2289334712319067	 1.4700048933058245	 
-0.15734392843437262	 0.2648529157059722	 0.9513652407077338	 -1.2096106729958032	 
0.0	 0.0	 0.0	 1.0	 
23	 55	  37
0.9559958132546869	 -0.24115810807383165	 0.16707714370840288	 -0.48948186694515866	 
0.2830001767987934	 0.9081685612535125	 -0.30844896544254324	 0.9403818080267174	 
-0.07734924027655192	 0.34215878077432654	 0.9364531295092484	 -1.763397835093514	 
0.0	 0.0	 0.0	 1.0	 
23	 56	  37
0.9980182650925651	 0.023536142201309514	 0.0583574549813972	 -0.3399163202206553	 
0.012742211182487279	 0.8326091181767062	 -0.5537144502206783	 1.020282825327404	 
-0.06162125117041153	 0.5533607379813704	 0.8306592051286172	 -1.8069647579466188	 
0.0	 0.0	 0.0	 1.0	 
23	 57	  37
0.9281652995778019	 0.3237907156620363	 -0.18349046054418103	 -0.20040150061276463	 
-0.37024772114844007	 0.8533701179662123	 -0.36698237934091554	 0.9231456541455818	 
0.0377597887181105	 0.40855723492969626	 0.9119513057957451	 -2.296764194804338	 
0.0	 0.0	 0.0	 1.0	 
23	 58	  37
-0.644982174660959	 0.7381912529643929	 0.1976655468625711	 -0.5205458531749029	 
0.6543897499661944	 0.3999219277252358	 0.6417448923549859	 -1.0658282440529872	 
0.39467967962488504	 0.5432643240370115	 -0.7410073040934261	 2.025394881693368	 
0.0	 0.0	 0.0	 1.0	 
24	 25	  37
0.9088219001964577	 0.2122861363143634	 -0.3591341672022041	 -0.16010616837378866	 
-0.2924459332965429	 0.9381100917567966	 -0.18553929999428437	 -0.0645441374904251	 
0.297519965416802	 0.27364950588805137	 0.9146572134442557	 -0.08770248180930236	 
0.0	 0.0	 0.0	 1.0	 
25	 26	  37
0.9094112630953743	 0.179148380525191	 -0.3753358660060039	 -0.01162441904502756	 
-0.17568105321144545	 0.9834744377901038	 0.04375154575505182	 0.02551644202097716	 
0.37697124837020823	 0.026151251760487913	 0.9258557068645019	 -0.12030767814222335	 
0.0	 0.0	 0.0	 1.0	 
26	 27	  37
0.9729456992343238	 0.09458182189013568	 -0.21078649223652005	 -0.0973310871211481	 
-0.1043372527808113	 0.9939037182096597	 -0.03562494366545953	 0.0813063033889902	 
0.20613200630563572	 0.056654019248036216	 0.9768827555441121	 -0.09575638718572485	 
0.0	 0.0	 0.0	 1.0	 
26	 28	  37
0.9077014557228147	 0.09650642648114593	 -0.4083681879462723	 -0.18641981815027847	 
-0.1413770507130654	 0.9866295865783706	 -0.08108383574960387	 -0.004081962685722382	 
0.3950830252116113	 0.13133380576238826	 0.9092089059471475	 -0.26542956642250337	 
0.0	 0.0	 0.0	 1.0	 
26	 50	  37
0.9828965609061545	 -0.17026300711669504	 0.07017733940834452	 -2.128581643084616	 
0.1675904346829083	 0.9849444909278469	 0.04240042445162808	 0.18793631616419776	 
-0.07634000760838099	 -0.029914180558132053	 0.9966330041895493	 -0.3553401086319436	 
0.0	 0.0	 0.0	 1.0	 
26	 51	  37
0.8440173401842738	 -0.30750386988277395	 0.4394042551857937	 -1.7477973143145502	 
0.3199968768998861	 0.9462255798811476	 0.047530524433309795	 0.11305611219229314	 
-0.43039136636622194	 0.10049140254620868	 0.897031075142725	 -0.38854428786030315	 
0.0	 0.0	 0.0	 1.0	 
27	 28	  37
0.9781403462670415	 0.004344549330372498	 -0.20790042783916568	 -0.11273175286304553	 
-0.02855510015666557	 0.9931168104344535	 -0.11359404512359131	 0.02413128224747903	 
0.2059758948509147	 0.11704753617062452	 0.9715316798832404	 -0.11269761463989257	 
0.0	 0.0	 0.0	 1.0	 
27	 50	  37
0.94043878202313	 -0.23789450126194314	 0.24286025515959184	 -1.9660712071100948	 
0.2223326251033483	 0.970807231095065	 0.09000846553622228	 -0.018111889623330473	 
-0.257183010872617	 -0.03065169363775521	 0.9658764789535107	 0.11482220754311391	 
0.0	 0.0	 0.0	 1.0	 
27	 51	  37
0.31320211997687536	 -0.540535319544788	 0.7808495375977401	 -2.8335186062980697	 
0.7061275363637004	 0.6823600279690479	 0.18912613415128668	 0.02768341417380674	 
-0.6350498676725477	 0.4921446540954131	 0.5954034808551126	 0.88850909491783	 
0.0	 0.0	 0.0	 1.0	 
28	 50	  37
0.8803607259018262	 -0.3028632468972407	 0.36501896658731386	 -1.6257107304587712	 
0.19712080698477072	 0.933604421014718	 0.29920924537093674	 -0.3303573661897606	 
-0.4314028045148552	 -0.1914592351928573	 0.8816093134240833	 0.550129091513142	 
0.0	 0.0	 0.0	 1.0	 
28	 51	  37
0.3085111090254001	 -0.1863955704056695	 0.9327794953476745	 -2.2325785552682733	 
0.10689762777664222	 0.9811950405512558	 0.1607146215294242	 -0.13147800366376375	 
-0.9451951083155498	 0.050129669166719716	 0.32263481443513026	 1.1077926231021513	 
0.0	 0.0	 0.0	 1.0	 
29	 41	  37
-0.9304154775028721	 0.13484760106990354	 0.3407978340729222	 1.1624408597320732	 
0.23941104186691922	 0.9276677783941427	 0.28655688084824	 -0.509464517346247	 
-0.2775056616635039	 0.34820772164753694	 -0.8954004636640147	 4.800473135616373	 
0.0	 0.0	 0.0	 1.0	 
29	 42	  37
0.9420135588219082	 0.046897527248734874	 0.332281622924949	 -0.44088063089300783	 
-0.08651872782980159	 0.9906525864322641	 0.10546071652410906	 0.3833379676114991	 
-0.3242298023476502	 -0.12809400818547276	 0.9372656828971093	 -0.2991318092391014	 
0.0	 0.0	 0.0	 1.0	 
29	 43	  37
0.6888731950182424	 -0.4078583220400772	 0.599253961462093	 -0.9822878257440653	 
0.20541103115472645	 0.902640190778821	 0.37821553943581737	 -1.5094577383024756	 
-0.6951690653828825	 -0.1374491729092155	 0.70558323066897	 1.2807785212644103	 
0.0	 0.0	 0.0	 1.0	 
29	 45	  37
0.46640400456956393	 -0.20608062261499024	 -0.8602314116004434	 2.7303704304550864	 
0.3028204484376795	 0.950921650609612	 -0.06362224775888436	 -0.5725538667224479	 
0.8311239862556467	 -0.23082199068656384	 0.5059190924308101	 0.8987239646298596	 
0.0	 0.0	 0.0	 1.0	 
29	 47	  37
-0.29041488004605653	 -0.4782519450562224	 -0.8288149820664281	 2.6525486126967786	 
-0.9160865043030164	 -0.11130717243272416	 0.3852223124364818	 -0.09481132789152033	 
-0.2764863723254964	 0.8711405112925076	 -0.4057948933923577	 2.83935676979923	 
0.0	 0.0	 0.0	 1.0	 
29	 48	  37
0.39998639559769833	 -0.431821397929044	 0.8084189282960709	 -2.100967341001278	 
0.887638905144065	 -0.03717088152946403	 -0.45903757976985715	 0.6865037036438072	 
0.22827189360805397	 0.901192879386499	 0.368433625951357	 2.66653194603341	 
0.0	 0.0	 0.0	 1.0	 
29	 49	  37
-0.9672401928816089	 -0.2510756668191059	 0.03751558083902026	 0.587103099989167	 
0.1194256727882609	 -0.3196210406586167	 0.9399893079431134	 -1.3362271938111805	 
-0.22401767330596714	 0.9136757630032901	 0.339135197446294	 2.0211616050620616	 
0.0	 0.0	 0.0	 1.0	 
29	 50	  37
0.7542743345318547	 -0.19941137904632347	 0.6255440273660764	 -1.086953439227223	 
