0	 1	  37
0.9800558631634453	 -0.0583787819317154	 0.189953738839545	 -0.48633531530659097	 
0.056135744663640526	 0.9982754583900333	 0.017172284275191862	 -0.018250031252667467	 
-0.19062865275191865	 -0.006166603306411035	 0.9816428524436216	 0.10774591918905964	 
0.0	 0.0	 0.0	 1.0	 
0	 2	  37
0.8614484303783848	 -0.013593594818409485	 0.5076630929844408	 -0.6308101814013771	 
0.06457692663488868	 0.9944590831962948	 -0.08295150628394832	 0.027908693014819137	 
-0.5037225648559025	 0.10424176719672698	 0.8575530488702686	 0.08945589817377221	 
0.0	 0.0	 0.0	 1.0	 
0	 5	  37
0.39805585375456365	 -0.04682281708211988	 0.9161654660006667	 -0.8811249130299237	 
0.26464672772569736	 0.962097026493691	 -0.06581353292506066	 -0.031970579453773545	 
-0.8783584956017705	 0.2686576546694542	 0.39535985859935513	 0.026157768427179654	 
0.0	 0.0	 0.0	 1.0	 
0	 6	  37
0.7181089458712067	 -0.12616030327194813	 0.6843998244725619	 -0.7897999961372341	 
0.22666378273204776	 0.9722077730999334	 -0.058613782693725004	 0.11004838756199972	 
-0.6579840966598985	 0.19721973481981517	 0.7267470706788287	 0.20232664456586366	 
0.0	 0.0	 0.0	 1.0	 
0	 7	  37
0.7210307185288911	 0.0647699814080826	 0.689869228510816	 -0.6730212113203367	 
-0.005278329760718693	 0.9961060493347389	 -0.0880049868682239	 0.0443551508850494	 
-0.6928829931327865	 0.0598129416358683	 0.7185649378032692	 0.40594985401266126	 
0.0	 0.0	 0.0	 1.0	 
0	 34	  37
0.6139606288541143	 0.41706582315424695	 -0.6701555381952239	 0.74904826559755	 
-0.27373658875753815	 0.9088230328198195	 0.3148157794513661	 -0.22578945715658807	 
0.7403516908824118	 -0.009838402962626187	 0.6721477364647586	 0.5508578748845482	 
0.0	 0.0	 0.0	 1.0	 
0	 35	  37
0.8765166299278536	 0.25986311446263377	 -0.405203355368261	 0.994274146355138	 
-0.20357168730863134	 0.9628973973226161	 0.1771642468322801	 -0.1443192771972776	 
0.4362077092237526	 -0.07279947782170082	 0.8968963543479556	 0.5324983648737441	 
0.0	 0.0	 0.0	 1.0	 
0	 36	  37
0.9883257235373226	 0.06211535013867102	 -0.13911846560244298	 0.9669927182787174	 
-0.04753855902045626	 0.9932549863637918	 0.10575735184715152	 -0.10693014090560662	 
0.1447492645946307	 -0.09790921989585005	 0.9846123272936915	 0.4258200483159364	 
0.0	 0.0	 0.0	 1.0	 
0	 37	  37
0.9858265556503344	 0.14730036439965197	 -0.08030320555449645	 1.088755254027399	 
-0.1340061178389002	 0.9793567264527325	 0.15133658755745105	 -0.15508767915743954	 
0.10093741900972518	 -0.13843050602926021	 0.9852150183813366	 0.4182639171772916	 
0.0	 0.0	 0.0	 1.0	 
0	 38	  37
0.981494621239448	 0.028394337761868105	 0.1893728334822539	 0.7694641831944133	 
-0.05290439724083862	 0.9906620114363225	 0.12565788415186538	 -0.1502426187848708	 
-0.1840364997238756	 -0.1333511930205543	 0.9738316210153471	 0.39343946283431225	 
0.0	 0.0	 0.0	 1.0	 
0	 45	  37
0.7914532314347422	 -0.05275621872954601	 0.6089487366247376	 0.1435236235837707	 
0.21211513990041747	 0.958060267192167	 -0.19268547390163743	 -0.2824236988857257	 
-0.573244232309868	 0.2816687874313247	 0.7694502870949087	 0.11159539504207996	 
0.0	 0.0	 0.0	 1.0	 
0	 46	  37
0.8383206055467829	 -0.08751510650957996	 0.5381074878203154	 0.1582902046934612	 
0.14349333442221174	 0.9876489188092074	 -0.06292277927268383	 -0.06475214638864182	 
-0.5259545848189453	 0.12996430012745985	 0.8405242741291349	 0.23587382659665848	 
0.0	 0.0	 0.0	 1.0	 
0	 47	  37
0.7408438574449854	 -0.3606167405166675	 0.5666621086195621	 -0.24331923945385633	 
0.24826825768237276	 0.9309246106181962	 0.2678474221879305	 0.0004964391903755696	 
-0.6241099671639548	 -0.057748903058803897	 0.7791994693800243	 0.36031347186569707	 
0.0	 0.0	 0.0	 1.0	 
0	 48	  37
0.6540212167331794	 -0.46055981524625234	 0.6001174090485877	 -0.6985991895846849	 
0.2097066837331196	 0.8725973618017195	 0.4411314441006634	 0.008732657876019994	 
-0.7268282843013953	 -0.16266069210788897	 0.6672796597997529	 0.32933892655004704	 
0.0	 0.0	 0.0	 1.0	 
0	 49	  37
0.7404030733950496	 -0.31419868592578765	 0.5942074340410707	 -0.6202818496253047	 
0.17958759453792963	 0.9443555092823506	 0.27557388841497915	 -0.043446540713542633	 
-0.6477280176086603	 -0.09732347019388381	 0.7556299076625905	 0.5471988760902802	 
0.0	 0.0	 0.0	 1.0	 
1	 2	  37
0.9523157757775447	 0.00374118077998129	 0.30509124335448756	 -0.07181591096694946	 
0.03156315427226449	 0.9933522522895389	 -0.11070262040117755	 0.02981689029870422	 
-0.30347723225573436	 0.1150534938090693	 0.945866937293363	 -0.051271447187304996	 
0.0	 0.0	 0.0	 1.0	 
1	 3	  37
0.7317790005226357	 -0.18883668912795384	 0.6548589155179031	 -0.036075834635160196	 
0.25393805879291537	 0.967208276371259	 -0.004859260789812032	 0.061215848373271174	 
-0.6324673562252657	 0.16984950679389768	 0.7557355280462151	 -0.0813927846093772	 
0.0	 0.0	 0.0	 1.0	 
1	 5	  37
0.5974708553162795	 -0.009242093838614313	 0.8018373655231534	 -0.35324029739573654	 
0.21938811402493497	 0.9636668800021094	 -0.1523646934548242	 0.04525536005392259	 
-0.7712959435082073	 0.26694705109530376	 0.5777904805717259	 -0.17175030066907546	 
0.0	 0.0	 0.0	 1.0	 
1	 6	  37
0.8573491718806988	 -0.10941998297069054	 0.502970838918295	 -0.2524553434241412	 
0.17746039195744745	 0.9800696442289424	 -0.08928214685626241	 0.09547440647152873	 
-0.48317720016758714	 0.16580337688855448	 0.8596796109310516	 -0.003174770598363549	 
0.0	 0.0	 0.0	 1.0	 
1	 7	  37
0.8341535656824317	 0.05213572360697998	 0.5490625603547034	 -0.2606048662993881	 
-0.010101826787049153	 0.9967993610661015	 -0.07930313281186747	 -0.05293686746587547	 
-0.5514397355603332	 0.0606044561248496	 0.8320104073525533	 0.28396930583159985	 
0.0	 0.0	 0.0	 1.0	 
1	 34	  37
0.44924383333456386	 0.42873110161477695	 -0.7838173388736985	 1.1289984808255753	 
-0.3107167969616963	 0.8975414656121902	 0.31284882865784525	 -0.23719681496569503	 
0.8376365860543166	 0.10299980589739781	 0.5364289232399458	 0.6757846585547848	 
0.0	 0.0	 0.0	 1.0	 
1	 35	  37
0.7610748461735409	 0.326476607558189	 -0.5605159259461016	 1.3632508912606938	 
-0.2576496041352963	 0.945168694466104	 0.20068089218997215	 -0.2450899186098015	 
0.5952997228378698	 -0.008316472721909766	 0.8034606874456394	 0.7219704925270253	 
0.0	 0.0	 0.0	 1.0	 
1	 36	  37
0.9374275352981309	 0.15199137396420767	 -0.31325427100894004	 1.3417218579597496	 
-0.11183156343761251	 0.9834550545718199	 0.14251265577567754	 -0.24712711020441877	 
0.3297321905485862	 -0.09856357277214492	 0.9389152808631988	 0.5921692602071487	 
0.0	 0.0	 0.0	 1.0	 
1	 37	  37
0.946711063982284	 0.24039478104431813	 -0.2143560369576458	 1.4089780909211236	 
-0.21230178985248246	 0.9662397976020042	 0.14597466751279592	 -0.24349973510222875	 
0.24221088199947896	 -0.0926876624837063	 0.9657861491367241	 0.5511170111382583	 
0.0	 0.0	 0.0	 1.0	 
1	 38	  37
0.9931271613311673	 0.07960676850641815	 -0.08579745820397287	 1.3250187547040329	 
-0.0697114299480294	 0.9911770278121663	 0.11273161079324626	 -0.18618271140340784	 
0.09401466886022611	 -0.10597576112208142	 0.9899143296738852	 0.5512058517094415	 
0.0	 0.0	 0.0	 1.0	 
1	 45	  37
0.9146689829848654	 -0.12499935260367716	 0.38439018381599344	 0.790637162054751	 
0.23386721490047682	 0.939298888485999	 -0.2510452626194342	 -0.18510981060049414	 
-0.32967677710164206	 0.3195195767674152	 0.8883808095080884	 0.08324967377741357	 
0.0	 0.0	 0.0	 1.0	 
1	 46	  37
0.9145302885553599	 -0.09734856669199687	 0.39262909708510446	 0.5234181844901138	 
0.1275881676369141	 0.9904838881399002	 -0.051603554279905504	 -0.17671053011984278	 
-0.38386926263235077	 0.09728784044410882	 0.9182480412763302	 0.2687634174597258	 
0.0	 0.0	 0.0	 1.0	 
1	 47	  37
0.8400987133772926	 -0.3304554217005459	 0.4301550488492865	 0.14911341048196075	 
0.23326832211715826	 0.9360296187622225	 0.2635041606815606	 -0.05890335540027013	 
-0.48971424492091686	 -0.12102795986284573	 0.8634420601597851	 0.3165705532441624	 
0.0	 0.0	 0.0	 1.0	 
1	 48	  37
0.8126825018310854	 -0.3509895298310504	 0.4651381527745764	 -0.16235838473947042	 
0.18355617175469682	 0.9117984438525687	 0.367329184245949	 0.10726849672629853	 
-0.5530409415480261	 -0.2131430217882169	 0.8054289349375651	 0.16439571915248927	 
0.0	 0.0	 0.0	 1.0	 
1	 49	  37
0.8313292469100575	 -0.2961604552155468	 0.4702984881949727	 -0.2894394586359252	 
0.18031181408329414	 0.9441443811697433	 0.2758242868342	 -0.1091717797167893	 
-0.5257179214502281	 -0.14450042308631322	 0.8382960663118536	 0.4290758494460703	 
0.0	 0.0	 0.0	 1.0	 
2	 3	  37
0.8821246643035786	 -0.1827988839332716	 0.43409750593622015	 -0.08362057464910864	 
0.1636418460143013	 0.9831499773020225	 0.08147065952883739	 0.028561775587835177	 
-0.4416756987432388	 -0.000830760965859588	 0.8971743905038125	 -0.010780481088312591	 
0.0	 0.0	 0.0	 1.0	 
2	 5	  37
0.8197022326388229	 -0.074529141089903	 0.5679204670861323	 -0.14890419470149296	 
0.1469715153578904	 0.9856708745068959	 -0.08277862539458557	 0.028461619335008535	 
-0.5536132435918917	 0.1513219557011239	 0.8189102772846681	 -0.18368757601229138	 
0.0	 0.0	 0.0	 1.0	 
2	 6	  37
0.9669284564507573	 -0.1327176228320097	 0.21779667742088477	 -0.18545254785818877	 
0.13326260617919156	 0.9910050294812961	 0.012251911569413127	 0.07371748685432578	 
-0.21746364730705245	 0.017177430907892	 0.9759172597957875	 -0.009185143357669885	 
0.0	 0.0	 0.0	 1.0	 
2	 7	  37
0.9618084092781141	 0.05643177530728887	 0.26784330974951	 -0.28331731879832805	 
-0.05792989084155624	 0.9983179753395778	 -0.002312544264024576	 0.015062434379206154	 
-0.2675232916756776	 -0.013291909176463824	 0.9634597103986526	 0.2659134657960593	 
0.0	 0.0	 0.0	 1.0	 
2	 8	  37
0.9884560383337595	 -0.06464576384417813	 0.137024032558274	 -0.5207407394080662	 
0.059664064347255026	 0.9974102867027945	 0.04016116787414164	 -0.1291394439714285	 
-0.13926542897321906	 -0.031522138196053824	 0.9897532496013604	 0.7470920940077579	 
0.0	 0.0	 0.0	 1.0	 
2	 35	  37
0.5184671649815177	 0.35245384623885817	 -0.7790815651184807	 1.1349742821953166	 
-0.1836646258798381	 0.9357386181847532	 0.30109889345214585	 -0.2092748906868099	 
0.8351401702926551	 -0.013020165479841424	 0.5498830523433427	 1.218936697306408	 
0.0	 0.0	 0.0	 1.0	 
2	 36	  37
0.7723106959772587	 0.17650207939131682	 -0.6102320909700373	 1.1994199589197145	 
-0.06700608907869042	 0.9779004628520588	 0.19804259334826724	 -0.09255158108035448	 
0.6317011737407975	 -0.11206114725572743	 0.7670697011160259	 1.0941978971798227	 
0.0	 0.0	 0.0	 1.0	 
2	 37	  37
0.8168739558080744	 0.20386228867759898	 -0.5395897585922101	 1.2701880726418864	 
-0.08503118197799615	 0.9678014360760137	 0.23691787273363354	 -0.10177935380999802	 
0.5705143630215576	 -0.1476500849452395	 0.8079064388911442	 1.1081135205039148	 
0.0	 0.0	 0.0	 1.0	 
2	 38	  37
0.919775117936423	 0.10737940073695941	 -0.377469729544516	 1.1512637747634837	 
-0.04100641910138033	 0.9828702736539117	 0.1796788767773407	 -0.05952264326319212	 
0.3902975864869275	 -0.1497854781507751	 0.9084228665757053	 1.0245082662095601	 
0.0	 0.0	 0.0	 1.0	 
2	 45	  37
0.9790307521255392	 -0.1945433380734478	 0.06042909898169815	 0.8223662622809369	 
0.20295512416174427	 0.9570438871077283	 -0.20706572803392667	 -0.0690885440048308	 
-0.017550041851533225	 0.2149881107432907	 0.976458963945766	 0.4105701247228587	 
0.0	 0.0	 0.0	 1.0	 
2	 46	  37
0.9933862851416168	 -0.09603330165550783	 0.06293880731058868	 0.5320032812773594	 
0.09448330712930318	 0.9951557760825765	 0.027164057196847013	 -0.09382899416160446	 
-0.06524257173385305	 -0.021037735206671956	 0.9976476434748525	 0.5137717215040214	 
0.0	 0.0	 0.0	 1.0	 
2	 47	  37
0.9662607564371718	 -0.20717079923717993	 0.15303728471484704	 0.12370643470654397	 
0.14156135741186052	 0.9235400099660761	 0.356418619153897	 -0.05519241473946169	 
-0.21517558564385625	 -0.3227291587930774	 0.9217078481859299	 0.43769356878271737	 
0.0	 0.0	 0.0	 1.0	 
2	 48	  37
0.9468285870148436	 -0.23781360096905574	 0.2167032948655922	 -0.16903821320540033	 
0.10893412297339983	 0.8707130653296281	 0.47957493128425505	 0.045108194509971805	 
-0.3027358314826467	 -0.43046887118398314	 0.850322037394126	 0.1643192014523095	 
0.0	 0.0	 0.0	 1.0	 
2	 49	  37
0.9683715252491285	 -0.18986849646158002	 0.16188435112170665	 -0.26032849546558007	 
0.12252887131239226	 0.9270497394453352	 0.3543521642226105	 -0.04389921498031504	 
-0.21735515816650922	 -0.3233090389174973	 0.9209929427377039	 0.3954950710417388	 
0.0	 0.0	 0.0	 1.0	 
3	 4	  37
0.6837786837293756	 -0.12202045286679863	 0.7194148460794393	 -1.3659974791952985	 
0.1964688989495454	 0.9802963989482187	 -0.020468071592312304	 -0.006071899388775985	 
-0.7027422595965576	 0.15533827374905415	 0.6942790053615245	 0.44614366083020696	 
0.0	 0.0	 0.0	 1.0	 
3	 5	  37
0.9926187061779599	 0.03843693261915923	 0.11502480756959557	 0.0379299404173967	 
-0.01689958862716716	 0.9830317817599892	 -0.18265519416105358	 -0.011967339958641108	 
-0.12009374692224734	 0.17936309057498392	 0.97642530369177	 -0.17052855405516307	 
0.0	 0.0	 0.0	 1.0	 
3	 6	  37
0.967886100421988	 0.056043479045792294	 -0.24506249216548795	 -0.06762002920506484	 
-0.06268983518210976	 0.9978445106012126	 -0.01939889759409152	 0.042616563601260225	 
0.24344708085075906	 0.034138850588002395	 0.9693131886577077	 -0.030013574415283142	 
0.0	 0.0	 0.0	 1.0	 
3	 7	  37
0.9363868202978268	 0.24861486803842703	 -0.247730438506781	 -0.1698490350692718	 
-0.26536294409189815	 0.9634716243054309	 -0.03612391259451133	 -0.027155113534063743	 
0.22970030621530846	 0.09956443415442708	 0.9681553040582397	 0.20523738164426508	 
0.0	 0.0	 0.0	 1.0	 
3	 38	  37
0.40072135059937586	 0.4438045553587738	 -0.801535972877458	 0.8251290709156062	 
-0.2723924870458469	 0.8929990862247109	 0.35826661162158147	 -0.5344172444323378	 
0.8747712456264152	 0.07476729662514138	 0.47873282651242727	 1.8724777682152045	 
0.0	 0.0	 0.0	 1.0	 
3	 39	  37
0.5686238276327475	 0.3937159784003723	 -0.7222566517523538	 1.8264448218432592	 
-0.19079806982074643	 0.917200430653642	 0.3497705913330207	 -0.6589379369673747	 
0.8001643826120733	 -0.06108271736760762	 0.5966622683210557	 1.6576917377159262	 
0.0	 0.0	 0.0	 1.0	 
3	 43	  37
0.7880562928036999	 -0.22297283180246394	 0.5738034468792248	 0.7006101399984668	 
0.2510821820082571	 0.9674656769446098	 0.031111120392578212	 -0.2493998357800844	 
-0.5620720747826398	 0.11955450728474969	 0.8184019199253133	 0.7662760322520791	 
0.0	 0.0	 0.0	 1.0	 
3	 45	  37
0.932208338500545	 -0.11283216038593576	 -0.3438844532872865	 0.4824844060203503	 
0.041809480902675104	 0.9773732600681577	 -0.2073486865412704	 -0.26309804277808396	 
0.3594990694517891	 0.17891454408846624	 0.9158329569178615	 0.6702894840007795	 
0.0	 0.0	 0.0	 1.0	 
3	 46	  37
0.916505152503325	 0.11717377176787082	 -0.3824769439385178	 0.30257466020549867	 
-0.0997661859569563	 0.9928783385565036	 0.06511000664168136	 -0.35442981082226643	 
0.38738225769188095	 -0.021515390653408305	 0.9216680933994473	 0.7674243534160802	 
0.0	 0.0	 0.0	 1.0	 
3	 47	  37
0.9562544349028509	 0.11573481516957318	 -0.2686687705824654	 0.08774332318053486	 
-0.028684297870823917	 0.9510817724071503	 0.30760473541629957	 -0.08157827621321895	 
0.29112654771471214	 -0.2864418173949792	 0.9127959347319503	 0.5238231562529042	 
0.0	 0.0	 0.0	 1.0	 
3	 48	  37
0.9818810984207959	 0.11494374670874814	 -0.15065670797055813	 -0.042418625034125176	 
-0.04175584262298571	 0.9067250217992664	 0.41965007381145947	 0.06819089249535604	 
0.18484035860930212	 -0.40575567763824805	 0.8950957333679516	 0.15873473041032818	 
0.0	 0.0	 0.0	 1.0	 
4	 5	  37
0.9484908550569424	 0.06563354842548542	 -0.30993117815804005	 0.14878586303184924	 
-0.1033951967650196	 0.9888668903045847	 -0.1070126466604042	 -0.04640363916405797	 
0.2994570606268519	 0.13354591188209794	 0.9447173959763338	 0.022534955944351686	 
0.0	 0.0	 0.0	 1.0	 
4	 39	  37
0.7094371079663677	 -0.4598311860845164	 0.5340920053178309	 -0.3511750539541791	 
0.47159250612698633	 0.8728964506505233	 0.12510913078822467	 0.4822887445220521	 
-0.5237360957631075	 0.16311672736363933	 0.8361180749445576	 0.01874941908753172	 
0.0	 0.0	 0.0	 1.0	 
4	 40	  37
0.9901257922336909	 0.021054788589661293	 -0.13859152727007024	 0.0181570170130029	 
0.007546552884735206	 0.9792166826529156	 0.20267643660222892	 -0.3184725897725002	 
0.1399784451019648	 -0.20172105564780335	 0.9693888026045958	 1.4395690348354788	 
0.0	 0.0	 0.0	 1.0	 
4	 41	  37
0.937996620074666	 -0.1488875566540287	 0.31304126916765207	 0.0679101022930442	 
0.08216248166100107	 0.9728197174366636	 0.21649739946187596	 -0.31654649303166593	 
-0.33676648784552	 -0.17735358141307095	 0.9247345780407207	 1.2768722098016791	 
0.0	 0.0	 0.0	 1.0	 
4	 42	  37
0.93586601246458	 -0.1154362493392246	 0.33291031683043226	 -0.05747423603036531	 
0.1418962843450945	 0.9882844532569673	 -0.056207507858232454	 -0.5881312256096086	 
-0.32252170656050866	 0.09984143322824221	 0.941281805310306	 1.2783670468859452	 
0.0	 0.0	 0.0	 1.0	 
4	 43	  37
0.9884872009122709	 -0.11089854498333891	 0.10292990990572959	 0.058907593028605404	 
0.10752642142053553	 0.9934845810926559	 0.037768450162049876	 -0.22378545462054872	 
-0.10644774459384553	 -0.026265944714178053	 0.9939713163965819	 1.1695199483090513	 
0.0	 0.0	 0.0	 1.0	 
4	 45	  37
0.6903721747588235	 -0.11802802906826648	 0.7137616161387724	 -0.3180292988025239	 
0.05462832145437113	 0.9922901519804527	 0.1112474753766907	 -1.0847218377111456	 
-0.7213889428136878	 -0.03781056250401418	 0.6914971833270762	 1.5822268552180607	 
0.0	 0.0	 0.0	 1.0	 
4	 46	  37
0.9502648734770487	 -0.305009671891787	 -0.0629743621493122	 -0.7798061349608323	 
0.3010450433194958	 0.9513774489141977	 -0.06521373774194268	 0.0111038213077281	 
0.07980320876011832	 0.04301220466305526	 0.9958822210088961	 0.5165903896221427	 
0.0	 0.0	 0.0	 1.0	 
4	 47	  37
-0.4055334623656294	 -0.8931242152678788	 -0.19460664686459303	 0.967467742877401	 
0.8517251187599127	 -0.29192135179850204	 -0.43513934140404764	 1.9079118992901463	 
0.3318236474019858	 -0.3422149331432968	 0.8790802048496892	 0.6357757232026829	 
0.0	 0.0	 0.0	 1.0	 
4	 48	  37
-0.5433707162749404	 0.5424440614547449	 -0.6407048500576054	 1.530242969504784	 
-0.1207898512603227	 0.7047449582295608	 0.6991025358862052	 -0.5862922756242825	 
0.8307575317307492	 0.4572624892143403	 -0.3174160352441858	 3.5874831873692012	 
0.0	 0.0	 0.0	 1.0	 
5	 6	  37
0.9329402320771227	 0.0035559285522051365	 -0.36001372021634886	 -0.10603606493740907	 
0.04764166516993076	 0.9899385335852775	 0.13323652450760487	 0.11498829910518846	 
0.35686523382324603	 -0.14145336721040264	 0.9233840749076838	 0.11150319650231619	 
0.0	 0.0	 0.0	 1.0	 
5	 7	  37
0.9237417911724193	 0.1792137331021669	 -0.33850190709825717	 -0.29603746429887334	 
-0.14467981958483983	 0.9815695413359906	 0.12485585819796861	 0.05986507743866168	 
0.3546390461391271	 -0.06636017924206102	 0.9326454168463449	 0.35129275611035504	 
0.0	 0.0	 0.0	 1.0	 
5	 38	  37
0.4957846269015449	 0.38214734267051376	 -0.7798467876563715	 0.3809437199467231	 
-0.0724760915235991	 0.9130543386170532	 0.4013464723777187	 -0.12312368481703331	 
0.865415980835551	 -0.14246116390947008	 0.48037485039498057	 1.7981846936991341	 
0.0	 0.0	 0.0	 1.0	 
5	 39	  37
0.9374445194437518	 -0.22505951056635776	 0.26560495038403215	 -0.912837760414164	 
0.15187468137691792	 0.9508925591317703	 0.2696987618519801	 0.0870983969409547	 
-0.3132600423314987	 -0.2124889589871978	 0.9255898595960332	 0.9840712088584499	 
0.0	 0.0	 0.0	 1.0	 
5	 43	  37
0.4323614799312847	 0.03842668604374865	 -0.9008812021966734	 0.6196832761084258	 
0.03239557129629797	 0.9977845559274204	 0.058107718188777066	 0.35919232436918924	 
0.9011182373207274	 -0.054308100246786624	 0.4301587528059485	 1.1730405651370035	 
0.0	 0.0	 0.0	 1.0	 
5	 45	  37
0.7804244760130314	 -0.07527588458566077	 -0.6207021656476083	 0.5906515729385388	 
0.13619508953507337	 0.9893551468164242	 0.051257107354829926	 -0.3259241374473435	 
0.6102364581261251	 -0.12453888817432719	 0.7823691778859805	 1.4310720073480527	 
0.0	 0.0	 0.0	 1.0	 
5	 46	  37
0.8645628945466067	 0.057520409664424135	 -0.49922179824726093	 0.18691449979420985	 
0.025587841534437942	 0.9870999401391801	 0.15804736803513691	 -0.03301837618178702	 
0.5018727565218106	 -0.14941589824801885	 0.8519381583260234	 0.9573673961604799	 
0.0	 0.0	 0.0	 1.0	 
5	 47	  37
0.9439700000794014	 0.11858380948888378	 -0.30799110226952625	 -0.18725120156930036	 
0.05425116904414692	 0.8647683323509809	 0.4992319521227049	 -0.04600035577379879	 
0.32554177858984107	 -0.48796886323822697	 0.809882052463539	 0.6560714031036767	 
0.0	 0.0	 0.0	 1.0	 
5	 48	  37
0.9553280174826931	 0.15145097631099025	 -0.25379318506814713	 -0.15118663252037348	 
0.015371200206760742	 0.832098573506998	 0.5544147275928217	 0.1680622866072793	 
0.2951475990361274	 -0.5335490284332517	 0.7925990973002321	 0.2752255811617889	 
0.0	 0.0	 0.0	 1.0	 
5	 49	  37
0.9427185185880634	 0.13639945494719843	 -0.3044289463918195	 -0.4813665547891322	 
0.01750546362410106	 0.8911012019010445	 0.45346687499068633	 0.08961541247465028	 
0.333129634608558	 -0.432820790467164	 0.8376698692712704	 0.3645090292290835	 
0.0	 0.0	 0.0	 1.0	 
6	 7	  37
0.9757391796408789	 0.21113297561610114	 0.05793030227122907	 -0.17564050607778395	 
-0.21169983150431268	 0.9773275048947452	 0.0037589250134339195	 -0.11080723433308493	 
-0.05582324475333438	 -0.01593156563875278	 0.9983135532293984	 0.24084341805412274	 
0.0	 0.0	 0.0	 1.0	 
6	 35	  37
0.3342952682837619	 0.4765214046749074	 -0.8131260815456229	 0.9421417552255839	 
-0.2584894990900256	 0.8760356479195579	 0.4071175781446278	 -0.4004737447301805	 
0.9063276738924362	 0.07408707350686923	 0.4160303511475003	 1.4234471443787255	 
0.0	 0.0	 0.0	 1.0	 
6	 36	  37
0.6035056248703811	 0.34783234854067624	 -0.7174911971993025	 1.0324457403997565	 
-0.15347130115202273	 0.9336820556421271	 0.32354965414074766	 -0.39497244705783147	 
0.7824496919754754	 -0.08514972859950819	 0.6168646555338652	 1.3450317878166804	 
0.0	 0.0	 0.0	 1.0	 
6	 37	  37
0.6654390396952913	 0.37713820482348676	 -0.6441720724402185	 1.1211039653883388	 
-0.22434246918994846	 0.924126147152433	 0.309291643383646	 -0.3583626654085447	 
0.7119419505599919	 -0.06129958084454677	 0.6995577320143903	 1.3529113438010851	 
0.0	 0.0	 0.0	 1.0	 
6	 38	  37
0.7945699390678999	 0.3218960343949948	 -0.5148218672224495	 1.00188034337725	 
-0.17222268459972098	 0.9325610964469989	 0.31728401835395825	 -0.43578932601737647	 
0.5822353122569067	 -0.16344033906703168	 0.7964228127864961	 1.3035913022644192	 
0.0	 0.0	 0.0	 1.0	 
6	 39	  37
0.8276787244408985	 -0.1936153154184505	 0.5267457059562045	 -0.31818424519686955	 
0.13254289621370952	 0.9794896324867015	 0.15176442440291388	 -0.19475857184480877	 
-0.5453258748410618	 -0.05579578376974114	 0.83636506427657	 1.098585587744067	 
0.0	 0.0	 0.0	 1.0	 
6	 44	  37
0.9871022541021215	 -0.06715088366981019	 0.1453268687093821	 0.7094233218433191	 
0.06409214389099435	 0.9976147201856983	 0.025633321288243974	 -0.25856193531739413	 
-0.14670152363887182	 -0.015988398643199914	 0.9890515831193332	 0.6175677104019344	 
0.0	 0.0	 0.0	 1.0	 
6	 45	  37
0.9700938822719067	 -0.06141937809693645	 -0.2348308318190019	 0.9386966932733561	 
0.03235312038964498	 0.9915426979282269	 -0.1256835462034117	 -0.4547198440955346	 
0.2405642017833741	 0.11432732910112785	 0.9638766138053817	 0.7222487796585101	 
0.0	 0.0	 0.0	 1.0	 
6	 46	  37
0.9888921308425985	 0.08283598687830271	 -0.123412125966141	 0.48727880365173926	 
-0.07693929409819902	 0.9956886534936104	 0.05181168138317808	 -0.305129601848018	 
0.12717192528721058	 -0.041740922150555713	 0.9910020165654383	 0.6385856487334208	 
0.0	 0.0	 0.0	 1.0	 
6	 47	  37
0.9999100118697833	 0.002688440451023198	 0.0131430761433419	 0.15071791649615807	 
-0.007095358986952181	 0.9374492212720136	 0.34804972836843356	 -0.16474162284177596	 
-0.011385255526981478	 -0.3481116628675855	 0.9373839374195339	 0.49273100335402	 
0.0	 0.0	 0.0	 1.0	 
6	 48	  37
0.9970752887313368	 -0.01885850708913307	 0.07406230695631004	 0.007610013014015408	 
-0.017868058953512848	 0.8846978246582218	 0.4658223819378414	 -0.03724775418635604	 
-0.07430747654546822	 -0.4657833356351213	 0.8817733740446375	 0.1914697773278304	 
0.0	 0.0	 0.0	 1.0	 
6	 49	  37
0.9997514951236363	 -0.005143170918822442	 0.021690914940442476	 -0.2288549955902224	 
-0.0025834870871314255	 0.9397339071817552	 0.34189692787064363	 -0.0862531162689749	 
-0.022142122583988743	 -0.34186800301551107	 0.9394870914076802	 0.3741546099049882	 
0.0	 0.0	 0.0	 1.0	 
7	 37	  37
0.6290495168080223	 0.240651134444909	 -0.739177743776131	 1.2494215470829693	 
-0.08225040091717778	 0.9661426418926421	 0.2445470651340328	 -0.15266146542370512	 
0.7730016668497919	 -0.09303454738474187	 0.6275452143394605	 1.2575479171989608	 
0.0	 0.0	 0.0	 1.0	 
7	 38	  37
0.8029525209794399	 0.1392684658098145	 -0.57954425498295	 1.1138909698426203	 
-0.060071699215846215	 0.9862773180367527	 0.15378050227369863	 -0.01966116305183607	 
0.5930081281113129	 -0.08866423381054371	 0.8002999522908307	 1.0303808973598307	 
0.0	 0.0	 0.0	 1.0	 
7	 39	  37
-0.9199205147648086	 0.3910311322162644	 0.02899827844055174	 -0.6879615466934239	 
-0.3267405603070103	 -0.7235852722029524	 -0.6080007895564276	 1.789266968557629	 
-0.21676450992980892	 -0.5687873130517637	 0.7934066673190022	 -0.03428904666301327	 
0.0	 0.0	 0.0	 1.0	 
7	 44	  37
0.9661642186556261	 -0.2562563459795937	 -0.029315315702707248	 1.0878130965845947	 
0.2558257332058652	 0.9665615074019325	 -0.017664841878277306	 0.15246095409924643	 
0.03286178356760659	 0.009567526017194655	 0.9994141111804785	 0.5033544400048652	 
0.0	 0.0	 0.0	 1.0	 
7	 45	  37
0.9269347799931601	 -0.30631508369961685	 -0.21670944404231246	 1.079085060134716	 
0.25698199169251246	 0.9390890228004861	 -0.2281930393359482	 0.017107885849872547	 
0.2734084299811925	 0.1558296401642671	 0.949191737038146	 0.44878364639223883	 
0.0	 0.0	 0.0	 1.0	 
7	 46	  37
0.9736466351639265	 -0.13817881167215826	 -0.18143551427114352	 0.6547133620220967	 
0.14321367340720934	 0.9895798609205231	 0.014884307499254217	 -0.05481623831339711	 
0.17748823505567157	 -0.04047610239869056	 0.9832901970178658	 0.40674812704685787	 
0.0	 0.0	 0.0	 1.0	 
7	 47	  37
0.9826608099709018	 -0.16791798898289792	 -0.07862112644365682	 0.24385285224750225	 
0.185365942333215	 0.8992052048362745	 0.3963199048978893	 -0.15129738043901103	 
0.004147284683880689	 -0.40402171794507824	 0.9147399911769784	 0.26841680436607845	 
0.0	 0.0	 0.0	 1.0	 
7	 48	  37
0.9757845534723574	 -0.21500196900277715	 -0.04023255559468807	 0.06948399130990865	 
0.21076979909325896	 0.875033409429932	 0.43576670842506454	 0.18150368304320372	 
-0.058485870045149255	 -0.43369423065837154	 0.8991600065053521	 -0.08843944633212866	 
0.0	 0.0	 0.0	 1.0	 
7	 49	  37
0.9766702353200906	 -0.19907286543147268	 -0.08053102314450862	 -0.10345396631097499	 
0.2142197230547011	 0.9293851051185325	 0.30058815119392407	 0.07471170717903416	 
0.01500538883753928	 -0.3108268338363289	 0.9503481034195405	 0.09078888326341532	 
0.0	 0.0	 0.0	 1.0	 
8	 37	  37
0.696955168956154	 0.30050698990633234	 -0.6511136932078265	 1.765598061558331	 
-0.22949918119168822	 0.9536786438614251	 0.19449208229380202	 -0.03578203016472079	 
0.6793994541487688	 0.01387779737818149	 0.733637368488197	 0.6278405497379141	 
0.0	 0.0	 0.0	 1.0	 
8	 38	  37
0.8352768921003813	 0.2364055390681285	 -0.49641206131704224	 1.6204718094543178	 
-0.15226110709513885	 0.9669921607005871	 0.20431034337441442	 -0.11973597930468309	 
0.5283266686334217	 -0.09507145860622997	 0.843701575777356	 0.5397399356038244	 
0.0	 0.0	 0.0	 1.0	 
8	 39	  37
-0.34839154227958957	 0.061280549229486586	 -0.9353438017938541	 2.523998654101063	 
0.30366712839933346	 0.9514243345695749	 -0.05077411465052135	 0.875181796110121	 
0.8867973885830693	 -0.301722438467831	 -0.350077079694279	 2.9631359355064726	 
0.0	 0.0	 0.0	 1.0	 
8	 44	  37
0.9827003012623367	 -0.14085951453768147	 0.12024439722133229	 1.451663479100997	 
0.14504226918244562	 0.9890643691837008	 -0.026728519630831712	 0.07588872002108754	 
-0.11516448258608131	 0.043706644522972	 0.9923844371891488	 -0.10940380271109132	 
0.0	 0.0	 0.0	 1.0	 
8	 45	  37
0.9803779979098916	 -0.14499952990183362	 -0.13354444032770818	 1.4443502720957828	 
0.1115983859751488	 0.9666893682761443	 -0.2303420619635314	 -0.06698794451828911	 
0.1624954813585145	 0.21091894554571616	 0.9639027009755434	 -0.10883199464479318	 
0.0	 0.0	 0.0	 1.0	 
8	 46	  37
0.9964309401151653	 -0.05067721961756419	 -0.06750704402534922	 1.0574715063524764	 
0.050731718487027205	 0.998711904647969	 -0.0009078842322218179	 -0.03765021049102043	 
0.06746609756433401	 -0.0025201044143571003	 0.9977183844919265	 -0.0781043626800407	 
0.0	 0.0	 0.0	 1.0	 
8	 47	  37
0.991155703839056	 -0.1166526969585192	 0.06326546482568823	 0.6369611674534277	 
0.09331291451436881	 0.9516218017821052	 0.2927603906914567	 0.10681383788118802	 
-0.09435608476479204	 -0.2842676461809966	 0.9540905798730935	 -0.22669561091775337	 
0.0	 0.0	 0.0	 1.0	 
8	 48	  37
0.9868365267064225	 -0.11371970422650268	 0.1149847747688389	 0.47463842025766095	 
0.05499747659590351	 0.9046182852282747	 0.4226594794852458	 0.20924692219590113	 
-0.15208204077433624	 -0.41077194025552993	 0.8989646633614805	 -0.5141575595859451	 
0.0	 0.0	 0.0	 1.0	 
8	 49	  37
0.9946262818687822	 -0.06908587245400721	 0.07710837595975323	 0.2612932647596879	 
0.04104968630602465	 0.9469044154400768	 0.31888391504474456	 0.05352213694215635	 
-0.09504463514611933	 -0.314005048124	 0.9446519714067112	 -0.3062563668591712	 
0.0	 0.0	 0.0	 1.0	 
8	 50	  37
0.9967122821909683	 -0.0005583549600867358	 0.08102045895580219	 0.008022521915877549	 
0.003530966829587063	 0.9993255505188768	 -0.036551010292354164	 -0.05489600718648388	 
-0.08094540631140573	 0.036716921437968564	 0.9960420216422593	 0.04760521383984082	 
0.0	 0.0	 0.0	 1.0	 
8	 51	  37
0.9988575751351946	 0.002427246189003564	 -0.047724763707925826	 -0.23956513425324177	 
-0.0033004192061612753	 0.9998284501809007	 -0.01822573570317291	 -0.1306420070005459	 
0.04767233818581783	 0.018362425896277377	 0.9986942322288144	 0.25913930079107117	 
0.0	 0.0	 0.0	 1.0	 
9	 10	  37
0.998901347404145	 -0.04613567962627775	 -0.00822175283038673	 -0.4267040605382843	 
0.046858414046593494	 0.9809915480680581	 0.1883079171253058	 -0.0023078834426811124	 
-0.0006222436986706296	 -0.18848629044165133	 0.9820756239355113	 0.5285974595127887	 
0.0	 0.0	 0.0	 1.0	 
9	 51	  37
0.9982541989228088	 6.422215027930846e-05	 -0.059063950159952486	 0.2898083343692923	 
0.008059519311323083	 0.9904977053482479	 0.13729289802581124	 0.0569281202788169	 
0.0585115243473655	 -0.13752923898346417	 0.9887679757876348	 -0.09097132403875331	 
0.0	 0.0	 0.0	 1.0	 
9	 52	  37
0.9894029453782154	 -0.11787388252092183	 0.08477947567870084	 -0.2697266469089411	 
0.10449602597254623	 0.9834701562046979	 0.1478750567562078	 0.02688762679958911	 
-0.1008086912565393	 -0.1374488984101023	 0.9853656215298934	 0.23051524073149757	 
0.0	 0.0	 0.0	 1.0	 
9	 53	  37
0.9826778797430711	 -0.08537559538955784	 0.16448462656290874	 -0.5746083357772548	 
0.056911046345971494	 0.9836980959601426	 0.1705848434304652	 -0.11500979521882286	 
-0.17636699653695898	 -0.15826896005303162	 0.9715171737114396	 0.5893728393325364	 
0.0	 0.0	 0.0	 1.0	 
10	 11	  37
0.9833920446632313	 -0.02519069624701632	 -0.17973735091978407	 0.1454916859514577	 
0.008128945348974114	 0.9954404444110586	 -0.09503810750551245	 -0.06355964393548272	 
0.18131190457491883	 0.09199864375797381	 0.9791129877629596	 0.3971306663028026	 
0.0	 0.0	 0.0	 1.0	 
10	 51	  37
0.9947427737209746	 0.08449460372274531	 -0.057857376985478326	 0.7018986912615345	 
-0.09132090290774142	 0.9875843506638734	 -0.12781878976086203	 0.34937965754139	 
0.04633904209215362	 0.13243040536656495	 0.9901085197656014	 -0.5966675056093951	 
0.0	 0.0	 0.0	 1.0	 
10	 52	  37
0.9938975678559919	 -0.07067995748420551	 0.08468747380796174	 0.17046259227578284	 
0.07537614457213777	 0.9957136003948693	 -0.05359909344501018	 0.1103486217739122	 
-0.08053608780778648	 0.05965542388348013	 0.9949649084072759	 -0.29185582819542116	 
0.0	 0.0	 0.0	 1.0	 
10	 53	  37
0.9848153066482773	 -0.05219409001526544	 0.1655735146656569	 -0.15984809506136707	 
0.0641306758529083	 0.9956505016840486	 -0.06758206057047832	 -0.00410948622654233	 
-0.16132596878961977	 0.07717418910348821	 0.9838790963986935	 0.036291616845056364	 
0.0	 0.0	 0.0	 1.0	 
10	 54	  37
0.9989838870591816	 0.005460423039136174	 -0.04473675420011993	 -0.1178216694683727	 
-0.01557914501124375	 0.9732803059778234	 -0.22909110902964291	 -0.1328900498026155	 
0.04229046744654084	 0.2295552869701474	 0.9723764119862255	 0.34811911066953133	 
0.0	 0.0	 0.0	 1.0	 
11	 12	  37
0.9576361361036886	 0.058541193791471435	 -0.2819680114088569	 0.011554807229441801	 
-0.12435006215220132	 0.9671950452491783	 -0.22151931402968528	 -0.10568118157378088	 
0.25975005846224497	 0.24719763970335148	 0.9335005270774899	 0.15658191518032405	 
0.0	 0.0	 0.0	 1.0	 
11	 52	  37
0.9611675506917767	 -0.10716426805691491	 0.25430839378399533	 -0.0567450291577157	 
0.11222208992294601	 0.9936683653534417	 -0.0054205377173224545	 0.2741036405385117	 
-0.2521173179900502	 0.03374906439657885	 0.9671079870530792	 -0.6880100153138523	 
0.0	 0.0	 0.0	 1.0	 
11	 53	  37
0.9386117244067095	 -0.004353222476941547	 0.3449479384781556	 -0.3813888005844937	 
0.004260811350330472	 0.9999903963098389	 0.0010260481120652047	 0.08409974140849857	 
-0.34494909232073634	 0.0005066973037511001	 0.9386212585302668	 -0.3252556743684404	 
0.0	 0.0	 0.0	 1.0	 
11	 54	  37
0.990488883788299	 0.041953158963810196	 0.1310408468561117	 -0.25851583179530097	 
-0.020191163050227678	 0.9863899274511165	 -0.16317851561299687	 -0.0014079975511241975	 
-0.13610322562852356	 0.15898063868263723	 0.9778553412941879	 -0.0011371949066765609	 
0.0	 0.0	 0.0	 1.0	 
11	 55	  37
0.991889973502151	 0.06455199154805838	 -0.10948662408295298	 -0.18351712586712082	 
-0.07224927052574509	 0.9950757526779461	 -0.0678549139039816	 -0.09128260606252726	 
0.1045673150386878	 0.07521493747653087	 0.9916694962566923	 -0.007955477941933357	 
0.0	 0.0	 0.0	 1.0	 
12	 52	  37
0.896300735825157	 -0.16074702462294954	 0.4132860813457796	 -0.08786695361357612	 
0.04505934180540813	 0.9601760990818518	 0.2757381266129524	 0.05877529817414977	 
-0.441151500819554	 -0.22852188697546227	 0.8678496992554809	 -0.8373532966881264	 
0.0	 0.0	 0.0	 1.0	 
12	 54	  37
0.9102052925712155	 -0.061169395723574646	 0.40961522237602643	 -0.32805531762375745	 
0.009619043268843462	 0.9918883112597339	 0.12674798614930727	 -0.03755726433255108	 
-0.41404564891076984	 -0.11142658126823048	 0.9034103816123285	 -0.07237611639876974	 
0.0	 0.0	 0.0	 1.0	 
12	 55	  37
0.979482272390578	 -0.044322810510438924	 0.1965959474176517	 -0.3098750932991913	 
0.011575308108252354	 0.9862779507641481	 0.16468702462146523	 -0.005593348072796515	 
-0.20119763993344303	 -0.1590323624452827	 0.9665548186110725	 -0.09327362311283303	 
0.0	 0.0	 0.0	 1.0	 
12	 56	  37
0.9609177524885697	 0.07358370062115487	 -0.266875461508197	 -0.2619760701644684	 
0.04749195843053383	 0.9059173807387821	 0.42078285749281397	 0.0613623615458614	 
0.2727298788852247	 -0.4170121560317896	 0.8670174593887771	 -0.051919557844751024	 
0.0	 0.0	 0.0	 1.0	 
13	 14	  37
0.9724644386662524	 0.06631941028879536	 -0.22341587085181885	 0.11324737305307352	 
-0.08536238059010333	 0.9933952656618036	 -0.07667535549772767	 -0.10986797378963432	 
0.2168552040176129	 0.09363536714115535	 0.9717027521371028	 0.11488892038361531	 
0.0	 0.0	 0.0	 1.0	 
13	 15	  37
0.7883892466155153	 0.21826323195758698	 -0.5751552463434974	 0.39144229350949056	 
-0.112397501353569	 0.9703122330570959	 0.21415175009610837	 -0.10604667360904821	 
0.6048216245394122	 -0.10418892434026004	 0.7895159723110897	 0.3700056301609024	 
0.0	 0.0	 0.0	 1.0	 
13	 54	  37
-0.6484328610424998	 0.0614132727384084	 -0.7587906395388623	 1.7680886007380714	 
0.1832437228421398	 -0.9548427985280528	 -0.23387382952794997	 1.5520884837355222	 
-0.7388887350333545	 -0.2906950980506437	 0.6078978509668671	 0.26286040671201033	 
0.0	 0.0	 0.0	 1.0	 
13	 55	  37
-0.8222371553406138	 0.033060321684615444	 -0.5681840155332467	 1.6260422436585287	 
0.1412315448116905	 -0.9552347694619765	 -0.25996189328635605	 1.4265416824566894	 
-0.5513435509076695	 -0.2939958338838037	 0.7807603592213731	 0.12842019931317664	 
0.0	 0.0	 0.0	 1.0	 
13	 56	  37
0.9669172905129294	 -0.10635389572127195	 0.23186160133157804	 -0.5160826850876432	 
0.060441370259319005	 0.978576083881092	 0.1968138430525701	 0.09550921801281498	 
-0.24782613677397047	 -0.17628867496482775	 0.9526303107768694	 0.04773118991662071	 
0.0	 0.0	 0.0	 1.0	 
13	 57	  37
0.9707193443924491	 0.02426889405808295	 -0.23898739549083073	 -0.3328752816980191	 
0.03347661445670949	 0.9715079368198944	 0.23463086962390234	 -0.03313708790988718	 
0.23787238323691545	 -0.23576121283440424	 0.9422491070921963	 0.26137087798266007	 
0.0	 0.0	 0.0	 1.0	 
14	 15	  37
0.9181401404145915	 0.12491138757514221	 -0.37605295878842127	 0.2431536655517596	 
-0.01992096675447707	 0.9623658073686041	 0.27102621255395487	 0.03131880804795547	 
0.39575476957712147	 -0.2413487063603763	 0.8860750331067524	 0.1523320053001002	 
0.0	 0.0	 0.0	 1.0	 
14	 18	  37
0.5826600678831297	 0.16820358261788915	 -0.7951193621645327	 0.602567634261858	 
-0.012898673108082776	 0.980139061633737	 0.19789149575408435	 0.13999999475606345	 
0.8126136040742101	 -0.10504748761510156	 0.5732574952142168	 0.10955834541740421	 
0.0	 0.0	 0.0	 1.0	 
14	 56	  37
0.8589159388779745	 -0.2467936201909459	 0.44872744397285697	 -0.7274485846956503	 
0.0946580974087882	 0.937630859525443	 0.3344969594189546	 0.06728815538245597	 
-0.5032924145427934	 -0.24482908384958	 0.8287071045701608	 0.1291858678008006	 
0.0	 0.0	 0.0	 1.0	 
14	 57	  37
0.9959450461827339	 -0.08982587725784184	 0.004977625832599297	 -0.5097334620946397	 
0.08318924412715019	 0.9406016115670459	 0.3291628137852579	 0.048365844450025536	 
-0.034249301388840594	 -0.32741398884643597	 0.9442600623038346	 0.2872865740341055	 
0.0	 0.0	 0.0	 1.0	 
15	 18	  37
0.7716701080420505	 0.20565590581434928	 -0.6018562060476316	 0.49503941334815915	 
-0.21817593924786682	 0.9744561378748868	 0.05323997456113185	 -0.07575674600199989	 
0.5974315892951101	 0.09022684612485485	 0.7968278436090697	 0.06755838016986454	 
0.0	 0.0	 0.0	 1.0	 
15	 56	  37
0.9119746062729683	 0.1382767171509252	 -0.38624068533393313	 0.20718024086936615	 
-0.10087321087035399	 0.9881615880401905	 0.1155909652636972	 0.5712632143726848	 
0.3976517481942817	 -0.06645468693667267	 0.9151266916346498	 0.48820307163612686	 
0.0	 0.0	 0.0	 1.0	 
15	 57	  37
0.9024838670050372	 -0.19680235666989745	 0.3831340525257544	 -0.670203543564281	 
0.1724778376164705	 0.9802039700965512	 0.09721919840290884	 -0.12198563995033028	 
-0.3946824867241767	 -0.02165662522491003	 0.9185623143026753	 0.4379661329757727	 
0.0	 0.0	 0.0	 1.0	 
15	 62	  37
0.1761203547912936	 0.4494010414659692	 -0.8757969653735345	 0.8324678541793205	 
-0.2571253015580736	 0.8798184895487737	 0.3997574323846689	 -0.9773191742706752	 
0.9501937696737742	 0.15478413800327148	 0.2705063228387199	 2.483449474685006	 
0.0	 0.0	 0.0	 1.0	 
16	 17	  37
0.9940421108338092	 -0.04525318111389313	 -0.09915861782083087	 0.15086630893427475	 
0.03739273992441466	 0.996113744812538	 -0.07974453207892891	 -0.0868306154732172	 
0.10238195588095354	 0.07556161058775435	 0.9918711499561699	 -0.17390469626439897	 
0.0	 0.0	 0.0	 1.0	 
16	 61	  37
-0.8087917904878781	 -0.05590593536038391	 -0.5854317774351631	 -0.4019114364984929	 
