1	 2	  37
0.871854530493388	 -0.11632773179942911	 0.47574944715948364	 -0.17746020448218272	 
0.08627103064702116	 0.9926712623478862	 0.08462313028809416	 -0.03998154057595382	 
-0.4821068210772951	 -0.032735664390007885	 0.8755006506837613	 0.28028775717099474	 
0.0	 0.0	 0.0	 1.0	 
2	 3	  37
0.8382029777942108	 -0.1332857826238841	 0.5288200716380339	 -0.5728035179883774	 
0.12812559245027827	 0.9906622816610858	 0.04660553886948454	 -0.009716268777855568	 
-0.5300939544799411	 0.028690483516116555	 0.8474533943406144	 0.13250085215724056	 
0.0	 0.0	 0.0	 1.0	 
2	 5	  37
0.715562391617202	 -0.15156517824373678	 0.6819079559933386	 -1.0084635599574348	 
0.10509378825490047	 0.9884250460433449	 0.10941308890825416	 -0.09063591524311057	 
-0.6905981171226171	 -0.0066276012369201	 0.7232083486302823	 0.2253691943679584	 
0.0	 0.0	 0.0	 1.0	 
2	 7	  37
0.8464229512313971	 -0.10335885219485645	 0.5223840879101247	 -0.904818418298419	 
0.10849743684675253	 0.9938780660942328	 0.020849362927278233	 -0.14242402716687103	 
-0.5213410532716721	 0.03902995528757591	 0.8524553764061978	 0.34043152782729713	 
0.0	 0.0	 0.0	 1.0	 
3	 4	  37
0.9554344754852577	 -0.025040084843220557	 0.29413934997761554	 -0.4003502103929888	 
-0.0026328980442948745	 0.9956335697621373	 0.09331057073338961	 0.059404726404524016	 
-0.29519151563366186	 -0.0899265751251924	 0.9511967095107904	 -0.3614297675005037	 
0.0	 0.0	 0.0	 1.0	 
3	 5	  37
0.9776215825952076	 0.010934877161597252	 0.21008681468741228	 -0.4537819667515973	 
-0.018935602131774008	 0.9991684381671195	 0.03610921132600709	 -0.021220500654825995	 
-0.20951726472047463	 -0.03927926465884853	 0.9770156882834129	 -0.1682064761930461	 
0.0	 0.0	 0.0	 1.0	 
3	 6	  37
0.9865448729699128	 0.04333024233941248	 0.15764423146942586	 -0.4789269335361566	 
-0.005970163698600809	 0.9731444572578969	 -0.2301178447092806	 -0.06936170185209	 
-0.16338167205102916	 0.2260804180088151	 0.9603093636067331	 -0.01798433563145436	 
0.0	 0.0	 0.0	 1.0	 
3	 7	  37
0.9988588081086925	 0.03622910318653051	 -0.03112127159970418	 -0.34820989415423703	 
-0.036960361660804415	 0.9990461803310049	 -0.023252123170408732	 -0.08288693106235026	 
0.030249183949081593	 0.02437584148966024	 0.99924511768739	 -0.016455174930323602	 
0.0	 0.0	 0.0	 1.0	 
3	 38	  37
0.40240358885330985	 -0.5052810874821404	 0.7633887438984424	 -2.2009460568187063	 
0.3579517499290345	 0.8543397824248415	 0.3767944809694231	 -0.5399885940529238	 
-0.842580498469267	 0.12163288535235865	 0.5246556440181901	 1.4315045257431256	 
0.0	 0.0	 0.0	 1.0	 
3	 39	  37
0.11903915588697704	 -0.2898730374334958	 0.9496332458032383	 -2.199075632779491	 
0.20936860425019302	 0.9422564355849146	 0.2613763515567873	 -0.5619417694316801	 
-0.970563994242544	 0.16770936696526662	 0.1728557239783151	 1.5619745936061937	 
0.0	 0.0	 0.0	 1.0	 
3	 40	  37
0.08047916380215575	 -0.46359763057993647	 0.8823833300297409	 -1.8700005162375926	 
0.2388024113327723	 0.8684411218298471	 0.43449214752003146	 -0.650072743597535	 
-0.9677274991108592	 0.17574770221992836	 0.18059964736692113	 1.7205941232534858	 
0.0	 0.0	 0.0	 1.0	 
3	 41	  37
-0.15717048557593577	 -0.524295277477648	 0.8369061479511672	 -1.6470614818977016	 
0.20183232229861306	 0.8124988596868621	 0.5469088742040102	 -0.813388995589364	 
-0.9667270308310266	 0.2548726447114034	 -0.021881106883368598	 1.8167221587144389	 
0.0	 0.0	 0.0	 1.0	 
3	 45	  37
-0.01428718351424039	 0.09812999650764291	 0.9950710427766647	 -2.068801634174912	 
0.14412732784866306	 0.9849821454605477	 -0.09506569565905343	 -0.4787984035335034	 
-0.9894560069828441	 0.14205870937519408	 -0.028215834848890637	 1.5020606794674487	 
0.0	 0.0	 0.0	 1.0	 
3	 46	  37
0.01816241118909183	 -0.240644482135882	 0.9704433832209637	 -2.4174107406762757	 
0.28786172340541033	 0.9307644754737148	 0.225417655462492	 -0.7767419967995107	 
-0.957499741523654	 0.2752593766135729	 0.0861772624793907	 1.6769178926527561	 
0.0	 0.0	 0.0	 1.0	 
3	 47	  37
-0.08819277357903538	 -0.4591300241344197	 0.8839805742360887	 -1.7375023728534078	 
0.17447852549431303	 0.866598203788012	 0.4675091414429486	 -0.6445097748921266	 
-0.9807034612102519	 0.1954665550157364	 0.003680630450467085	 1.7269910630858003	 
0.0	 0.0	 0.0	 1.0	 
4	 5	  37
0.9963824058213901	 0.024543408848605487	 -0.08136167679975875	 -0.12465413084420718	 
-0.02939541873134793	 0.9978260439654145	 -0.05898385662144808	 -0.10165070170338836	 
0.07973713518296863	 0.06116213752331663	 0.9949377780576992	 0.15636611521567384	 
0.0	 0.0	 0.0	 1.0	 
4	 6	  37
0.9898199942261567	 -0.027192976650244248	 -0.1397029743814708	 -0.15532183260864718	 
-0.021826859229745067	 0.9409632816934582	 -0.33780421951308176	 -0.12064852395314715	 
0.14064127148989897	 0.3374146477638105	 0.9307907327794617	 0.30768413162147557	 
0.0	 0.0	 0.0	 1.0	 
4	 7	  37
0.9445837529329179	 0.009825005233766568	 -0.32812345689895517	 -0.049415957579798796	 
-0.05660056571551003	 0.9894566583071351	 -0.13331127968915688	 -0.13570741354416826	 
0.32335415515475957	 0.1444956421620832	 0.9351807845226068	 0.33719643147076755	 
0.0	 0.0	 0.0	 1.0	 
4	 38	  37
0.6744530893808847	 -0.4856607448394291	 0.5560995155065254	 -2.2305023744722274	 
0.3891037881438031	 0.8739206953839966	 0.29130887427556046	 -0.6615410053825915	 
-0.6274641601531711	 0.01990625784930297	 0.7783909484453899	 1.068518218817543	 
0.0	 0.0	 0.0	 1.0	 
4	 39	  37
0.3643696407716198	 -0.3939969689524941	 0.8438016078084992	 -2.238326182726404	 
0.3554768808209583	 0.896326005417801	 0.2650205260231189	 -0.851696818566334	 
-0.8607386084554143	 0.20338652971132537	 0.4666507981844896	 1.2081663150749802	 
0.0	 0.0	 0.0	 1.0	 
4	 40	  37
0.38168381347081487	 -0.48174535835450405	 0.7888211940853691	 -2.0408773394429454	 
0.32877062546370456	 0.8683790189094961	 0.3712516065284912	 -0.8058886023360078	 
-0.8638445128416233	 0.11764050842151189	 0.4898299382558677	 1.4212406393090116	 
0.0	 0.0	 0.0	 1.0	 
4	 41	  37
0.19379843630690072	 -0.5331905171345126	 0.823498657268383	 -1.830008427790608	 
0.3006655395315453	 0.8312995108782598	 0.467484070906989	 -0.932505628842534	 
-0.9338321045151553	 0.15699998615094313	 0.32141655981825007	 1.541114465330565	 
0.0	 0.0	 0.0	 1.0	 
4	 46	  37
0.3443853063865214	 -0.29883287072802583	 0.8899986944470808	 -2.460508180564831	 
0.3549007887298231	 0.9190823046489053	 0.17126922502366412	 -0.9193078040349075	 
-0.8691629254081263	 0.25687863409342476	 0.42257446260071735	 1.1448900291002488	 
0.0	 0.0	 0.0	 1.0	 
4	 47	  37
0.15267364432167524	 -0.5615312745796944	 0.813248661848541	 -1.863117275518539	 
0.286125631593562	 0.8127680584219007	 0.5074841930092792	 -0.9771512093742035	 
-0.9459507816343955	 0.1552118258316617	 0.28475675206617684	 1.5489561178320828	 
0.0	 0.0	 0.0	 1.0	 
5	 6	  37
0.9989538767814375	 -0.022814915912472734	 -0.03963119573319049	 -0.07023786329298104	 
0.011407103383991398	 0.9635782560373051	 -0.2671831253737641	 -0.05555830525373061	 
0.044283519007894845	 0.26645154175574287	 0.9628304865552738	 0.13871421426595804	 
0.0	 0.0	 0.0	 1.0	 
5	 7	  37
0.9720408003517571	 -0.009610967563872181	 -0.23461524194732775	 0.059033871997505025	 
-0.0049515711493473445	 0.9981008350572873	 -0.061401995090555876	 -0.07491016573909022	 
0.2347598014879674	 0.06084695851424164	 0.970147145151135	 0.1651584121895687	 
0.0	 0.0	 0.0	 1.0	 
5	 38	  37
0.5684103804834048	 -0.5328695661469816	 0.6268649494373076	 -2.0189739520440515	 
0.40940603618641397	 0.8440810448938068	 0.34628584606522256	 -0.5650553017214723	 
-0.7136500100839618	 0.059809824655374	 0.6979444447675293	 1.1509640754238082	 
0.0	 0.0	 0.0	 1.0	 
5	 39	  37
0.22441511380285906	 -0.40350138474361	 0.8870312785955401	 -2.0200492268092427	 
0.3350155126610183	 0.8867126446488203	 0.3185989518130427	 -0.7619890089702956	 
-0.9150969691641012	 0.22567081851644755	 0.3341709423286107	 1.367804794235189	 
0.0	 0.0	 0.0	 1.0	 
5	 40	  37
0.247135087703072	 -0.49380916505426486	 0.833712634505682	 -1.8063153572451751	 
0.27500776379403785	 0.8607662161238173	 0.42831326273288295	 -0.6847798677517551	 
-0.9291366843898681	 0.12342621151236373	 0.3485268885361751	 1.540803379155275	 
0.0	 0.0	 0.0	 1.0	 
5	 45	  37
0.2405918213978153	 -0.052345175210623915	 0.9692138866672568	 -1.8029148769535857	 
0.21046253187460812	 0.9776017673372339	 0.0005542346484762532	 -0.7271095513167835	 
-0.9475342200434824	 0.20384986419246218	 0.24621968791163637	 1.0998600025894814	 
0.0	 0.0	 0.0	 1.0	 
5	 46	  37
0.32241963126492157	 -0.29375896480627883	 0.8998617960392223	 -2.212865536621624	 
0.28644151791905226	 0.9363376272475347	 0.20303473745318829	 -0.7688996737147825	 
-0.9022177332480339	 0.1922953935912123	 0.3860383962980619	 1.0981130364738816	 
0.0	 0.0	 0.0	 1.0	 
6	 7	  37
0.9793040139556639	 0.027384192330744003	 -0.20053367363292518	 0.1445793207806512	 
0.008030199973702948	 0.9847673113705814	 0.17369184881374766	 0.06347194166000981	 
0.20223541761696004	 -0.17170745023541686	 0.9641666802970039	 0.010859947232010942	 
0.0	 0.0	 0.0	 1.0	 
6	 46	  37
0.19405260448126838	 -0.2872977321115768	 0.9379784644743082	 -2.24783725568636	 
-0.051949402242811436	 0.9518026883113725	 0.302279509940484	 -0.5095932292174103	 
-0.9796146417345197	 -0.10738554673134273	 0.16977484517018282	 1.5532531766165685	 
0.0	 0.0	 0.0	 1.0	 
7	 38	  37
0.35158805327160836	 -0.5127022508047732	 0.7832766068359248	 -1.8144511547118451	 
0.3288993425663914	 0.8510075115475327	 0.40940375883603125	 -0.4721695689901405	 
-0.8764765046800033	 0.11367769046473075	 0.46783150752651187	 1.5848644837427246	 
0.0	 0.0	 0.0	 1.0	 
7	 46	  37
0.09523203786569229	 -0.23317639800168047	 0.9677601078670834	 -1.9755896126599917	 
0.23488742875190724	 0.9499905817008247	 0.20578092840213888	 -0.5798344659181773	 
-0.9673462434817559	 0.20771774621993788	 0.14523974362083014	 1.5040576172172713	 
0.0	 0.0	 0.0	 1.0	 
8	 9	  37
-0.5213041566720804	 -0.2311466245719011	 0.8214701541659493	 -2.235637223784759	 
-0.20256476886871264	 -0.901588454795098	 -0.382237848195797	 1.436773789700743	 
0.8289809953488539	 -0.3656630910130316	 0.4231796465110526	 1.8283833465526045	 
0.0	 0.0	 0.0	 1.0	 
8	 35	  37
-0.8474674987145694	 -0.13959821095630925	 0.5121632338622811	 -1.8365256889873898	 
-0.2475646887573754	 -0.7495286844252078	 -0.6139368665459686	 2.1155036281451083	 
0.4695855230976944	 -0.6470850722444588	 0.6006416117581669	 0.7936341448381959	 
0.0	 0.0	 0.0	 1.0	 
8	 36	  37
-0.9118038681145578	 0.06929275856036123	 -0.40473722302554016	 0.08605532886216812	 
-0.17844278212443226	 0.82086100314116	 0.5425360697960839	 -1.3755775922388054	 
0.3698268237959798	 0.5669089231377333	 -0.7360994452299172	 3.6232850183092635	 
0.0	 0.0	 0.0	 1.0	 
8	 37	  37
0.7883934765188384	 -0.44779696215007814	 0.421798064091931	 -1.4230254429918239	 
0.3359103480073642	 0.8877844660713224	 0.31464738979376294	 -0.6304829377013146	 
-0.5153639144178708	 -0.10637961501912994	 0.8503431149978642	 0.9916579847769011	 
0.0	 0.0	 0.0	 1.0	 
8	 38	  37
-0.07986141127438681	 -0.5390023283871256	 0.8385097763189895	 -1.0459216672981952	 
0.5068913902682521	 0.7023552083070963	 0.4997582213789125	 -0.7094329665788828	 
-0.8583025535679025	 0.4649447831271513	 0.21712456144265413	 1.337220453708513	 
0.0	 0.0	 0.0	 1.0	 
9	 10	  37
0.8286550840222916	 0.14826070792462048	 -0.5397680188837599	 0.3390147374204348	 
-0.23086529476483159	 0.9689731980851066	 -0.08827319562510426	 -0.1688217642245549	 
0.5099332970077127	 0.19776173512186532	 0.8371728189116228	 0.4456930252653134	 
0.0	 0.0	 0.0	 1.0	 
9	 11	  37
0.8053999795696606	 -0.12299326475619284	 -0.5798306043438919	 0.41970885143760167	 
-0.1321043498900846	 0.916382066872413	 -0.37787874808562844	 -0.28647163029248235	 
0.5778229085535707	 0.3809416810211989	 0.7218061526555688	 0.435811508177656	 
0.0	 0.0	 0.0	 1.0	 
9	 32	  37
0.076926808876327	 0.12160974730755367	 -0.9895925097917319	 -0.3085171982989898	 
-0.7156211134840614	 -0.6843696011188536	 -0.1397307088662072	 -0.3664798328416667	 
-0.6942396473926972	 0.7189223312877502	 0.03438013327270911	 1.7396693631200266	 
0.0	 0.0	 0.0	 1.0	 
9	 33	  37
-0.9011389777174005	 -0.08281093035155573	 -0.4255477560189311	 1.2895572496491194	 
-0.2778939960506057	 0.8637428029477126	 0.42038470157113794	 -1.5489984998641608	 
0.3327513633292339	 0.4970822066523192	 -0.8013649668111265	 3.9298868150449358	 
0.0	 0.0	 0.0	 1.0	 
9	 35	  37
0.8474654508093389	 -0.3188093254459779	 0.42445603269738696	 -1.755279987734554	 
0.268980182450787	 0.9472216792852534	 0.17441545728738408	 -0.42356272209878454	 
-0.4576592303595176	 -0.0336408130208897	 0.8884910379773268	 0.0847130631559325	 
0.0	 0.0	 0.0	 1.0	 
9	 36	  37
0.5649822270870299	 -0.4346728878972159	 0.7013234372262723	 -1.3941676102277656	 
0.4429089435606936	 0.8769128379942454	 0.18669639063149382	 -0.5168727243494964	 
-0.696151384965748	 0.20514228010815136	 0.6879606777442288	 0.45415622714543946	 
0.0	 0.0	 0.0	 1.0	 
9	 37	  37
-0.9289434192393661	 -0.08993125816234343	 0.35913297350314805	 -0.562124557120452	 
-0.238856989090835	 -0.5955683750601221	 -0.766971739629764	 2.046236919009847	 
0.2828629749796457	 -0.7982547710058387	 0.5317686131693754	 1.238736174449975	 
0.0	 0.0	 0.0	 1.0	 
10	 11	  37
0.9987833684478464	 -0.04144183701819796	 -0.02672745884910512	 0.07350646283633971	 
0.028841955757642437	 0.9305446439526152	 -0.3650408294960635	 -0.02210263668008581	 
0.03999905623946227	 0.3638258371194341	 0.9306077776078894	 -0.03399777053704212	 
0.0	 0.0	 0.0	 1.0	 
10	 12	  37
0.9431323526191457	 -0.019428917491449958	 -0.33184918654139367	 0.18908814003172952	 
-0.08173739371819636	 0.9540870622053702	 -0.2881611982909604	 -0.10375605829122281	 
0.32221167562835307	 0.2988986364931029	 0.8982423065027244	 0.344463079753077	 
0.0	 0.0	 0.0	 1.0	 
10	 32	  37
-0.4924908355474653	 0.7595769890457315	 -0.4248477075541061	 -0.24674842468182176	 
-0.741110299829547	 -0.6219468791082441	 -0.25285885994774393	 1.153005503449691	 
-0.45629847730221235	 0.19032834071607527	 0.8692334682534649	 -0.5397559996966377	 
0.0	 0.0	 0.0	 1.0	 
10	 33	  37
0.8392032900841295	 -0.2283211680622955	 0.49356588428156206	 -1.7448934233941342	 
0.3188974640556967	 0.941780589897084	 -0.10655387328457357	 -0.35924387612032865	 
-0.4405022648418699	 0.24681726987341884	 0.8631564110643061	 0.0703527761781578	 
0.0	 0.0	 0.0	 1.0	 
10	 35	  37
0.55970678048491	 -0.41072763265662443	 0.7197437958409239	 -1.7921629799664673	 
0.2287640532520647	 0.9113621220658804	 0.342178448186412	 -0.5089627878885775	 
-0.7964893770910594	 -0.026868089546142917	 0.6040552772265441	 0.6930543640533903	 
0.0	 0.0	 0.0	 1.0	 
10	 36	  37
-0.21923544479565227	 0.8330082619823814	 0.5079695416207002	 -1.6535691072833991	 
0.5575562549545962	 0.5342144498427738	 -0.6354100598355262	 1.8570276830243535	 
-0.8006664988035012	 0.1439171881613667	 -0.5815677094246792	 2.834406900107884	 
0.0	 0.0	 0.0	 1.0	 
11	 12	  37
0.9534950311366646	 -0.019671226508895235	 -0.30076613580209915	 0.10986001137178109	 
0.04365240676377849	 0.9963598694303257	 0.07322211395824475	 0.06770030528931861	 
0.2982309390077102	 -0.0829460875293121	 0.9508828811069001	 0.38170077273403824	 
0.0	 0.0	 0.0	 1.0	 
11	 32	  37
-0.38320045878201303	 0.4806509375277984	 0.7887535005582563	 -1.4951087591246546	 
-0.9048645690763885	 -0.023933337813878477	 -0.4250262426854234	 0.1687666386509918	 
-0.18541175803992638	 -0.8765853475815886	 0.4440952694927161	 1.1219180547253034	 
0.0	 0.0	 0.0	 1.0	 
11	 33	  37
-0.9421384789058102	 -0.2128001672279896	 0.25901964287054885	 -0.10411734837989485	 
0.1697026788726547	 -0.9691167473091306	 -0.17892381302782503	 0.43590371873431544	 
0.28909529112126975	 -0.12461468177029213	 0.9491549366351087	 -0.2601327802941737	 
0.0	 0.0	 0.0	 1.0	 
13	 14	  37
0.9093726719833779	 0.06606333448710888	 -0.41070303052967133	 0.02730382005893786	 
-0.046502047744790304	 0.9972647799498257	 0.0574501368768335	 -0.08754921603921514	 
0.41337501497472423	 -0.03314505254287573	 0.9099574179523878	 0.4539668389595556	 
0.0	 0.0	 0.0	 1.0	 
13	 15	  37
0.9016259060257185	 0.1808304233391173	 -0.3929008571870247	 -0.025562376500195393	 
-0.08529165646120294	 0.9649041935590561	 0.2483651154857545	 -0.061022441933331964	 
0.4240236537286654	 -0.19042125734051812	 0.8854059440908729	 0.5593806063166978	 
0.0	 0.0	 0.0	 1.0	 
13	 16	  37
0.8934479487022993	 0.11076318678296304	 -0.4352956230119208	 -0.2572353649518725	 
-0.0169928037480844	 0.9767595048619377	 0.2136635539408664	 -0.14181589973208003	 
0.44884519333555617	 -0.18350037088666865	 0.8745659530898868	 0.940302328846582	 
0.0	 0.0	 0.0	 1.0	 
14	 15	  37
0.9987874029217747	 0.04900676052155545	 -0.004696933889298077	 -0.01599991427816782	 
-0.0472340164155343	 0.9807947552017083	 0.18923687764830308	 0.03100337293979429	 
0.013880614468909811	 -0.18878555451094461	 0.9819202324781585	 0.12187928370413538	 
0.0	 0.0	 0.0	 1.0	 
14	 16	  37
0.9997460386862934	 0.01680542939323782	 -0.015014515442499245	 -0.11859897411240863	 
-0.014311199934441046	 0.988113436823527	 0.15305889560961056	 -0.07318781125597772	 
0.017408264919302162	 -0.15280514883899038	 0.9881030000970512	 0.5578535316400683	 
0.0	 0.0	 0.0	 1.0	 
15	 16	  37
0.9993610833675681	 -0.03450820075662033	 -0.009306402685238569	 -0.09523643716152802	 
0.03407639170956562	 0.9984880586942171	 -0.04313231008314822	 -0.1744146812619202	 
0.010780750366056522	 0.04278762350953147	 0.9990260230324083	 0.4100372402999176	 
0.0	 0.0	 0.0	 1.0	 
15	 57	  37
0.8455290316411377	 -0.32853418955541724	 0.42088709049478384	 -1.7107293310522818	 
0.449896944375354	 0.8628866714576513	 -0.23025927052445508	 -0.5719056614862738	 
-0.28752981774716607	 0.3840467139735736	 0.8774022597374488	 -0.1625367536333544	 
0.0	 0.0	 0.0	 1.0	 
16	 24	  37
0.9840111170408385	 0.09784646225324779	 -0.1488226843077516	 -0.22074342895838237	 
-0.014787298516748105	 0.8775770700793474	 0.47920749354901043	 -0.465096957417292	 
0.177492133185157	 -0.46934481556257956	 0.8649924778643516	 1.352923436687549	 
0.0	 0.0	 0.0	 1.0	 
16	 55	  37
0.6929079535473636	 -0.0910167134026711	 0.7152583629655657	 -1.812096540914576	 
0.1400752043606526	 0.9900932680195703	 -0.009708642832535344	 -0.09764273106086416	 
-0.7072888413046872	 0.1069171571998813	 0.6987926848945751	 0.23018837205080206	 
0.0	 0.0	 0.0	 1.0	 
16	 56	  37
0.7666680458625103	 -0.02288618064615103	 0.6416356677966023	 -1.7509382978934929	 
0.2159931596626148	 0.9503090710450527	 -0.22418658405098574	 -0.26439513379413637	 
-0.6046214207521267	 0.3104656055425803	 0.7335148569338992	 0.04541192631263636	 
0.0	 0.0	 0.0	 1.0	 
16	 57	  37
-0.039401795366153146	 -0.888087010015291	 -0.4579835817625174	 1.5093021836448413	 
0.7798126762265232	 0.2592502928091773	 -0.5698082797527457	 0.8615825270546104	 
0.6247717091213009	 -0.3795928717987951	 0.6823265810161524	 -0.05579488079935955	 
0.0	 0.0	 0.0	 1.0	 
16	 58	  37
-0.5396253251793894	 -0.41642766455011315	 -0.7317052060921648	 1.043985222119627	 
0.7154292423595419	 0.23133173412540814	 -0.659277352836713	 1.1759537564001816	 
0.44380796252646215	 -0.879246057132968	 0.17309206629490573	 1.6058771725347316	 
0.0	 0.0	 0.0	 1.0	 
17	 18	  37
0.9958540562851009	 0.06809408624905254	 -0.06031495667259767	 -0.3112419010354774	 
-0.0705243587172917	 0.9967425516687227	 -0.03912288998065084	 -0.131217584545115	 
0.05745444637297876	 0.04321436232122305	 0.9974124049164138	 0.3000771665152368	 
0.0	 0.0	 0.0	 1.0	 
17	 19	  37
0.9996395385542507	 -0.025251320855285628	 -0.009119416324973432	 -0.5834039725621407	 
0.025073379359644425	 0.9995026323027574	 -0.019126255967805792	 -0.2529626045781006	 
0.009597843848079612	 0.01889070710487332	 0.9997754860860237	 0.5029059509872477	 
0.0	 0.0	 0.0	 1.0	 
17	 20	  37
0.8528602674128813	 -0.27528783968182596	 0.44367326896235393	 -0.5406650932364641	 
0.17911355440360627	 0.9524107691740751	 0.24664156460368342	 -0.25675719457819945	 
-0.4904566228499057	 -0.1308828945453145	 0.8615810867342115	 0.48448469913590997	 
0.0	 0.0	 0.0	 1.0	 
17	 21	  37
0.8517015596156736	 -0.34775647141334115	 0.39200751260450484	 -0.4519829872423744	 
0.23321384990338032	 0.9214429579768927	 0.3107316775097727	 -0.2149420308787074	 
-0.4692715136906058	 -0.17322907315152367	 0.8658960299329195	 0.4679903282999679	 
0.0	 0.0	 0.0	 1.0	 
17	 22	  37
0.8102229132231953	 -0.4089824830720398	 0.4198477812592874	 -0.5666622891034634	 
0.16440992545079725	 0.8461414498685581	 0.5069655049681355	 -0.3755488505238618	 
-0.5625906214125692	 -0.3417279259214293	 0.7528039700639575	 0.6722331284621863	 
0.0	 0.0	 0.0	 1.0	 
17	 54	  37
0.9557051725068882	 -0.10602287251177092	 0.27456651971413193	 -1.473830773361262	 
0.08083655722536948	 0.9915451028133417	 0.10150743865760808	 0.659128920238262	 
-0.2830071982468425	 -0.07481617198995975	 0.9561953075335815	 -0.8052829746978727	 
0.0	 0.0	 0.0	 1.0	 
17	 55	  37
0.9402794080751027	 -0.07367190374617662	 0.33233580208630487	 -1.5230890647858126	 
0.10177622374613307	 0.9924844371511714	 -0.06794293408956906	 0.20697322259464512	 
-0.32483262617833	 0.09770922480061221	 0.9407107272477293	 -1.0658911990975803	 
0.0	 0.0	 0.0	 1.0	 
17	 56	  37
0.9729629475000733	 0.0013260627197989668	 0.23095745138365426	 -1.3846034015109032	 
0.07559282289829888	 0.9430777346104415	 -0.3238674290636597	 0.19134280539766402	 
-0.21824029856613578	 0.3325697341005362	 0.9174794515639371	 -1.173395594732098	 
0.0	 0.0	 0.0	 1.0	 
17	 57	  37
0.9856138352021735	 -0.020109417841338444	 0.16781233319438876	 -1.7520001707949562	 
0.07712229615315269	 0.9370113833705714	 -0.34067846845674404	 0.38237437785807105	 
-0.15039122080137365	 0.34871948432522343	 0.9250822676701906	 -1.4514149774882619	 
0.0	 0.0	 0.0	 1.0	 
17	 58	  37
0.7230918350650771	 -0.419493532274324	 -0.5487835406079807	 1.4656131783118564	 
0.6054045969055517	 0.002332248428066214	 0.7959144644136686	 -2.677700630006327	 
-0.33260107051518484	 -0.9077553288178934	 0.25564974260670104	 0.8014919297609654	 
0.0	 0.0	 0.0	 1.0	 
18	 19	  37
0.9926447665958413	 -0.06022195992746089	 0.10502229712009695	 -0.29665255515204303	 
0.06272887022322238	 0.9978152954941153	 -0.020729807488475662	 -0.10758812040703357	 
-0.10354446479848523	 0.027165264962566004	 0.9942537866103945	 0.22311194569479306	 
0.0	 0.0	 0.0	 1.0	 
18	 20	  37
0.8363438407220775	 -0.2574020072721321	 0.48401775456952184	 -0.2275943914205471	 
0.18504430851624434	 0.9636464361161482	 0.1927281765762102	 -0.04555288330895188	 
-0.5160306037164747	 -0.07162229270920793	 0.8535705379258867	 0.1942353041211259	 
0.0	 0.0	 0.0	 1.0	 
18	 21	  37
0.7725451783996156	 -0.412818683690075	 0.4824465584164721	 -0.17426275740960678	 
0.20348871587528247	 0.8806968489142454	 0.427744553237031	 -0.15037080365432964	 
-0.6014701071898199	 -0.2322795615393483	 0.764382048093854	 0.23885746838959604	 
0.0	 0.0	 0.0	 1.0	 
18	 22	  37
0.7796882192812865	 -0.4485172826237318	 0.43694224778773705	 -0.23157114495965106	 
0.2153403516995024	 0.8473045826020379	 0.4854930249051176	 -0.19913485727640556	 
-0.5879751811462034	 -0.28444189475077447	 0.757217270581356	 0.3558448653355775	 
0.0	 0.0	 0.0	 1.0	 
18	 23	  37
0.969352228601476	 -0.19637151328335006	 0.14762955556444796	 -0.35090960794073295	 
0.1308277857070441	 0.9212306794058271	 0.36635792035722187	 -0.2363747917951343	 
-0.20794313499690562	 -0.3358158187046642	 0.9186878623968937	 0.48613470370586637	 
0.0	 0.0	 0.0	 1.0	 
18	 54	  37
0.9182929123749267	 -0.22415196064677387	 0.32633422379545457	 -1.3680419291961452	 
0.13300459520867566	 0.9510415624310171	 0.2789797917092654	 0.35485757879522084	 
-0.372891277365603	 -0.2127812140837999	 0.9031479669454348	 -1.154550665176285	 
0.0	 0.0	 0.0	 1.0	 
18	 55	  37
0.901461967398156	 -0.15330533176529829	 0.4048009345184079	 -1.3604942789488363	 
0.1692931028658687	 0.985558596711768	 -0.0037546996653395615	 0.1885954530704208	 
-0.3983794254937006	 0.07191472519493106	 0.914397126878385	 -1.2758678966067292	 
0.0	 0.0	 0.0	 1.0	 
18	 56	  37
0.926169449491083	 -0.04302064604926599	 0.3746456657201417	 -1.3687311214223452	 
0.1378155567204895	 0.9633655414959076	 -0.23007326177571835	 0.09329759183536625	 
-0.35102282426532605	 0.2647188271955751	 0.8981686475116986	 -1.333991163368369	 
0.0	 0.0	 0.0	 1.0	 
18	 57	  37
0.9459433622600613	 -0.13638290098264771	 0.29426324900620404	 -1.704664443175288	 
0.19587797565586554	 0.9633678530906421	 -0.18317805077160887	 -0.017732576775591223	 
-0.258501400478005	 0.23091575076439258	 0.938005832604375	 -1.6644219767033142	 
0.0	 0.0	 0.0	 1.0	 
18	 58	  37
0.8483101121847075	 -0.15874137990593118	 0.5051446603407092	 -1.611517634157492	 
0.1920750524623456	 0.9812775928948121	 -0.01419365718027584	 -0.3095572055595282	 
-0.49343401563608963	 0.10906631005092648	 0.862917963786314	 -1.9336529559059996	 
0.0	 0.0	 0.0	 1.0	 
19	 20	  37
0.8874574453718419	 -0.24199665259769002	 0.39224597230002994	 0.09109272559757818	 
0.18274717023094603	 0.9660639358416896	 0.18254846928595098	 0.064623220034208	 
-0.4231108063222501	 -0.09032215673673365	 0.9015648360355231	 -0.03222268375980306	 
0.0	 0.0	 0.0	 1.0	 
19	 22	  37
0.8231008175803242	 -0.40749280736230165	 0.3955434945067227	 0.044228265992297525	 
0.1993572012314929	 0.8595138676159609	 0.4706300220905974	 -0.07825876402985317	 
-0.5317534677044862	 -0.30852151193043226	 0.7887031927540373	 0.1529486100699403	 
0.0	 0.0	 0.0	 1.0	 
19	 23	  37
0.9862792328405094	 -0.15784776993079688	 0.048346213868411	 -0.07244526431857658	 
0.1280880847395626	 0.9164457256106135	 0.37910509698207107	 -0.11475071214486542	 
-0.10414757517718044	 -0.36771091027859043	 0.9240898057260473	 0.2663841728017079	 
0.0	 0.0	 0.0	 1.0	 
19	 54	  37
0.9525738379741275	 -0.14954837912367813	 0.26502521674120194	 -0.9408469786775656	 
0.06991530717461843	 0.9551689302637743	 0.28768761614194444	 0.46796457897001975	 
-0.296167069455602	 -0.25551437720847814	 0.9203246546789039	 -1.48108094548072	 
0.0	 0.0	 0.0	 1.0	 
19	 55	  37
0.9407423653497572	 -0.0756770028914274	 0.33057040591909365	 -0.9254199531090848	 
0.09244833738700722	 0.9950920602355454	 -0.03528592595575193	 0.4107202431363561	 
-0.32627765315835183	 0.06375564986373945	 0.9431214715824944	 -1.5804341728597953	 
0.0	 0.0	 0.0	 1.0	 
19	 56	  37
0.9817241743706702	 0.013102125878589532	 0.18985778823552596	 -0.7255509802469052	 
0.031271142508965934	 0.9729611047494413	 -0.22884231315674386	 0.22395954452317793	 
-0.18772256418024977	 0.2305971008972293	 0.9547697188094018	 -1.7422230768337021	 
0.0	 0.0	 0.0	 1.0	 
19	 57	  37
0.9841637039187634	 -0.01286043090915041	 0.17679483365113088	 -1.2079021833612522	 
0.06349184679884784	 0.9567664526932068	 -0.2838428092993192	 0.5050314186969391	 
-0.16550102500882516	 0.29057282102373033	 0.9424313483768135	 -1.9976445188088654	 
0.0	 0.0	 0.0	 1.0	 
19	 58	  37
0.9028720620008057	 0.2252535209178099	 0.3661733072911561	 -1.108242866985483	 
-0.42800396155037257	 0.3908661445721415	 0.8148842039974125	 -2.8679798554374036	 
0.040430787224599564	 -0.8924598076896454	 0.44931152122214724	 -0.2614813086371615	 
0.0	 0.0	 0.0	 1.0	 
20	 21	  37
0.9886036492976326	 -0.07464415483731239	 0.13073283728286075	 -0.026412467606482585	 
0.047284871430200125	 0.9784321540169918	 0.20108371619676146	 -0.08865876023729495	 
-0.14292293563047553	 -0.19261041024382247	 0.9708111373158391	 0.04456620652637366	 
0.0	 0.0	 0.0	 1.0	 
20	 22	  37
0.9952072919088343	 -0.042631333539970166	 0.088005769879526	 -0.13396591960986023	 
0.02109349497146166	 0.9723686380358667	 0.23249579831507267	 -0.10590685966919725	 
-0.09548565652166366	 -0.22952516455691235	 0.9686076028164086	 0.09815865491748883	 
0.0	 0.0	 0.0	 1.0	 
20	 23	  37
0.9473251763829207	 0.2707012748721577	 -0.17116024647579786	 -0.3891713053712104	 
-0.23388098728524118	 0.9498150812460107	 0.20772817628842202	 -0.11843256292226305	 
0.21880286556064146	 -0.15675500381238736	 0.9630956207990095	 0.13225218411930487	 
0.0	 0.0	 0.0	 1.0	 
20	 54	  37
0.91619635632409	 0.14174696837050724	 -0.37482266956019455	 0.4651374007392724	 
-0.16805533727540015	 0.9850342547332883	 -0.03827428138171426	 1.221638071997238	 
0.3637879056149498	 0.09805770729425359	 0.9263061296183255	 -1.3566607419245467	 
0.0	 0.0	 0.0	 1.0	 
20	 55	  37
0.9724466790224585	 0.19306669910495736	 -0.13066256600460535	 -0.11245337111077394	 
-0.21389220619577837	 0.9618311844294964	 -0.17067775715556474	 0.6661251801754452	 
0.09272313943614409	 0.19392272263885765	 0.9766250032931975	 -1.742607659657723	 
0.0	 0.0	 0.0	 1.0	 
20	 56	  37
0.9849407313129885	 -0.12705232918822396	 -0.11725809758170973	 -0.27909206116680824	 
0.09007579284830305	 0.9559910523600521	 -0.27922653768986455	 0.15990016742960722	 
0.14757407408953707	 0.26445947412669274	 0.9530388655250367	 -1.9059238204558833	 
0.0	 0.0	 0.0	 1.0	 
20	 57	  37
0.855290741384929	 0.1747263080682311	 -0.4877996155903204	 0.7445986712016249	 
-0.2598103049350505	 0.9591445546855283	 -0.11198360891959126	 0.29396499815216864	 
0.44830386252047283	 0.22251391076951887	 0.8657431526516856	 -2.4090514403395384	 
0.0	 0.0	 0.0	 1.0	 
20	 58	  37
0.7942464542233422	 -0.05925828551237105	 -0.6046991198536541	 1.8743296553272613	 
-0.31275825775334626	 0.8133812782024259	 -0.4905029749928946	 1.2778653874838046	 
0.5209173083712427	 0.5787048918645181	 0.6274916780096267	 -1.5043039476964504	 
0.0	 0.0	 0.0	 1.0	 
21	 22	  37
0.9964612223426927	 0.009541898513928223	 -0.08351038582149987	 -0.09013953007242831	 
-0.0054591999173213826	 0.9987847910897412	 0.04898099860236601	 -0.029750757636786956	 
0.08387627497432487	 -0.04835176584750738	 0.995302404918153	 0.04863806329967606	 
0.0	 0.0	 0.0	 1.0	 
21	 54	  37
-0.9384713242505769	 -0.30418245163306673	 0.16353779281214068	 -0.0299884240218037	 
0.30684213395499993	 -0.9517143056796024	 -0.009369375365251268	 0.013211039511396282	 
0.15849125650745363	 0.04138739522233978	 0.9864925773301076	 -0.20061928465277065	 
0.0	 0.0	 0.0	 1.0	 
21	 55	  37
0.9731295533941576	 -0.03641496336803454	 -0.22736055672387645	 0.03132767240678212	 
0.05144831331535908	 0.9968385592731285	 0.060547153552235895	 -0.08603185588835494	 
0.224436947421522	 -0.07061754165345926	 0.9719265504362611	 -1.9286732261211552	 
0.0	 0.0	 0.0	 1.0	 
21	 56	  37
0.2966922012680353	 0.21025206525917967	 -0.931540555617938	 2.0350089822333843	 
0.8905326416550648	 -0.4131681375531167	 0.19037779349950715	 -0.7292478420994092	 
-0.3448555521571017	 -0.8860508784291893	 -0.30982009131313876	 2.19045679898507	 
0.0	 0.0	 0.0	 1.0	 
21	 57	  37
0.9396641917142956	 0.046346469367468265	 0.33894426029524377	 -1.7892698826419524	 
0.13931042662632334	 -0.956748860779575	 -0.25539033347050905	 1.0176472494092486	 
0.312448094638312	 0.2871996207764844	 -0.9054791913582182	 3.2340932228272106	 
0.0	 0.0	 0.0	 1.0	 
21	 58	  37
-0.6891754518447705	 -0.4223722512134693	 -0.5887604589129797	 1.868949997100897	 
-0.6739152242113848	 0.07509294762813105	 0.734982530263568	 -2.6212342347148447	 
-0.26622446760332785	 0.903306554067546	 -0.336395306489166	 1.5617153788839602	 
0.0	 0.0	 0.0	 1.0	 
22	 23	  37
0.858368322989511	 0.2805022423326056	 -0.4295606058922932	 -0.1290758431390993	 
-0.28978646387730256	 0.9560226596562992	 0.04521592172216783	 -0.04591726372736131	 
0.4233528403609253	 0.08566893410143718	 0.9019053200243697	 0.036929409307630466	 
0.0	 0.0	 0.0	 1.0	 
22	 54	  37
0.9563019182631387	 0.25809401149448574	 -0.13738312253302773	 0.06346652718668162	 
-0.27506952494098025	 0.9534585079146758	 -0.1235055874600966	 1.3304167048553617	 
0.09911305451344035	 0.15589854045437443	 0.9827879972350149	 -1.4895858864914946	 
0.0	 0.0	 0.0	 1.0	 
22	 55	  37
0.959735610107943	 0.06743517116849888	 -0.2726904039019518	 0.3042380902537063	 
-0.14194926940798538	 0.9541191894503839	 -0.2636417592815731	 0.8110224442069547	 
0.2424004199775113	 0.29173458830248244	 0.9252745356826305	 -1.7749902650266565	 
0.0	 0.0	 0.0	 1.0	 
22	 56	  37
0.9213519129444788	 -0.037063122958050226	 -0.38695862495898126	 0.464167694879728	 
-0.17227501111461918	 0.8534206088509151	 -0.4919294511756648	 0.8398938214461192	 
0.3484709070482164	 0.5199034422901326	 0.7799156605914919	 -1.783455849446426	 
0.0	 0.0	 0.0	 1.0	 
22	 57	  37
0.8983826007152175	 0.018619684106597752	 -0.4388188807423063	 0.3077062655604995	 
-0.28911644543306586	 0.7771846843659177	 -0.558923650749542	 1.4808127293966178	 
0.33063633150685195	 0.6289970379507509	 0.7035924548606757	 -2.0114361070329694	 
0.0	 0.0	 0.0	 1.0	 
22	 58	  37
-0.41670544008152427	 -0.6146909973597031	 0.6697100521654087	 -2.1272851659207657	 
0.055770814824187186	 -0.7526204697347936	 -0.65608844278041	 2.562432513257716	 
0.9073291532957088	 -0.23604534797599885	 0.34790286184304386	 -0.3695428594617685	 
0.0	 0.0	 0.0	 1.0	 
23	 24	  37
0.7367770430316121	 0.517061941907066	 -0.4356679206607801	 0.06273905957969855	 
-0.4599583413230162	 0.8555721971698368	 0.2375595497498629	 0.1662049364760999	 
0.49557836222839013	 0.025360671546154658	 0.8681929066916835	 -0.06839473418765914	 
0.0	 0.0	 0.0	 1.0	 
23	 54	  37
0.9778654707708715	 -0.07774734663778801	 0.19425362587309836	 -0.6679902896311968	 
0.10373549801117439	 0.9864113865318002	 -0.1274029943634948	 1.3119287323029702	 
-0.18170874367084247	 0.14473398568129958	 0.9726427945871852	 -1.3976171070654075	 
0.0	 0.0	 0.0	 1.0	 
23	 55	  37
0.9855749712403973	 0.037926380101136456	 0.16493503495895992	 -0.42011766920058913	 
0.024069029148846018	 0.9332488009408532	 -0.35842343307642727	 1.1067724853593768	 
-0.16751912696859794	 0.3572229909102779	 0.9188738089992521	 -1.6805229999174807	 
0.0	 0.0	 0.0	 1.0	 
23	 56	  37
0.9927195687563438	 0.0069371471599940174	 0.12024863324586438	 -0.5006032504612741	 
0.06949283685188644	 0.7824363600161264	 -0.6188409231385652	 1.2212274505963465	 
-0.09837989344624708	 0.6226919129987115	 0.7762578038586854	 -1.6895073606706914	 
0.0	 0.0	 0.0	 1.0	 
23	 57	  37
0.9960799930901764	 0.067660838796307	 0.05697945470830339	 -0.857132781364226	 
-0.017277895141081172	 0.7805598517139275	 -0.6248422138682896	 1.5521447348796107	 
-0.08675322302352398	 0.6214083430287304	 0.7786690885795572	 -1.934176354464266	 
0.0	 0.0	 0.0	 1.0	 
23	 58	  37
-0.17129386349207865	 0.7754134151624451	 -0.6077766431149445	 0.6786475497518839	 
-0.7770628074517804	 -0.4855695293287405	 -0.40049422650348265	 0.5602707700772598	 
-0.6056664144602332	 0.40367842123846426	 0.6857200059946521	 -1.0256461159694794	 
0.0	 0.0	 0.0	 1.0	 
24	 25	  37
0.9031191854629259	 0.15249337845831964	 -0.4013994349462232	 -0.11981184913147944	 
-0.25651757888782933	 0.9412734617893226	 -0.21955182042668592	 -0.03171333273915288	 
0.34434643684856964	 0.3012474724499992	 0.8891993543475957	 -0.08172444286895429	 
0.0	 0.0	 0.0	 1.0	 
25	 26	  37
0.9207626885627532	 0.22859027522119382	 -0.3161369282842316	 -0.0656504237298535	 
-0.22935318435464777	 0.9727017238729624	 0.035333740262677715	 0.039361115435962525	 
0.315583884533215	 0.03997302151284435	 0.94805536197738	 -0.14062033992262665	 
0.0	 0.0	 0.0	 1.0	 
26	 27	  37
0.9746254169877131	 0.10314726259827801	 -0.1986603603641335	 -0.12900804768614643	 
-0.11431428622115182	 0.992399531184599	 -0.045556717071530105	 0.09623755721611692	 
0.19245139783143703	 0.06711045166789398	 0.9790090125987896	 -0.09996097152221621	 
0.0	 0.0	 0.0	 1.0	 
26	 28	  37
0.8647072152353986	 0.09266406072776974	 -0.49365453889261696	 0.0402039320741023	 
-0.1969440166413925	 0.9666821491311458	 -0.16351965282602637	 0.24553060192850742	 
0.46205463554540493	 0.23861893135421894	 0.8541466615109921	 -0.09316106773345272	 
0.0	 0.0	 0.0	 1.0	 
26	 50	  37
0.9902409020129859	 -0.13930690547050034	 0.004067194209810389	 -1.9261120797843083	 
0.13889002243160894	 0.9888472663850932	 0.053764722929390475	 0.18556920313882347	 
-0.011511631051000549	 -0.05267513503504373	 0.998545348243927	 -0.43059053101908557	 
0.0	 0.0	 0.0	 1.0	 
26	 51	  37
0.8492809715716433	 -0.23187163487544876	 0.47429671753714686	 -1.8278384807830184	 
0.21363698595818575	 0.9724874590795952	 0.09288369159122585	 -0.08195827817949394	 
-0.48278470311001725	 0.022442969346739925	 0.8754514512923454	 -0.4480521776830655	 
0.0	 0.0	 0.0	 1.0	 
27	 28	  37
0.9798390971821123	 0.059222261769063214	 -0.19080898129883722	 -0.1626550188012265	 
-0.08390080278692899	 0.9887327622497187	 -0.12396846431956071	 0.06348151351102882	 
0.1813173982966124	 0.13747817486785965	 0.9737678124224229	 -0.112365562403435	 
0.0	 0.0	 0.0	 1.0	 
27	 50	  37
0.9379765888615421	 -0.24920161575247188	 0.24103624925314113	 -1.9846807422136963	 
0.23486608243508084	 0.9681300323808884	 0.08696070218079886	 -0.010752261089183408	 
-0.255025179284836	 -0.024955863209619046	 0.9666123125753152	 0.13038669000796932	 
0.0	 0.0	 0.0	 1.0	 
27	 51	  37
0.6233637553766912	 -0.28692810657508405	 0.7273856543401899	 -2.09972194055915	 
0.35531446708232645	 0.932595988674067	 0.06337469046111036	 0.07723814477079308	 
-0.6965409233955107	 0.21894516109354145	 0.6832962450277714	 0.2982397626662468	 
0.0	 0.0	 0.0	 1.0	 
28	 50	  37
0.8939692260969002	 -0.31707392304853593	 0.31667514918970313	 -1.4896433894434686	 
0.20650478459524543	 0.9186389039935002	 0.33683577305401036	 -0.4294576830786719	 
-0.39771195195892795	 -0.23572588188875782	 0.886712192245481	 0.4554665545843404	 
0.0	 0.0	 0.0	 1.0	 
28	 51	  37
0.3782903653701176	 -0.3843051660096201	 0.8421436568937984	 -1.914378659680255	 
0.23640412513690276	 0.9196904753609505	 0.31350042926382626	 -0.40434789862115555	 
-0.8949913346431898	 0.08049204251766852	 0.4387613725078077	 0.8778920852099372	 
0.0	 0.0	 0.0	 1.0	 
29	 41	  37
-0.8799530767848219	 -0.47033575720949244	 0.0668345580302411	 0.5202200956716929	 
-0.26034275621120145	 0.5951150423175722	 0.7603023975338423	 -1.5925138938707895	 
-0.3973716546827152	 0.6516305409490311	 -0.6461218199048792	 3.919997672959526	 
0.0	 0.0	 0.0	 1.0	 
29	 42	  37
0.9275920444047417	 0.010544117096706121	 0.3734458739251	 -0.5878014940750073	 
-0.07806379155453358	 0.9830064389134638	 0.16614567554649298	 0.1847463827880343	 
-0.3653478391959658	 -0.18326800770816853	 0.9126520660939288	 -0.2255818302258079	 
0.0	 0.0	 0.0	 1.0	 
29	 43	  37
0.6009804881051903	 -0.560400718779402	 0.5698890131493813	 -0.7761967321682397	 
0.16437088830031688	 0.7844337922053013	 0.5980349795168961	 -2.1358684923325115	 
-0.7821794320974003	 -0.26573419057008746	 0.5635429672756537	 1.8861819858814783	 
0.0	 0.0	 0.0	 1.0	 
29	 45	  37
-0.8420552864592975	 0.3169958153820925	 -0.4364132761227519	 2.451818361255515	 
0.21755419103921828	 0.9399527309111976	 0.262981059420357	 -1.46590245642205	 
0.4935717460584853	 0.12650105407791798	 -0.860455934263896	 5.0326072672481725	 
0.0	 0.0	 0.0	 1.0	 
29	 47	  37
0.8544389560969897	 0.5086644950216436	 0.10580407273947733	 0.41086233188845644	 
-0.5099346533071344	 0.7820481917139707	 0.35828379141881317	 0.5063132236975433	 
0.09950236007460886	 -0.3600847918772509	 0.9275980934641351	 -1.0300014159381132	 
0.0	 0.0	 0.0	 1.0	 
29	 48	  37
0.664801693569931	 -0.28384987634046527	 0.690990561388543	 -2.103529615849648	 
0.11335493980875493	 0.9526163558690708	 0.28226359338690143	 0.6273854193130747	 
-0.7383693966081645	 -0.10932212142213041	 0.6654767523514697	 1.9306039517930227	 
0.0	 0.0	 0.0	 1.0	 
29	 49	  37
-0.8358972441654814	 -0.5039760813536638	 -0.2174486298415285	 1.0102917172999657	 
0.1024741488893105	 -0.5324872367883725	 0.8402121109975111	 -1.2702451235771108	 
-0.5392354272541486	 0.6800481248271252	 0.49674913378197927	 1.7328972258596778	 
0.0	 0.0	 0.0	 1.0	 
29	 50	  37
0.7156482779082972	 -0.27226757083745345	 0.6432090734723515	 -1.1931009953685567	 
