0	 1	  37
0.9892038543554406	 0.11078445850276092	 0.09592986126639903	 -0.29309489309847675	 
-0.10462192670330497	 0.9922483986493713	 -0.06706241742323357	 0.16150434036525776	 
-0.10261572482435956	 0.056302034883384915	 0.9931264239193123	 -0.175963825140741	 
0.0	 0.0	 0.0	 1.0	 
0	 2	  37
0.995644762100376	 0.03809287185188239	 -0.08509077985400387	 -0.4700777841467748	 
-0.01785417280167043	 0.9737306079645426	 0.22700205203163004	 -0.0025728652573128526	 
0.09150265687757161	 -0.2244941786039871	 0.9701698962332661	 -0.4070798661898821	 
0.0	 0.0	 0.0	 1.0	 
0	 3	  37
0.995424065076683	 0.09318954204810681	 -0.021133857174578236	 -0.5405901238333709	 
-0.09537976458071258	 0.9824063370396368	 -0.160563038875364	 0.09569215293014585	 
0.005799239151749075	 0.16184405518037426	 0.9867993061550221	 -0.14572328433357942	 
0.0	 0.0	 0.0	 1.0	 
0	 10	  37
0.886140623582426	 -0.06136268492275702	 0.45933584242471337	 -0.5431709379595943	 
-0.034996804956540006	 0.9795028369037111	 0.1983668725881851	 -0.2260294975519892	 
-0.46209308464830373	 -0.19185623106027577	 0.8658297567787578	 -0.3488682535145015	 
0.0	 0.0	 0.0	 1.0	 
0	 19	  37
0.07117900798050818	 -0.18420150281341968	 0.9803077859448983	 -1.8065041174726604	 
0.11662319477638572	 0.9775967982640046	 0.17522422910121818	 -0.6381001752655561	 
-0.9906223191827751	 0.10185433905948524	 0.09106653804606517	 2.321168078328664	 
0.0	 0.0	 0.0	 1.0	 
0	 35	  37
0.9076658947692222	 -0.05106202978949583	 0.41657567450172067	 -2.10773556275608	 
0.022978861746985477	 0.9971286455832903	 0.07215563782578392	 0.0650262906697951	 
-0.4190639514269863	 -0.05592077673825148	 0.906233011616433	 -0.0400281095608975	 
0.0	 0.0	 0.0	 1.0	 
0	 36	  37
0.32031355873958806	 -0.21632236031846286	 0.9222818769301657	 -1.6276555415761838	 
0.14553245241898463	 0.9732577850141884	 0.17773460327744822	 -0.05821095714922161	 
-0.9360659855910248	 0.0772911400842626	 0.3432295882991129	 0.5650854578547626	 
0.0	 0.0	 0.0	 1.0	 
0	 43	  37
0.9930501996258391	 0.09313937296438286	 0.07194691255976239	 0.4044021443352222	 
-0.1176915477105947	 0.7857560032751042	 0.6072365296279683	 -0.481668995272212	 
2.491114967399722e-05	 -0.611483900459313	 0.7912568728665166	 -0.6772133655784247	 
0.0	 0.0	 0.0	 1.0	 
0	 44	  37
0.9762782856118324	 -0.15658784215371185	 0.14953580418236495	 0.33909974791638897	 
0.10577004843858714	 0.9475276088258786	 0.30166890354495024	 -0.31668475758003534	 
-0.1889269856217508	 -0.2786963907235934	 0.9416129331638996	 -0.7197960355445041	 
0.0	 0.0	 0.0	 1.0	 
0	 45	  37
0.9970729299638722	 0.07122244666043627	 0.027801716223274646	 0.22622019641940086	 
-0.07470186827342645	 0.9849555892679994	 0.15582720573181913	 -0.06037957235768434	 
-0.016285060936877614	 -0.1574479287301947	 0.9873930051042767	 -0.6697449379231146	 
0.0	 0.0	 0.0	 1.0	 
0	 54	  37
0.8812928286866201	 0.26194156086537745	 -0.39333137275959157	 0.1416281970236113	 
-0.17019309771010543	 0.95239896887922	 0.25292392842440986	 -0.03808591349748651	 
0.44085968243577656	 -0.1559577595671574	 0.8839230269844873	 -0.2563982116858311	 
0.0	 0.0	 0.0	 1.0	 
1	 2	  37
0.9753544778922756	 -0.06964108950001764	 -0.20936513823637593	 -0.13567005780609406	 
0.12175061090543049	 0.9612178474338857	 0.2474611858832028	 -0.1453285640780946	 
0.1840120409093945	 -0.26685270923829324	 0.9460069769153613	 -0.2541302450927076	 
0.0	 0.0	 0.0	 1.0	 
1	 3	  37
0.9925436627107074	 -0.04157063995562739	 -0.11458167177385921	 -0.20602688147088588	 
0.02734757419787952	 0.992027611779177	 -0.12301759082827918	 -0.05058698260856079	 
0.11878210218001854	 0.1189667994079952	 0.9857675754661	 -0.0009045958516260084	 
0.0	 0.0	 0.0	 1.0	 
1	 10	  37
0.937577259140678	 -0.14301103123047476	 0.3170121891799274	 -0.10530002487947376	 
0.05296332368589718	 0.9596211873407774	 0.27626448043644647	 -0.3634097565291785	 
-0.3437204816219086	 -0.24222927517761553	 0.907293342178003	 -0.203750561129393	 
0.0	 0.0	 0.0	 1.0	 
1	 11	  37
0.9095091210886932	 0.2731025117218062	 -0.31338183857351204	 -0.4523780068381814	 
-0.15377925603687445	 0.9214659342863591	 0.3567246450170129	 -0.4242387375721209	 
0.38619308521673384	 -0.27625269236879646	 0.8800791730803381	 0.19002826209099813	 
0.0	 0.0	 0.0	 1.0	 
1	 35	  37
0.9607608825533734	 -0.09861693993212609	 0.25925513633038355	 -1.7330477240081767	 
0.06272767705940942	 0.9876971688860767	 0.1432464348776571	 -0.2020763991258179	 
-0.27019208923651533	 -0.12136309872795649	 0.9551268152351059	 -0.12378447435832815	 
0.0	 0.0	 0.0	 1.0	 
1	 43	  37
0.9903579985896959	 0.08655111583224509	 -0.10816625618743492	 0.9250327504736112	 
0.005392625021548677	 0.7561271136080733	 0.6544025578052867	 -0.5894191899781966	 
0.1384267106623195	 -0.648676107479624	 0.7483697971994147	 -0.34008182471589604	 
0.0	 0.0	 0.0	 1.0	 
1	 44	  37
0.964116603984698	 -0.26502121786755045	 -0.015586147728459432	 0.8015098920757066	 
0.2514755138537473	 0.892869747389883	 0.37355545790139255	 -0.4294964099936103	 
-0.085083722609007	 -0.3640705539808539	 0.9274768955995982	 -0.443192527948236	 
0.0	 0.0	 0.0	 1.0	 
1	 45	  37
0.9921584747125057	 -0.030019125423256413	 -0.1213277097986126	 0.6403213833725508	 
0.05249032422691621	 0.9810504457707299	 0.18650680608386389	 -0.12954949396432403	 
0.11342983257814812	 -0.19141283907270606	 0.9749332275183876	 -0.3952924594459213	 
0.0	 0.0	 0.0	 1.0	 
1	 54	  37
0.8408496381163468	 0.15237683662255336	 -0.5193776908382872	 0.4636848718592278	 
-0.03235198972235738	 0.9719889908752486	 0.23278906842530295	 -0.10999417356012867	 
0.5403010594479828	 -0.17893770222683544	 0.8222262850828639	 -0.028930849999321887	 
0.0	 0.0	 0.0	 1.0	 
2	 3	  37
0.9904429718563085	 0.12474088351974681	 0.05884242924247624	 -0.03531810890715388	 
-0.09288399902290172	 0.9186443041055793	 -0.38401198582842355	 0.03219397822666649	 
-0.10195725685774631	 0.3748764523320831	 0.9214512267401651	 0.3028046136714809	 
0.0	 0.0	 0.0	 1.0	 
2	 10	  37
0.8482650638001105	 -0.05302673584267779	 0.5269103783586593	 -0.03719646306837647	 
0.06324649263145705	 0.9979969767425585	 -0.00138404571173742	 -0.2297630737543354	 
-0.5257815731898692	 0.03449927098626827	 0.8499197242065879	 0.0018864330984936504	 
0.0	 0.0	 0.0	 1.0	 
2	 11	  37
0.935176237108997	 0.33934537473354126	 -0.10144023951869498	 -0.25792551779572614	 
-0.32658368915655456	 0.9370221424295612	 0.12382487057780489	 -0.3616116175618796	 
0.13707114766993214	 -0.08266934887652048	 0.9871055056237809	 0.41318448950812287	 
0.0	 0.0	 0.0	 1.0	 
2	 34	  37
0.9636751310610352	 -0.06102065452387112	 0.26001292563250655	 -1.6031887841638945	 
0.04471721458514214	 0.9966711807597579	 0.06816838095991422	 0.2688893959018634	 
-0.263307068826956	 -0.054065119665344955	 0.9631959044458861	 0.02168699408418934	 
0.0	 0.0	 0.0	 1.0	 
2	 35	  37
0.8994906813648015	 -0.002677558622249634	 0.43693173931142637	 -1.4970690558579114	 
0.07927630704154223	 0.9843845107006124	 -0.1571699787954754	 0.07117231131970156	 
-0.4296880045797633	 0.17601126603868086	 0.8856569612145107	 0.4511936774627955	 
0.0	 0.0	 0.0	 1.0	 
2	 43	  37
0.9897037111602074	 -0.0027361099773168325	 0.14310512855206933	 0.8311580319769948	 
-0.06156360843194523	 0.8944692739671755	 0.44287090674989266	 -0.45838930347597795	 
-0.12921488394357047	 -0.44712104807403763	 0.8850911151608202	 -0.4057951248241574	 
0.0	 0.0	 0.0	 1.0	 
2	 44	  37
0.9564182422158166	 -0.17999427344744098	 0.2299265262707515	 0.7863835727796281	 
0.16110719984638422	 0.9820002051280006	 0.0985904015927568	 -0.2849177764503513	 
-0.24353360366582663	 -0.05725083977280919	 0.9682012834275957	 -0.4317729394874115	 
0.0	 0.0	 0.0	 1.0	 
2	 45	  37
0.9963410136777926	 0.023517371340340036	 0.08216761958794666	 0.7712075501632755	 
-0.01986561677413427	 0.9987902952940714	 -0.04498114378897691	 -0.04891138594739297	 
-0.08312605929365509	 0.04318424795711914	 0.9956029223514186	 -0.3214146998124644	 
0.0	 0.0	 0.0	 1.0	 
2	 46	  37
0.8357707093541086	 0.2996572256159268	 -0.46010093297220744	 0.5816010170278187	 
-0.30307732606421206	 0.950500203701037	 0.06850910297218894	 -0.14429468300586665	 
0.45785527823920225	 0.08218825889658596	 0.8852195401639358	 0.1483310936594833	 
0.0	 0.0	 0.0	 1.0	 
2	 53	  37
0.7766639593216718	 0.28819859441460366	 -0.5601202232273268	 0.3960316298967984	 
-0.33000939944655094	 0.9435652310264402	 0.027900736100440644	 -0.033766588634939976	 
0.5365509207593536	 0.1631754423173612	 0.8279413532713671	 0.09276046520257465	 
0.0	 0.0	 0.0	 1.0	 
2	 54	  37
0.9111784118043814	 0.22505826289059785	 -0.3451125615886973	 0.6806370709831345	 
-0.2290162522243532	 0.9729650344448887	 0.02984288800983701	 -0.03228634636216982	 
0.3424988439086433	 0.051844190150130545	 0.9380867347260166	 0.08795639213987044	 
0.0	 0.0	 0.0	 1.0	 
3	 10	  37
0.9030263846967364	 -0.13485039454911424	 0.4078709595343726	 0.12470521983907423	 
-0.014442923923977008	 0.9393861324294791	 0.3425567050105861	 -0.25626012133370923	 
-0.4293422300334168	 -0.3152285921186908	 0.8463428290124518	 -0.19287132750823957	 
0.0	 0.0	 0.0	 1.0	 
3	 35	  37
0.9263522563846149	 -0.07345153464698859	 0.36942708231684074	 -1.4729066124514352	 
-0.015081785861090262	 0.9727817373316033	 0.2312319857834271	 -0.05419344834696776	 
-0.3763562631687851	 -0.21977389192556293	 0.900030777030163	 0.04920367328217239	 
0.0	 0.0	 0.0	 1.0	 
3	 45	  37
0.999015689553272	 -0.029896009284456324	 -0.032770118328507326	 0.8942383731084657	 
0.03846546670350955	 0.9517902575369781	 0.3043282989289285	 -0.11483793765408624	 
0.022092077713105056	 -0.305289263300493	 0.9520033643930891	 -0.49271839287916525	 
0.0	 0.0	 0.0	 1.0	 
3	 54	  37
0.9046872400704451	 0.17090785606801331	 -0.3902966850845085	 0.6188998742729346	 
-0.012594268960202638	 0.9263516299222454	 0.3764492557168326	 -0.14312795167873216	 
0.42589010559424706	 -0.33565333675480485	 0.8402109589158464	 -0.11897268213338884	 
0.0	 0.0	 0.0	 1.0	 
4	 5	  37
0.9332744610031274	 -0.04524116402520169	 0.35630326621708924	 0.28829415949537046	 
0.044973730888159036	 0.9989472739148165	 0.009039218337672246	 0.0019372364741109525	 
-0.35633712123398126	 0.007588215587438791	 0.9343266425693297	 0.08471983721055025	 
0.0	 0.0	 0.0	 1.0	 
4	 6	  37
0.9099516897085175	 -0.0751904250354398	 0.4078410503855677	 0.4432728664231466	 
-0.008130105027178489	 0.9800033387754535	 0.1988148821924827	 -0.1482134140374628	 
-0.4146345665629685	 -0.18422772856427902	 0.891144387986136	 -0.31451170145209056	 
0.0	 0.0	 0.0	 1.0	 
4	 9	  37
0.9733845520962412	 0.20004109987221488	 -0.1118305508450829	 0.6649266241660875	 
-0.12313164177207804	 0.8680385439643203	 0.4809861588308083	 -0.3308900321018214	 
0.19329022876212035	 -0.45441461745218764	 0.8695666983681414	 -0.1716178895137984	 
0.0	 0.0	 0.0	 1.0	 
4	 10	  37
0.7983479523071423	 0.3244066945358551	 -0.5073468671306776	 0.5765461834699406	 
-0.13712509929288014	 0.9182927004393113	 0.3713963158995985	 -0.3124620928381899	 
0.5863763758806376	 -0.22693349876163518	 0.7776013972138245	 -0.23870973999435624	 
0.0	 0.0	 0.0	 1.0	 
4	 18	  37
0.5659673681825905	 -0.2271317880971665	 0.7925226110264962	 -2.043269707096919	 
0.09400441562960339	 0.9728100072385912	 0.21166922227520077	 0.12426650536737528	 
-0.8190507359099359	 -0.045297247733558164	 0.5719301105494943	 -0.6566085322764026	 
0.0	 0.0	 0.0	 1.0	 
4	 19	  37
0.9449023662068885	 0.03147544067038689	 0.32583556431308514	 -2.169085494139481	 
-0.06108874563472675	 0.9948359418283559	 0.08105315541829762	 0.09246282936488295	 
-0.32160174672006514	 -0.09649220425035307	 0.9419456306101266	 -0.26466813848199644	 
0.0	 0.0	 0.0	 1.0	 
4	 20	  37
0.5814893609873114	 -0.04163115215430514	 0.8124881354388335	 -2.3137766311228085	 
0.024487920355539112	 0.9991329971667149	 0.033668913396758295	 -0.0016156698153002476	 
-0.8131853815798876	 0.0003180298142283938	 0.582004668402075	 -0.24941349679875494	 
0.0	 0.0	 0.0	 1.0	 
4	 36	  37
0.9901224868206605	 -0.03194979885512405	 0.13651619480921648	 -0.6772466889287059	 
-0.006476648340400243	 0.9622273210653659	 0.2721702327986011	 -0.043012537785234416	 
-0.14005539660557798	 -0.2703660351236576	 0.9525159804082904	 -0.8209014194772201	 
0.0	 0.0	 0.0	 1.0	 
4	 37	  37
0.7926622977451371	 -0.2061177206931899	 0.5737612455975428	 -0.1054142670231614	 
0.04910055841743651	 0.9596412185072656	 0.2769076866123197	 -0.07398007689130273	 
-0.6076805220644282	 -0.19132228557628847	 0.7707919084586765	 -0.14470483325218994	 
0.0	 0.0	 0.0	 1.0	 
5	 6	  37
0.9996153980097465	 -0.005950062078246773	 0.027086026343503853	 0.35308054910934866	 
0.0023058037593867166	 0.9911622433942844	 0.13263517836016372	 -0.007355829026806827	 
-0.027635834180266317	 -0.13252171154521908	 0.9907947600983197	 -0.2962274760088306	 
0.0	 0.0	 0.0	 1.0	 
5	 7	  37
0.9836745113641037	 0.16328846123628923	 0.07563950105386252	 0.6619442320603502	 
-0.1796948796474946	 0.913933262764349	 0.3639172178413426	 -0.09243381618058416	 
-0.009705973473319838	 -0.3715681224755371	 0.9283549560588017	 -0.27032147743924134	 
0.0	 0.0	 0.0	 1.0	 
5	 8	  37
0.9658309425044953	 0.21044838042483782	 -0.15126820444971295	 0.6508085947875304	 
-0.07985858341566224	 0.796910775802605	 0.5987953089867464	 -0.4274143388623178	 
0.24656276514453898	 -0.5662549731227551	 0.7864871952282669	 -0.057041693649602446	 
0.0	 0.0	 0.0	 1.0	 
5	 9	  37
0.8147762902395781	 0.4270429463667271	 -0.3921401775154586	 0.4639357940822932	 
-0.20433857020398075	 0.8444798195251005	 0.49507533077486926	 -0.3640447754217138	 
0.5425728942643777	 -0.3232462782048361	 0.7753234796111221	 -0.1173866883393207	 
0.0	 0.0	 0.0	 1.0	 
5	 37	  37
0.9527201293966806	 -0.08960118308027619	 0.29033770515209617	 -0.3128517761024465	 
0.013501997521100033	 0.9670724768480046	 0.2541427169643171	 -0.026490108520355483	 
-0.3035490917550419	 -0.23820674321622284	 0.9225592102304375	 -0.35203421274857616	 
0.0	 0.0	 0.0	 1.0	 
5	 38	  37
0.9609679914720767	 -0.1451873921694663	 0.23550189069549726	 0.30177044060136193	 
0.05889053871625613	 0.9390724924904459	 0.3386366168882078	 -0.13481721349960557	 
-0.2703191147807229	 -0.3115501163582053	 0.9109687706948881	 0.1192683596880838	 
0.0	 0.0	 0.0	 1.0	 
5	 39	  37
0.9216208486522134	 0.17989575599205562	 -0.34387865346022967	 0.7479567050162053	 
-0.02174507193861577	 0.9086210285961871	 0.41705512613944884	 -0.1902754039455131	 
0.38748182302652356	 -0.3768890332297476	 0.8413159296335637	 0.44132344431008125	 
0.0	 0.0	 0.0	 1.0	 
5	 40	  37
0.9035985792120778	 0.27184000688992643	 -0.3310779640809669	 1.116303386760685	 
-0.05016964831479929	 0.8346954391233121	 0.5484218543190175	 -0.19492414996080007	 
0.4254322672692832	 -0.4789431433487958	 0.7678677304101874	 0.3647042987621239	 
0.0	 0.0	 0.0	 1.0	 
5	 41	  37
0.9242728998966677	 0.3397127050552525	 -0.17411170133178064	 0.8648481596454116	 
-0.06382382982921753	 0.5872125449358648	 0.8069126011011825	 -0.6046635690811603	 
0.3763590377054008	 -0.7346949741858781	 0.5644264076418435	 0.5619767492865386	 
0.0	 0.0	 0.0	 1.0	 
6	 7	  37
0.9849994902700798	 0.17106495578295602	 0.022644758127591372	 0.34271826713653564	 
-0.1716514539373525	 0.9579268350055147	 0.23002599230849888	 -0.09562466655683831	 
0.017657364720554715	 -0.23046249082940173	 0.9729209925743368	 0.018202762528757334	 
0.0	 0.0	 0.0	 1.0	 
6	 8	  37
0.9562045266014785	 0.23394225387547957	 -0.17590885469043885	 0.3026130015271115	 
-0.12930777930111576	 0.8767912447565831	 0.4631593800522832	 -0.38174109861146427	 
0.26258789294073576	 -0.42012871238450444	 0.8686423104541262	 0.17598533675757244	 
0.0	 0.0	 0.0	 1.0	 
6	 9	  37
0.7749503155519955	 0.42532369016005395	 -0.4674952053385095	 0.17922272176437945	 
-0.2644493293479424	 0.8900276399573207	 0.3713722557211619	 -0.3835249297558119	 
0.5740370725251849	 -0.16416625323322379	 0.8022037650535424	 0.19978485368669466	 
0.0	 0.0	 0.0	 1.0	 
6	 37	  37
0.9618229877426863	 -0.05315113067675201	 0.2684613520742153	 -0.6495544186298838	 
0.024171546949606337	 0.9936241169224894	 0.1101219804946594	 0.02201250210490119	 
-0.2726027816582139	 -0.09942872611969823	 0.9569752618821544	 -0.07646797933668187	 
0.0	 0.0	 0.0	 1.0	 
6	 38	  37
0.9668254871676474	 -0.11169444415577967	 0.22972337388209602	 -0.09384663564118227	 
0.06529113589326337	 0.9775169386771603	 0.20049364621603621	 -0.17567124722945687	 
-0.24695251555068073	 -0.17884346715484217	 0.9523809475830696	 0.3925852782861093	 
0.0	 0.0	 0.0	 1.0	 
6	 39	  37
0.8963995927930456	 0.2793131390201238	 -0.3441684767830819	 0.33964914082518705	 
-0.17098779776638384	 0.9342759709011209	 0.3128763065682169	 -0.2732502898001756	 
0.4089388011126654	 -0.22161358389659153	 0.8852437384003593	 0.7206895058876837	 
0.0	 0.0	 0.0	 1.0	 
6	 40	  37
0.9092258089367962	 0.3196788230877128	 -0.2666718553437617	 0.6347933307898974	 
-0.1289876149397975	 0.8253762735819232	 0.5496509821697405	 -0.49349688557542	 
0.39581640132183943	 -0.46535949230382395	 0.7916880189616079	 0.697530101912413	 
0.0	 0.0	 0.0	 1.0	 
6	 41	  37
0.8682772387678976	 0.44843452021096236	 -0.21213466883270016	 0.5041876266603944	 
-0.17513211342445575	 0.6771785157417787	 0.7146733524241999	 -0.7199374720296117	 
0.46413724207940793	 -0.583383012180613	 0.6665139770582429	 0.8162741707583097	 
0.0	 0.0	 0.0	 1.0	 
7	 8	  37
0.9688390140288834	 0.04558835083475524	 -0.24345978551643305	 0.02685557740547734	 
-0.007933436205437162	 0.988123423819587	 0.15345735527836762	 -0.24626874175225966	 
0.24756418457748383	 -0.14674400010638972	 0.9576941959452719	 0.04966607528227967	 
0.0	 0.0	 0.0	 1.0	 
7	 37	  37
0.9520929222377003	 -0.20590440028125181	 0.226102731893479	 -0.9450564039642657	 
0.2192570252996716	 0.9750268488458117	 -0.035341206636806184	 -0.07297854480050996	 
-0.213179324235761	 0.08322272510933647	 0.9734621480796058	 -0.11130657274568055	 
0.0	 0.0	 0.0	 1.0	 
7	 38	  37
0.9587085121914807	 -0.20598025756779886	 0.1960870269648151	 -0.40585777812877366	 
0.20814884856037036	 0.9780489273014373	 0.009713529096028921	 -0.252533479358085	 
-0.1937835016057576	 0.03150284585257004	 0.9805383853825412	 0.3260864269634633	 
0.0	 0.0	 0.0	 1.0	 
7	 39	  37
0.9298609866608324	 0.020258833417347424	 -0.3673528619116921	 0.020856793199327768	 
-0.023860682975659256	 0.9997014260544003	 -0.005265600890001509	 -0.28351148415678934	 
0.3671365049870112	 0.013661567017215442	 0.9300667439988143	 0.630326700969819	 
0.0	 0.0	 0.0	 1.0	 
7	 40	  37
0.9130874419776005	 0.21741332252232526	 -0.3449677818182515	 0.3785339379767603	 
-0.11199066141835028	 0.9471762155457253	 0.30052505462865864	 -0.47277371061747825	 
0.39208342869583535	 -0.23577248332721337	 0.8892029695451072	 0.5597633422828301	 
0.0	 0.0	 0.0	 1.0	 
7	 41	  37
0.9178631822099824	 0.30501318583590964	 -0.2539569554266887	 0.1775418568334384	 
-0.13640054191460407	 0.8432971507111185	 0.5198507552826205	 -0.7866625275404359	 
0.37272251194255324	 -0.4425120021747854	 0.8156353701394363	 0.6044270619952996	 
0.0	 0.0	 0.0	 1.0	 
8	 9	  37
0.9387283644886363	 0.24824368498216037	 -0.23909021429361751	 -0.18834649998760344	 
-0.2700539984327438	 0.9608004932043316	 -0.06271562954162407	 -0.06554520075564989	 
0.2141492368302478	 0.12344020870361681	 0.9689698753006877	 0.018893010554825503	 
0.0	 0.0	 0.0	 1.0	 
8	 36	  37
-0.23400940149323154	 0.96008276324786	 0.15323409453229722	 -1.0174543342414186	 
0.6720583089926159	 0.27362898521365114	 -0.6880877907396217	 1.8171746736647478	 
-0.7025505172774166	 -0.05803676563438852	 -0.7092633534223615	 3.4860739017343945	 
0.0	 0.0	 0.0	 1.0	 
8	 37	  37
0.844054064658133	 -0.19192758449708683	 0.5007359965522721	 -1.0449952547888808	 
0.3414929410447662	 0.9123220238661214	 -0.22594489590477526	 0.21591565657539818	 
-0.41346741969673895	 0.36170751592680156	 0.8355910278188629	 0.15913560276773056	 
0.0	 0.0	 0.0	 1.0	 
8	 38	  37
0.8627104545073642	 -0.2528846899158264	 0.43792694058469844	 -0.3257470847248465	 
0.3528129290755606	 0.921392128413291	 -0.1629711102470281	 0.002891712009011343	 
-0.36228953719479884	 0.29510316722157076	 0.8841156100505048	 0.36442339937713897	 
0.0	 0.0	 0.0	 1.0	 
8	 39	  37
0.9914045809641172	 0.08515000987604701	 -0.09932991825966737	 0.1163913580922604	 
-0.10129736902730468	 0.9800705664375375	 -0.17088161934786816	 -0.13164778596280424	 
0.08279975767784022	 0.1794746796094448	 0.9802719212073647	 0.5242206106934388	 
0.0	 0.0	 0.0	 1.0	 
8	 40	  37
0.9886002699692688	 0.12041543272715201	 -0.09038600432490021	 0.4406283349122905	 
-0.11663315117019978	 0.9921073173307944	 0.046041057185987486	 -0.14559208290489178	 
0.09521667009929258	 -0.034974197057641335	 0.9948419931202013	 0.35065018108627244	 
0.0	 0.0	 0.0	 1.0	 
8	 41	  37
0.9810900961756113	 0.16955667624194046	 -0.093342148721335	 0.37073558581278926	 
-0.13414288095942814	 0.9433105699614025	 0.30359653503786765	 -0.5196117775496033	 
0.13952745491133525	 -0.2853343690144607	 0.948217478843902	 0.37659023415713205	 
0.0	 0.0	 0.0	 1.0	 
8	 42	  37
0.5925398848133686	 0.7079088212246967	 -0.3843976921595899	 0.1681099401721551	 
-0.5155867813633799	 0.6999315301136736	 0.4942328641805217	 -0.5323392161486729	 
0.6189238691379656	 -0.09466231554843384	 0.779725778864787	 0.42465207936803795	 
0.0	 0.0	 0.0	 1.0	 
9	 10	  37
0.9083922049020876	 0.18019208942382597	 -0.3772988377694792	 -0.14214858585324286	 
-0.24305986615361655	 0.9618128570869006	 -0.12584883554375617	 0.0312652293157936	 
0.34021390850244515	 0.20602630621211754	 0.9175007670896417	 -0.01550856760041654	 
0.0	 0.0	 0.0	 1.0	 
9	 20	  37
0.3077656223593812	 -0.23631330040232404	 0.9216487105978628	 -3.04496255025409	 
0.5074195881706636	 0.860181989290331	 0.05111073117499647	 -0.5641720386188775	 
-0.8048637668788777	 0.45193248318027485	 0.384644442845667	 0.5556756030256323	 
0.0	 0.0	 0.0	 1.0	 
9	 36	  37
0.9430256996394047	 -0.14898342529238046	 0.29750036774390815	 -1.4650557906047716	 
0.20952454382764	 0.9604964001642217	 -0.18315602858052732	 0.3164329654273756	 
-0.25846081976467994	 0.23505447083542438	 0.9369884739882598	 -0.2221538530906342	 
0.0	 0.0	 0.0	 1.0	 
9	 43	  37
0.6421573185606416	 0.5964196381835433	 -0.48157823186686777	 0.5303001768679817	 
-0.48484847587849556	 0.8026060281371515	 0.34748455942128836	 -0.31335457645970766	 
0.5937642071203918	 0.010352718817711517	 0.8045724874464539	 0.28350264342432097	 
0.0	 0.0	 0.0	 1.0	 
9	 44	  37
0.794749070966773	 0.2437889875938666	 -0.555824472046174	 0.5174345747883617	 
-0.26284696289265286	 0.9636992768493269	 0.04685272562180754	 -0.2817655347402245	 
0.5470698203114106	 0.10886061421855633	 0.8299782999430761	 0.2494432667426785	 
0.0	 0.0	 0.0	 1.0	 
9	 45	  37
0.6417809998368762	 0.31061650437348454	 -0.7011665532947052	 0.4757786307057306	 
-0.47432940733500806	 0.8792136753621582	 -0.04466459888307622	 0.009580735421977973	 
0.6026016607889495	 0.36124880659590175	 0.7115971740721273	 0.3698417859495149	 
0.0	 0.0	 0.0	 1.0	 
10	 18	  37
-0.11462812582995448	 -0.5443943217985756	 0.8309604173257467	 -2.0138182770077724	 
0.4540839456207818	 0.7152607215386523	 0.5312342897003811	 -0.545708073183135	 
-0.883554278524061	 0.4382201759589286	 0.16521172562609043	 0.9536888347593732	 
0.0	 0.0	 0.0	 1.0	 
10	 19	  37
0.4834007702657217	 -0.21901848201696442	 0.8475580215191705	 -2.381084745248684	 
0.3285582494662729	 0.9428077705947188	 0.05624041619576843	 -0.7480558558388675	 
-0.8114019793013595	 0.25128551936233734	 0.5277143315702498	 1.7422909011765926	 
0.0	 0.0	 0.0	 1.0	 
10	 20	  37
0.03774484859345678	 -0.007866798780584515	 0.9992564435026692	 -2.445849781640922	 
0.3834500719694059	 0.9235334371329402	 -0.007213376745715956	 -0.34044171711598825	 
-0.9227899916618705	 0.38343722299010596	 0.03787515431416141	 1.5891248793027637	 
0.0	 0.0	 0.0	 1.0	 
10	 35	  37
0.9979783262840292	 0.005512231903436153	 -0.06331568183925881	 -1.5612972578729765	 
-0.015011143160476359	 0.98848880801409	 -0.1505474742793763	 0.41405411901177247	 
0.06175699027918371	 0.1511935571720119	 0.9865731510746327	 -0.3603498813892756	 
0.0	 0.0	 0.0	 1.0	 
10	 36	  37
0.7136467687266307	 -0.2895699298532737	 0.6378538588194078	 -1.3747910583269638	 
0.3551107584868667	 0.9344369915694298	 0.026904609150773095	 0.129312922604021	 
-0.6038250066806782	 0.2073083802248328	 0.7696873370373419	 0.30971170407707355	 
0.0	 0.0	 0.0	 1.0	 
10	 43	  37
0.9162545669100103	 0.28284920118623536	 -0.2836792167305484	 0.8702851454577004	 
-0.13192854608508905	 0.8816950293373732	 0.4529997063681649	 -0.2884346380115372	 
0.3782491604014786	 -0.37763766315090685	 0.8451729811260528	 0.06632974729072344	 
0.0	 0.0	 0.0	 1.0	 
10	 44	  37
0.9519838784813381	 -0.02059047147742105	 -0.30545495182754345	 0.9379146646143867	 
0.06076027125556496	 0.9905956210642621	 0.12259080293912296	 -0.15341084667381258	 
0.3000581352814479	 -0.13526399377752502	 0.9442821439796338	 0.05854595671276808	 
0.0	 0.0	 0.0	 1.0	 
10	 45	  37
0.8959355039704572	 0.08410247967786505	 -0.4361494533267664	 0.813354570432807	 
-0.10841618650005133	 0.993618724339271	 -0.03110885962528992	 0.13384064222490175	 
0.4307499312013739	 0.07515719230009996	 0.8993363626672598	 0.10759622673728803	 
0.0	 0.0	 0.0	 1.0	 
10	 54	  37
0.592962281708566	 0.2516414251342113	 -0.7649002063193561	 0.5149709505274501	 
-0.29477916498935564	 0.9518116836914206	 0.08461538085171579	 0.16176364913284627	 
0.7493336882585411	 0.1753029148215329	 0.6385670768963311	 0.4159826934450521	 
0.0	 0.0	 0.0	 1.0	 
11	 34	  37
0.849453441279602	 -0.39169954540225477	 0.353553839223828	 -1.5502989245802665	 
0.38310153522967233	 0.9185741041262028	 0.09723594465738193	 0.09448603023716541	 
-0.3628526764444628	 0.05284961078770745	 0.9303466310126984	 -0.1513782831861047	 
0.0	 0.0	 0.0	 1.0	 
11	 35	  37
0.7704368759149619	 -0.31258495576693834	 0.5556236726945439	 -1.2486113412131137	 
0.408554950855865	 0.9111398812459662	 -0.0539163141752759	 -0.08284915315356857	 
-0.48939745847475974	 0.2685419189461237	 0.8296838948703169	 0.18399907980677013	 
0.0	 0.0	 0.0	 1.0	 
11	 46	  37
0.9444350241541148	 -0.019771942971528726	 -0.32810296466528177	 0.6873451888091309	 
-0.03451895201536846	 0.9867036170727886	 -0.15882195694310042	 0.4731961938505086	 
0.3268806006828447	 0.1613227892351419	 0.9311949476724065	 -0.3022345397569491	 
0.0	 0.0	 0.0	 1.0	 
11	 47	  37
0.7110617672739331	 0.10671006072247978	 -0.6949849826160817	 0.34179371777144557	 
-0.1413779454630123	 0.9899284221002481	 0.007348173567024616	 0.2772099213788259	 
0.6887695112720427	 0.09303054368710509	 0.7189867024384758	 -0.10092664151530438	 
0.0	 0.0	 0.0	 1.0	 
11	 53	  37
0.9253481633210283	 -0.04301420891397028	 -0.37667035252313924	 0.3519308790838688	 
-0.052708459350621115	 0.969297291297776	 -0.24017614243650576	 0.5401844650642605	 
0.375436539179772	 0.24210026624170042	 0.8946702555324023	 -0.35689798372935855	 
0.0	 0.0	 0.0	 1.0	 
11	 54	  37
0.9818327463938495	 -0.052689470181231574	 -0.18228625247322117	 0.6831116890553767	 
0.028581607626377955	 0.9907793744082141	 -0.13243610894600752	 0.575117679887433	 
0.18758344760186518	 0.12482007442430144	 0.9742855840083591	 -0.3885615846809846	 
0.0	 0.0	 0.0	 1.0	 
12	 13	  37
0.8596295368038291	 0.2411100758497739	 -0.45044754497960193	 -0.11042579753400461	 
-0.2584942472953472	 0.9657241522408521	 0.023613256740645006	 -0.2602266073344136	 
0.44070146762819623	 0.09613944613114882	 0.8924905732431854	 0.691185568627887	 
0.0	 0.0	 0.0	 1.0	 
12	 32	  37
0.7569961773195198	 -0.5019216590676608	 0.4183675844068227	 -1.5352721517347425	 
0.3951205770899352	 0.8615715805638053	 0.3187069831756152	 -0.48145247734130053	 
-0.5204195587060017	 -0.07595432656243147	 0.8505259685586893	 1.2465119879533375	 
0.0	 0.0	 0.0	 1.0	 
12	 33	  37
0.6130918366034467	 -0.475266355341903	 0.6310628268011325	 -1.836210489025201	 
0.46016106559670417	 0.8641409685969098	 0.20374538056432043	 -0.2734400158038776	 
-0.6421605668359883	 0.16547591326963024	 0.7484968460377522	 0.8207669776127832	 
0.0	 0.0	 0.0	 1.0	 
12	 47	  37
0.9339423197636706	 -0.23376040731164296	 0.2703845693229328	 -0.7543071766319752	 
0.25689801394864836	 0.9649793571367871	 -0.05308719929618009	 0.511440335186725	 
-0.24850584255444128	 0.11904164092185288	 0.9612876437065755	 -0.7297708933829826	 
0.0	 0.0	 0.0	 1.0	 
12	 48	  37
0.9922422132676652	 -0.09466131325453468	 -0.08058924235041236	 -0.882486210823123	 
0.08454424082368249	 0.9890659378864474	 -0.12083394331209373	 0.42858275075642743	 
0.09114637432851537	 0.11308318303677999	 0.9893960441405846	 -0.4734204183658786	 
0.0	 0.0	 0.0	 1.0	 
12	 52	  37
0.9973278677598577	 -0.0684440176694865	 0.025544874923047908	 -1.036168714784425	 
0.07266399389005776	 0.9655201494888754	 -0.24998156916645672	 0.42769801821758185	 
-0.007554348517300997	 0.2511697779913764	 0.9679135676506658	 -0.7325145571886178	 
0.0	 0.0	 0.0	 1.0	 
12	 53	  37
0.7445105709510074	 -0.190239195586148	 0.6399320731178739	 -1.3574548070111017	 
0.34394512380885056	 0.9308416892749052	 -0.12343217293702247	 0.6516775959748637	 
-0.5721938146732443	 0.3119980736648474	 0.7584533212262335	 -0.9067744164310645	 
0.0	 0.0	 0.0	 1.0	 
13	 14	  37
0.7965943615668816	 0.2717654426846329	 -0.5399823768256501	 0.1871368864652886	 
-0.38064215434377446	 0.9194296424057191	 -0.09879616896531151	 -0.15227907985888053	 
0.46962641903579355	 0.28424052636476327	 0.8358578525775178	 0.31933493481915065	 
0.0	 0.0	 0.0	 1.0	 
13	 24	  37
0.6612507603308612	 0.23265156378139282	 -0.7131764731340555	 -0.10346302952720683	 
-0.3822864937525685	 0.9224927363352364	 -0.05351811004786388	 -0.2627837145568966	 
0.6454490441980884	 0.30802662430186206	 0.6989385738854125	 0.6557273189419598	 
0.0	 0.0	 0.0	 1.0	 
13	 25	  37
0.9145037528864872	 0.24776424801340052	 -0.31983708878565686	 -0.168689444429567	 
-0.17160725238184116	 0.9534577050862258	 0.24793014246287431	 -0.251638531026335	 
0.36637936198220133	 -0.171846681719666	 0.9144587913599249	 0.6867768067058571	 
0.0	 0.0	 0.0	 1.0	 
13	 26	  37
0.9871301913964122	 -0.04213781967782831	 -0.15426726608869884	 -0.01739681345410864	 
0.03238139436871473	 0.9973453764105764	 -0.0652199773933093	 -0.48031306479000535	 
0.15660597221185513	 0.05938521958572518	 0.9858742136613248	 1.0134769691292267	 
0.0	 0.0	 0.0	 1.0	 
13	 47	  37
0.5112193105789302	 -0.31913844406026937	 0.7980009210608683	 -1.827352119281179	 
0.36822208346971147	 0.9202974888593219	 0.1321553224219528	 0.3519419622826118	 
-0.7765740877317684	 0.2262812089458947	 0.5879876705693379	 -0.5895870804472195	 
0.0	 0.0	 0.0	 1.0	 
13	 48	  37
0.8492813573310752	 -0.282620032625369	 0.4459227435876333	 -1.4875282862506074	 
0.3712387488141838	 0.9202472584995312	 -0.12380135137782462	 0.5692261863939249	 
-0.3753704403236436	 0.27068598113484144	 0.8864683480803486	 -0.5622277767463364	 
0.0	 0.0	 0.0	 1.0	 
13	 49	  37
0.9967507734117016	 -0.07249835987296316	 0.03509819822877061	 -1.7312202947763762	 
0.08001495048489388	 0.9412374271806215	 -0.3281306346157051	 0.531147243305736	 
-0.009246804965809912	 0.3298728444266601	 0.9439800861817949	 -0.35931024422252245	 
0.0	 0.0	 0.0	 1.0	 
13	 51	  37
0.9819468581119136	 -0.18902217899873072	 -0.00714028645878733	 -1.9209005903843235	 
0.17147512776856927	 0.9054583503808052	 -0.38825437059024154	 0.29704156372202384	 
0.0798539191329681	 0.38002077781648125	 0.9215245846025284	 -0.5601769034842422	 
0.0	 0.0	 0.0	 1.0	 
13	 52	  37
0.8031866882737249	 -0.18157988052946575	 0.567379846986823	 -1.7564879440753915	 
0.33342780335958305	 0.9262850922858487	 -0.17556146432460507	 0.39750734170007307	 
-0.4936770642096803	 0.3301888471706781	 0.8045236363696275	 -0.7137424560697964	 
0.0	 0.0	 0.0	 1.0	 
14	 15	  37
0.9300629932242073	 0.13747864218847963	 -0.34070874889975983	 0.21638938095155913	 
-0.1343570895348107	 0.9903879097657784	 0.032862755233037534	 0.010551175016864976	 
0.34195175262975724	 0.015212203383584935	 0.9395943740474676	 0.04497997152453665	 
0.0	 0.0	 0.0	 1.0	 
14	 16	  37
0.8560050780190603	 0.18914731969202497	 -0.48112222756686857	 0.2853475044205373	 
-0.14995431787070604	 0.9814971687258626	 0.11906725131222021	 0.042903641328043474	 
0.4947413556167648	 -0.02977581630180759	 0.8685300177921587	 -0.3194552355281753	 
0.0	 0.0	 0.0	 1.0	 
14	 23	  37
0.8915918399343857	 0.1131183705996941	 -0.4384840079128175	 -0.08211678409520688	 
-0.1070001440600918	 0.9935043238744055	 0.038731480916445966	 0.10260018319525087	 
0.4400169998233444	 0.01238517968104036	 0.8979040300559583	 0.15624294332857022	 
0.0	 0.0	 0.0	 1.0	 
14	 24	  37
0.9921926890576632	 0.009387543764434842	 -0.12436053153068377	 -0.24382730307891443	 
-0.01229946585509167	 0.9996673845439242	 -0.022668114583896188	 -0.11563949707062725	 
0.1241063693780573	 0.02402070567614588	 0.9919781322078715	 0.502083996191213	 
0.0	 0.0	 0.0	 1.0	 
14	 25	  37
0.9564138435007534	 -0.25661544861264846	 0.13935950449626505	 -0.19238754453721343	 
0.17485489316733865	 0.8854862729365949	 0.4305111227091532	 -0.15851449427533165	 
-0.23387673312143284	 -0.3873791062695382	 0.8917617965186998	 0.5362812724641136	 
0.0	 0.0	 0.0	 1.0	 
14	 26	  37
0.8149046234007161	 -0.36691226287063966	 0.44867120045227127	 0.10716411437084242	 
0.33460887906666803	 0.9299009440058442	 0.15271258097087986	 -0.12977939122554027	 
-0.4732518915016433	 0.02568317916820428	 0.8805526795700125	 0.7164563453001909	 
0.0	 0.0	 0.0	 1.0	 
14	 49	  37
0.7190611836530756	 -0.2753097149876229	 0.6380874352288028	 -2.2361983282158935	 
0.36616658953546766	 0.930482311739117	 -0.011166747449129228	 -0.16383316100393416	 
-0.5906547577658222	 0.24167587462149034	 0.7698829318503799	 0.5481658963389044	 
0.0	 0.0	 0.0	 1.0	 
14	 51	  37
0.7821265359632752	 -0.10725714070563422	 0.6138191814449434	 -2.4607484343453634	 
0.24976109331414148	 0.9564426673970814	 -0.15111856354822864	 -0.08722926028724438	 
-0.570874310166969	 0.27150198848260254	 0.7748478510271417	 0.5675539380943811	 
0.0	 0.0	 0.0	 1.0	 
15	 16	  37
0.990511432147409	 0.05519574734600062	 -0.12585917630512347	 -0.18022121034266078	 
-0.0521045266502294	 0.9982567127557581	 0.027724605328535015	 0.17685194040716956	 
0.1271700479194814	 -0.020903705723722008	 0.9916606344910407	 -0.35283321111547983	 
0.0	 0.0	 0.0	 1.0	 
15	 22	  37
0.9213878954314534	 0.19042162366946228	 -0.338797803108996	 -0.3623597015873374	 
-0.11667158298125485	 0.9670593205008995	 0.22623883918767446	 0.32642765453766504	 
0.3707183403569949	 -0.1689256519046886	 0.9132535443410723	 -0.5509207594488523	 
0.0	 0.0	 0.0	 1.0	 
15	 23	  37
0.995920004938538	 -0.011352101990956077	 -0.08952359210626774	 -0.2970663541040667	 
0.013738247297087851	 0.9995653792449845	 0.02608281380591888	 -0.03559789780391844	 
0.089188588532539	 -0.027206293301681273	 0.9956431154185502	 0.20469654791721167	 
0.0	 0.0	 0.0	 1.0	 
15	 24	  37
0.97226659959081	 -0.10050678029649132	 0.21117776027450522	 -0.20260581912367184	 
0.1075239885402664	 0.9939594254870727	 -0.021983001928781016	 -0.18011895718387502	 
-0.20769268453298034	 0.04408001360980894	 0.9772004406423705	 0.5720221583304836	 
0.0	 0.0	 0.0	 1.0	 
15	 49	  37
0.411882362878177	 -0.3094274784914799	 0.8570925006697322	 -2.06976915245073	 
0.3848504742252945	 0.9116480463480245	 0.14418027631543845	 -0.6134643989048668	 
-0.825980043123595	 0.27046714244845915	 0.4945750632788817	 1.3517333374811291	 
0.0	 0.0	 0.0	 1.0	 
15	 50	  37
0.7138794000516004	 -0.1511255297689601	 0.6837669752437725	 -2.032981344926339	 
0.29292101130938236	 0.9513498916942565	 -0.09555451170308303	 -0.7100673374736559	 
-0.6360609116393298	 0.26850411137518404	 0.7234169329364412	 1.3502912147313373	 
0.0	 0.0	 0.0	 1.0	 
15	 51	  37
0.5350330163086231	 -0.1994185702160286	 0.8209579193312481	 -2.1472034646224687	 
0.35039441414672423	 0.9366018546745637	 -0.0008487372632942803	 -0.5744387752654005	 
-0.7687414558838825	 0.2881131716412201	 0.5709880684676051	 1.180538983785458	 
0.0	 0.0	 0.0	 1.0	 
16	 17	  37
0.9419935084288996	 0.10755674774169045	 -0.31793045795117286	 -0.28379474734778243	 
-0.10954811312857271	 0.9939130517551715	 0.011664324270635943	 0.14724251922122583	 
0.3172498084913236	 0.023840964031505957	 0.9480422814654769	 -0.30620528640029676	 
0.0	 0.0	 0.0	 1.0	 
16	 22	  37
0.9660525699958211	 0.11236346491158505	 -0.23263035863259796	 -0.2170860154036151	 
-0.06597375416314769	 0.9779045190533419	 0.19836888711859807	 0.11080419298982037	 
0.24977969446311762	 -0.17628727511682038	 0.9521202134530057	 -0.1515538969911953	 
0.0	 0.0	 0.0	 1.0	 
16	 23	  37
0.9969148925107078	 -0.07108665578547088	 0.03327738661015896	 -0.02526461174334016	 
0.07230974805426692	 0.9966912754338363	 -0.03711875281310602	 -0.1370592147201877	 
-0.030528632899172962	 0.03941051691249414	 0.998756633885351	 0.5403844564387335	 
0.0	 0.0	 0.0	 1.0	 
16	 24	  37
0.9305850663225952	 -0.18839176514961917	 0.3138789211800967	 0.10970430862086807	 
0.20086893389748176	 0.9795887997998352	 -0.0075798879679587795	 -0.40857697990866815	 
-0.3060442872073579	 0.07010225481771874	 0.9494327612512705	 0.9077141932807102	 
0.0	 0.0	 0.0	 1.0	 
16	 48	  37
-0.8938115048156303	 -0.3685552289744455	 0.2554760987936296	 -0.3842366291444633	 
-0.4297822799139415	 0.5413861358716533	 -0.7226259362615868	 1.9398355212079819	 
0.12801634946831403	 -0.7556904757118182	 -0.6422956633726037	 4.595457627685545	 
0.0	 0.0	 0.0	 1.0	 
16	 49	  37
-0.12460340418654957	 0.2880783665149297	 0.9494655583069943	 -1.535224023529441	 
-0.6376683215196409	 0.7098841224083215	 -0.2990713033423488	 1.316913215036831	 
-0.7601664971540426	 -0.6427094113972946	 0.09524447021163744	 2.921277445933243	 
0.0	 0.0	 0.0	 1.0	 
16	 51	  37
0.3800963571454467	 -0.1116583600532514	 0.9181825362720525	 -1.8832952360142232	 
0.3700345542422934	 0.9281429649529832	 -0.04031209837000787	 -0.6878848796345877	 
-0.8477034787892924	 0.355081747261816	 0.394101211378533	 2.0458529344863474	 
0.0	 0.0	 0.0	 1.0	 
17	 21	  37
0.9358822166621947	 0.17858873269352904	 -0.3036948157120516	 -0.18390852811681227	 
-0.1712545352914135	 0.9839138705350797	 0.050846627329666924	 0.05208166091953104	 
0.3078901763252276	 0.0044226602400936205	 0.9514116245867619	 -0.09432933668921327	 
0.0	 0.0	 0.0	 1.0	 
17	 22	  37
0.9914565894765367	 -0.07312831263857526	 0.10800963417301247	 0.0015898172627979864	 
0.0495023180528266	 0.9770613739936671	 0.20712458076482318	 -0.05997726575656294	 
-0.12067871266694039	 -0.20000830317824697	 0.9723339585599216	 0.12470855558534576	 
0.0	 0.0	 0.0	 1.0	 
18	 19	  37
0.7660776680545148	 0.2102350668558697	 -0.6073929726069149	 -0.22636414771141172	 
-0.24136899801519243	 0.9699288166039788	 0.03129053400546807	 -0.195142216096074	 
0.5957063146427931	 0.12263485387651088	 0.7937850334375096	 0.07704183507038108	 
0.0	 0.0	 0.0	 1.0	 
18	 20	  37
0.9877908780411668	 0.036113912012396304	 -0.1515419632241255	 -0.09765180948498356	 
-0.06414852111597445	 0.9807529504489888	 -0.18441425493772898	 -0.08717835804804787	 
0.1419653073722403	 0.1918839116360861	 0.9710954721127787	 0.0983478747812628	 
0.0	 0.0	 0.0	 1.0	 
18	 36	  37
0.5394366836749079	 0.27157585737693596	 -0.7970286180532035	 1.1900618065649673	 
-0.25147970670451225	 0.9553206227810198	 0.15530764567495153	 -0.3629741713586079	 
0.8035956828042504	 0.11665788177086878	 0.5836308055604195	 1.3531299442843998	 
0.0	 0.0	 0.0	 1.0	 
18	 45	  37
0.8477177798798848	 0.34975681508498685	 0.39880413234710127	 -1.4401647104411914	 
-0.5256500453849576	 0.6547838952310906	 0.5430930678371725	 -1.2293316689666072	 
-0.07118002151102631	 -0.6700210600030464	 0.7389216356895254	 -0.059614719054663944	 
0.0	 0.0	 0.0	 1.0	 
19	 20	  37
