0	 1	  37
0.9957177808840592	 -0.017920471300111134	 0.0906915516446084	 0.033742871710695024	 
0.025504845378058975	 0.9962086807454571	 -0.08317311626744052	 -0.12764312269856565	 
-0.08885720957562233	 0.08513002476081982	 0.9923997557389139	 -0.01532427345884085	 
0.0	 0.0	 0.0	 1.0	 
0	 2	  37
0.9501324128732265	 -0.15790446835022653	 0.26891369783395397	 0.14023706027833627	 
0.15238901311656491	 0.9874530275648985	 0.041401775738178055	 -0.04655113367696798	 
-0.27207717046650287	 0.0016423239470910436	 0.9622740337777967	 -0.18740666873555703	 
0.0	 0.0	 0.0	 1.0	 
1	 2	  37
0.9757191724407501	 -0.11797556629364768	 0.18453688598550969	 0.1235626401999854	 
0.09286937870359131	 0.98589280105986	 0.13925036200150648	 -0.0040325847098813825	 
-0.19836172773684127	 -0.1187314220248152	 0.9729108255093157	 -0.16248417299278925	 
0.0	 0.0	 0.0	 1.0	 
1	 34	  37
0.9988919830292563	 -0.03923699167020255	 0.025985856240493037	 0.2757379458367237	 
0.03482670536984403	 0.98767514196885	 0.1525939531236229	 -0.12851999744634202	 
-0.03165291191914597	 -0.15151987467485845	 0.9879472762984642	 -0.2957709797151638	 
0.0	 0.0	 0.0	 1.0	 
1	 37	  37
0.16172282864855994	 -0.6628218040875684	 0.731103947958161	 -1.6314635321274715	 
0.2546563113500855	 0.7437947230872278	 0.617996418272114	 -0.8751878071408391	 
-0.9534127593982982	 0.08623610574286546	 0.2890803422628887	 1.8451640415590196	 
0.0	 0.0	 0.0	 1.0	 
1	 38	  37
-0.37713566631435796	 -0.4858432524948009	 0.7884954173607461	 -1.6419063877048676	 
0.18138276675860054	 0.7961296746505745	 0.5773022025453949	 -0.9358086710399363	 
-0.9082229798439481	 0.3607407311990733	 -0.21212530197347332	 2.381905598560934	 
0.0	 0.0	 0.0	 1.0	 
1	 50	  37
-0.8747958033501761	 0.07440185987779455	 0.478744885808346	 -0.9253529301873499	 
-0.3219480186962974	 -0.8276878501138413	 -0.45965453987908783	 2.512141570479918	 
0.36205217261943085	 -0.556234829924064	 0.7480113891384931	 0.6937504027716549	 
0.0	 0.0	 0.0	 1.0	 
2	 34	  37
0.9220595269575715	 -0.039511179900100384	 0.38502609705016144	 -1.6716120396680156	 
-0.010538224977481586	 0.9918442430709218	 0.12701946032554687	 -0.3324778171291127	 
-0.3869046065390052	 -0.12117699513509625	 0.9141230558786523	 -0.07225560461051624	 
0.0	 0.0	 0.0	 1.0	 
2	 36	  37
0.6029703674613358	 -0.36759286322665435	 0.708026993036545	 -2.521063299585558	 
0.25089177465358525	 0.9298596469419922	 0.269099153473376	 -0.6104217864116719	 
-0.7572846580875096	 0.015379333332204034	 0.6529038388090088	 1.2459592635934842	 
0.0	 0.0	 0.0	 1.0	 
2	 37	  37
0.313485548192054	 -0.6131880125570742	 0.7250705292114908	 -2.139051868526063	 
0.33939775357892954	 0.7854743055455367	 0.5175319122463189	 -0.9539497852418021	 
-0.8868686351091135	 0.08384853358324638	 0.45434947724811536	 1.6764053723036443	 
0.0	 0.0	 0.0	 1.0	 
2	 38	  37
-0.07050071781864657	 -0.49689760689495893	 0.8649407014640474	 -2.2520485726864443	 
0.3463276610608702	 0.8009667311690126	 0.48837428960228313	 -0.952863097250562	 
-0.935460742079091	 0.33398362807552395	 0.11562065648640467	 1.70398134421854	 
0.0	 0.0	 0.0	 1.0	 
3	 4	  37
0.7463614687405336	 0.14359659887277762	 -0.649865043506452	 0.04249079603115747	 
-0.1057465658930869	 0.9896288440160632	 0.09722353055330309	 0.019385669000497808	 
0.6570861600895972	 -0.0038429004151349627	 0.7538056847325489	 0.13980198743800937	 
0.0	 0.0	 0.0	 1.0	 
3	 6	  37
0.6699579207807801	 0.08673938749347586	 -0.7373144939849949	 0.3082141838984429	 
-0.08458350387337989	 0.9956023696694732	 0.0402685035856967	 0.0132541563284157	 
0.737564922739412	 0.03538644042265221	 0.6743484148262071	 0.3145621773990476	 
0.0	 0.0	 0.0	 1.0	 
3	 31	  37
-0.9617558115531404	 0.24848632225227932	 0.11524021258786814	 -0.7536378733945485	 
-0.26555930011499146	 -0.7428142618198998	 -0.6145772779393927	 1.1411846743077654	 
-0.06711197408955086	 -0.6216763789066576	 0.7803937870353079	 0.020055035396566185	 
0.0	 0.0	 0.0	 1.0	 
3	 47	  37
-0.927428120222568	 0.09901172198609727	 0.36065740076945746	 -1.162840564551001	 
0.024994488327590988	 0.9785733551929426	 -0.2043757912759449	 0.5441041541157932	 
-0.37316532177263595	 -0.1805294087282579	 -0.9100311946359588	 3.635371784232914	 
0.0	 0.0	 0.0	 1.0	 
4	 6	  37
0.9961365954610149	 0.0012807955314143768	 -0.087807987940422	 0.22933089701451065	 
-0.006338535264014209	 0.9983342762817141	 -0.057345407590958006	 0.016367641634689047	 
0.08758827635046462	 0.05768043311100377	 0.9944854254749442	 -0.04916190174804584	 
0.0	 0.0	 0.0	 1.0	 
4	 7	  37
0.9997136297244189	 -0.023739277786296115	 0.003017487930524099	 0.5263188353889832	 
0.0236508780698421	 0.9993673231134642	 0.026562933940985124	 -0.1114432105382473	 
-0.0036461637032995436	 -0.02648396086715003	 0.999642588782128	 0.5064221571510438	 
0.0	 0.0	 0.0	 1.0	 
6	 7	  37
0.996336728325763	 -0.02987507539642689	 0.08012866939599171	 0.36273573862895697	 
0.022301987181740018	 0.995341765351887	 0.09379441088857303	 -0.11932977190854431	 
-0.08255752634896366	 -0.09166378792220382	 0.992361831605233	 0.5237608818582816	 
0.0	 0.0	 0.0	 1.0	 
8	 9	  37
0.9611493086167386	 0.12101654821117316	 -0.24808668163490233	 0.33397702478885966	 
-0.09761390797108062	 0.9897122010044016	 0.10460059346693437	 -0.12709847856955578	 
0.258192818482966	 -0.0763200775816841	 0.9630740959249953	 0.5849003933290068	 
0.0	 0.0	 0.0	 1.0	 
8	 10	  37
0.6655229816604781	 0.2956315396836012	 -0.6853328779695683	 0.5729900973762169	 
-0.2433940808781634	 0.9539803912406749	 0.17515916910559845	 -0.1603213804290209	 
0.7055767019078943	 0.050233513440659815	 0.7068508413040094	 0.6578302394423069	 
0.0	 0.0	 0.0	 1.0	 
8	 24	  37
-0.7813680171035516	 -0.2385436850426342	 0.5766809622086925	 -1.799684626757839	 
0.06660854514599479	 0.8869076753976671	 0.4571193247219372	 -0.8591340738195506	 
-0.6205056998619729	 0.3955903002438085	 -0.6771122438649422	 3.069313568219245	 
0.0	 0.0	 0.0	 1.0	 
8	 26	  37
0.06780417050711898	 -0.3492813442095258	 0.9345614677746066	 -2.018625931792149	 
0.2878400975311056	 0.9037350522810066	 0.3168770006357815	 -0.6508096970522296	 
-0.9552751816702476	 0.24751868185216308	 0.16181418176118706	 2.310110696411967	 
0.0	 0.0	 0.0	 1.0	 
8	 28	  37
0.14725525691057104	 -0.24637525388016107	 0.9579222951720496	 -1.9986058899747023	 
0.30654202157745963	 0.9321624189898057	 0.19262713627700054	 -0.6407288239804058	 
-0.940397723476299	 0.2652780784357431	 0.21279018488180762	 2.593709304055501	 
0.0	 0.0	 0.0	 1.0	 
8	 29	  37
-0.4546338974805645	 -0.4385949334330917	 0.7752048139868924	 -1.9723865659791515	 
0.19171461080064878	 0.8017641034191112	 0.5660563845361202	 -0.6711367263015502	 
-0.8698008549473762	 0.4059665094996999	 -0.28042408223517934	 2.7909176141429546	 
0.0	 0.0	 0.0	 1.0	 
9	 10	  37
0.8762245131094085	 0.16481379395983958	 -0.45284325759223143	 0.21372628827218787	 
-0.1703037205086604	 0.984966140221363	 0.028954194831464605	 -0.00843255213034394	 
0.45080732625711484	 0.05175051630654342	 0.8911198789472254	 -0.033907159654126655	 
0.0	 0.0	 0.0	 1.0	 
9	 29	  37
-0.5619142594902217	 -0.524764607808889	 0.6394329295342386	 -1.7560504596252955	 
0.4486477329354389	 0.4560970624308084	 0.7685640385640471	 -1.3491146646905554	 
-0.6949586870551705	 0.7187472268003332	 -0.020852991473260488	 1.8889296872710368	 
0.0	 0.0	 0.0	 1.0	 
10	 11	  37
0.8746092776263981	 0.1482207469766189	 -0.46161588106944934	 0.24961913436272257	 
-0.1411046303932053	 0.9887249599565242	 0.050124214114204285	 -0.24480401684936917	 
0.4638405919833104	 0.02129703558392304	 0.885662656717505	 0.6956274202856814	 
0.0	 0.0	 0.0	 1.0	 
11	 12	  37
0.993978821062409	 0.0481817000175689	 -0.09841050280737366	 0.18007173092121487	 
-0.032431306548129195	 0.9872571410444518	 0.15579328551743307	 -0.25393022659956876	 
0.10466285699790721	 -0.15166364508395583	 0.9828752846240886	 0.8568358718734073	 
0.0	 0.0	 0.0	 1.0	 
11	 15	  37
0.2709976274961088	 0.4458703199388719	 -0.8530884735413364	 1.3832630645772068	 
-0.31095019571620613	 0.8792864367073773	 0.3607843372521815	 -0.799785985775709	 
0.910972151975862	 0.1674963283778208	 0.3769280014862466	 2.327600220637127	 
0.0	 0.0	 0.0	 1.0	 
11	 17	  37
0.4048265907716491	 0.5737552153757923	 -0.7119834157010135	 1.068510907829054	 
-0.26412213007512036	 0.8188228224738632	 0.5096750786535658	 -1.026140395288647	 
0.8754170045234357	 -0.018279448159483198	 0.4830227012948766	 2.085171475864703	 
0.0	 0.0	 0.0	 1.0	 
12	 13	  37
0.9732307865512078	 0.14783606631068377	 -0.1759725365126622	 0.5466418967862121	 
-0.13129444399343895	 0.9860552303274561	 0.10225874886933368	 -0.22424595332469072	 
0.18863617120099394	 -0.07641714625429814	 0.9790693615229615	 0.4273267572611636	 
0.0	 0.0	 0.0	 1.0	 
12	 14	  37
0.8227003664797197	 0.2683570115072808	 -0.501147305060114	 1.0563514066553907	 
-0.2719347606643653	 0.9599373386679463	 0.06761502624057782	 -0.47226280612546534	 
0.49921497667492726	 0.08065246559145454	 0.8627164000165238	 0.8041755023756944	 
0.0	 0.0	 0.0	 1.0	 
12	 15	  37
0.4615451924147198	 0.42252695637793464	 -0.780030131785214	 1.2843691103757784	 
-0.42822052931841725	 0.8761763870862803	 0.22122865316835752	 -0.6447022321092728	 
0.7769190521728203	 0.23191789462313986	 0.5853297160784307	 1.1084671227299974	 
0.0	 0.0	 0.0	 1.0	 
12	 16	  37
0.6549062914320779	 0.36193575667941397	 -0.6634005256853376	 1.0879486660561255	 
-0.3428375258694413	 0.9246117432417147	 0.1659986599802475	 -0.9533282589075213	 
0.67346876712911	 0.11872502809608974	 0.7296192071246347	 1.1318468161149209	 
0.0	 0.0	 0.0	 1.0	 
12	 17	  37
0.5128036026032815	 0.5409521219540337	 -0.6666357828008654	 1.0344356812974727	 
-0.3667665806362742	 0.8401213404500906	 0.3995978086135075	 -0.9278545951045056	 
0.7762182299363174	 0.03958453073827662	 0.6292204100637228	 1.0081626956789558	 
0.0	 0.0	 0.0	 1.0	 
12	 18	  37
0.6546832686328794	 0.5447912750881001	 -0.5240155382811197	 0.9225581195059429	 
-0.3777764028718488	 0.8362591533299447	 0.39743630672736857	 -0.9778004311025376	 
0.6547326226830126	 -0.06223419526085609	 0.7532941641449625	 1.2302381820499553	 
0.0	 0.0	 0.0	 1.0	 
12	 21	  37
0.14829354781278792	 0.7108723060692304	 -0.6875097003976822	 0.48780993808376083	 
-0.5000153247938035	 0.6536864934977091	 0.5680480993630873	 -1.155947498101374	 
0.8532254676511023	 0.2595275181603745	 0.45238453628420267	 1.7295715324429193	 
0.0	 0.0	 0.0	 1.0	 
13	 14	  37
0.9357313544987381	 0.1409632045491657	 -0.32332059503098187	 0.5733679566094263	 
-0.17769450629802627	 0.980241379711423	 -0.08689936670049284	 -0.17497491344213606	 
0.30468261295889376	 0.13876675561774918	 0.9422909810116324	 0.2727416015802632	 
0.0	 0.0	 0.0	 1.0	 
13	 15	  37
0.6442191148044795	 0.3065120982586905	 -0.7007368020459515	 0.9293858832721708	 
-0.3851757169977005	 0.9215422080202765	 0.04898597628322006	 -0.3424159346717677	 
0.6607733341743142	 0.23834909787571532	 0.7117361227210486	 0.5381022499706883	 
0.0	 0.0	 0.0	 1.0	 
13	 16	  37
0.8169376165548997	 0.24462770269726114	 -0.5222740829589966	 0.7586155522595822	 
-0.2642821754509759	 0.9636966126544929	 0.03799698010574035	 -0.7462410930038054	 
0.5126088785775175	 0.10698656846219924	 0.8519307552683981	 0.531475082065295	 
0.0	 0.0	 0.0	 1.0	 
13	 17	  37
0.6880460409697896	 0.428760750133547	 -0.58545440868672	 0.6931148679384672	 
-0.3651698315675674	 0.9017618125646566	 0.2312501405686493	 -0.6451222631223243	 
0.6270914124900081	 0.05467954411865293	 0.7770241359419044	 0.42044977605922945	 
0.0	 0.0	 0.0	 1.0	 
13	 18	  37
0.8286512241024256	 0.3778066681819381	 -0.4130366451912153	 0.5944157231681991	 
-0.2993528119581487	 0.9225940134575482	 0.24332731105456062	 -0.740938355336181	 
0.4729958168591979	 -0.07798979298316296	 0.8776061470979697	 0.6437034951761454	 
0.0	 0.0	 0.0	 1.0	 
14	 15	  37
0.8632767070684125	 0.2075387092133908	 -0.4600880472378724	 0.48470672432034073	 
-0.2055867075288889	 0.977092002745177	 0.05500294409257078	 -0.09262748064287361	 
0.4609635915346791	 0.04710522634972748	 0.8861679665447126	 0.17494444333474118	 
0.0	 0.0	 0.0	 1.0	 
14	 16	  37
0.9689870893309678	 0.07572723802351072	 -0.23522203581133688	 0.3440364400187831	 
-0.06346363611702249	 0.996221557306071	 0.05928723007083358	 -0.44317869030831386	 
0.23882292101200342	 -0.04252051481339635	 0.9701317530208446	 0.2310910636003297	 
0.0	 0.0	 0.0	 1.0	 
14	 17	  37
0.8898115173217024	 0.2664260063239445	 -0.3704762432274474	 0.2797159078262811	 
-0.1730757318854032	 0.9482437448876182	 0.2662303350744182	 -0.4510032860437399	 
0.422232465206054	 -0.17277437146688782	 0.8898700814670867	 0.17146273618040206	 
0.0	 0.0	 0.0	 1.0	 
14	 18	  37
0.9649912477213357	 0.18998722104260246	 -0.18082242024076922	 0.2737602911721078	 
-0.13139964763692993	 0.9468527327599002	 0.2936052367823137	 -0.4721790289804436	 
0.22699344576905833	 -0.25956648147558886	 0.9386688538948508	 0.39277676264313727	 
0.0	 0.0	 0.0	 1.0	 
14	 20	  37
0.9865355142716806	 0.11228704460965187	 -0.11890878307988796	 0.3463294113550573	 
-0.10160868009626711	 0.990527466371752	 0.09236349112204571	 -0.7729625088622132	 
0.12815363908139388	 -0.07903769971341496	 0.9885998618319788	 0.9029743509674925	 
0.0	 0.0	 0.0	 1.0	 
14	 21	  37
0.6788122409455849	 0.5259018497490365	 -0.5124853031775396	 0.23153724686790988	 
-0.35901403602562443	 0.8464985297473836	 0.3931274107361485	 -0.7397188647208514	 
0.6405644881501195	 -0.08287028156135566	 0.7634197095667083	 1.0413403490032436	 
0.0	 0.0	 0.0	 1.0	 
15	 16	  37
0.9554412788237169	 -0.15771138394662312	 0.24951769895809056	 -0.05298567689425466	 
0.14969730200633413	 0.9874208213849799	 0.050900287498553555	 -0.367418496029795	 
-0.2544065260399657	 -0.011280109443257894	 0.9670315809937253	 0.0978435976190684	 
0.0	 0.0	 0.0	 1.0	 
15	 17	  37
0.9968531649295547	 -0.0677164603852309	 0.04120981148735966	 -0.11215634445827248	 
0.05697728658415003	 0.9735119434437125	 0.2214228641896592	 -0.3999437389898593	 
-0.05511221628129167	 -0.2183780597160346	 0.974306762088421	 0.06852776005736262	 
0.0	 0.0	 0.0	 1.0	 
15	 18	  37
0.9574236588104171	 -0.18077911597245913	 0.2250752069382363	 -0.017783741714617548	 
0.10705055737651643	 0.9463921302789815	 0.3047656704935584	 -0.42802608648206303	 
-0.26810467305783936	 -0.26769543696937975	 0.9254507211679734	 0.28321105708992916	 
0.0	 0.0	 0.0	 1.0	 
15	 21	  37
0.9597365590117057	 0.22653027012419263	 -0.1661016978053831	 0.2957575209981587	 
-0.17334212873265828	 0.9429119146120775	 0.28437585637500384	 -0.6113974709407971	 
0.22103900945941868	 -0.24413348397965975	 0.944214275626646	 0.8387015142030834	 
0.0	 0.0	 0.0	 1.0	 
16	 17	  37
0.9755808346368826	 0.1486004945515176	 -0.16174031070901435	 -0.08548405405717455	 
-0.12419446928540391	 0.9805772992176061	 0.15180215432602306	 0.09157787277030706	 
0.18115675225649458	 -0.12800802036649592	 0.9750877795530666	 -0.04964178747857199	 
0.0	 0.0	 0.0	 1.0	 
16	 18	  37
0.9976717289096816	 0.059819363814914754	 0.03275309217686061	 -0.042382405515061096	 
-0.06603013714694468	 0.9674112095168879	 0.2444495299431522	 -0.04655388984816135	 
-0.01706289315218037	 -0.2460430763379683	 0.9691086947620611	 0.1803323244111295	 
0.0	 0.0	 0.0	 1.0	 
16	 19	  37
0.9595850009277298	 -0.12749782992679615	 0.25088030882969975	 0.3194993781003768	 
0.0708645969225277	 0.9722298710400452	 0.22304099793639606	 -0.46495701432498676	 
-0.2723505735215838	 -0.19624826425070274	 0.9419722840301887	 0.7569810647606259	 
0.0	 0.0	 0.0	 1.0	 
16	 20	  37
0.9938608956322916	 0.012088451926609855	 0.10997449460213797	 0.19493057851042206	 
-0.017101585649298773	 0.9988515546852526	 0.04475608864872653	 -0.35054777421677386	 
-0.10930716308301724	 -0.04636206458809847	 0.9929262324391829	 0.6347881449540368	 
0.0	 0.0	 0.0	 1.0	 
16	 21	  37
0.8449697361110438	 0.40975833870973033	 -0.34369208445100285	 0.09834177531563186	 
-0.33127914379937057	 0.9055171619994665	 0.2651278902869095	 -0.26081120305122185	 
0.4198574447833327	 -0.1101670240238581	 0.9008789890311227	 0.789220530265923	 
0.0	 0.0	 0.0	 1.0	 
17	 18	  37
0.9751525783144519	 -0.11346626544636236	 0.19027048013901335	 0.08697941005366606	 
0.10143470471693011	 0.9922438490826133	 0.07185502513190886	 -0.0729463999971288	 
-0.1969478349352035	 -0.05076958305298178	 0.9790985648804522	 0.195908200986817	 
0.0	 0.0	 0.0	 1.0	 
17	 21	  37
0.9323831959458271	 0.3018743495407524	 -0.1988302115051772	 0.3805266707811854	 
-0.29199360098862265	 0.9532349715442787	 0.07799247403868892	 -0.4113972648975143	 
0.21307583837578406	 -0.01466172276118861	 0.9769256476242862	 0.7215988349155819	 
0.0	 0.0	 0.0	 1.0	 
17	 22	  37
0.5793709414752142	 0.6683931458697775	 -0.4664546223679482	 0.3356086024594618	 
-0.5986480022553504	 0.7373358196373156	 0.31297996497450786	 -0.2822164934533176	 
0.5531273646908099	 0.09791063085318608	 0.8273231695027825	 0.7719239820845987	 
0.0	 0.0	 0.0	 1.0	 
18	 19	  37
0.9576640585119043	 -0.1550818200513913	 0.24254727399840129	 0.34354109658088383	 
0.16192820101633149	 0.9867665838545423	 -0.008424173766592418	 -0.5193577311412066	 
-0.2380311087864815	 0.04734277217890055	 0.9701030116293292	 0.4698282933034354	 
0.0	 0.0	 0.0	 1.0	 
18	 20	  37
0.9970009007609865	 -0.017438534597169573	 0.07539961135764447	 0.25956675668479345	 
0.03212076224471312	 0.9796440825256839	 -0.19815581799490276	 -0.3892534737599528	 
-0.07040923600351826	 0.19998342202171054	 0.9772661717269698	 0.3660317044049327	 
0.0	 0.0	 0.0	 1.0	 
18	 21	  37
0.8576274033248098	 0.38080095965374144	 -0.3456383459530115	 0.104931935349603	 
-0.39001931458425626	 0.9196821195673031	 0.04549432051828873	 -0.3832666897441131	 
0.33520168752196194	 0.09578845481050259	 0.9372643173659418	 0.5153397125649724	 
0.0	 0.0	 0.0	 1.0	 
19	 20	  37
0.9737692228841929	 0.10673171601445705	 -0.20095233604047244	 -0.0279561141539428	 
-0.13471221632833447	 0.9821704847553294	 -0.13112496958012618	 0.09183767008672884	 
0.18337426028595624	 0.15475619429312104	 0.9707854556968227	 -0.12834515805495306	 
0.0	 0.0	 0.0	 1.0	 
20	 21	  37
0.8013753717971276	 0.4097408039560346	 -0.4357866301878444	 -0.1357491031829302	 
-0.3457671878891523	 0.9118081162605182	 0.2214746281195052	 0.07303305927929427	 
0.48810097854464735	 -0.026803594813158187	 0.8723754937232302	 0.14330101470267914	 
0.0	 0.0	 0.0	 1.0	 
21	 22	  37
0.8412478171097199	 0.43095720010527716	 -0.32646286448163303	 -0.09260135785511525	 
-0.41037901395741083	 0.9021095629821593	 0.1333694165822197	 0.13342244092069164	 
0.3519817823573774	 0.021776777850694987	 0.935753491489594	 0.040330520810892626	 
0.0	 0.0	 0.0	 1.0	 
22	 23	  37
0.9787676758504369	 -0.0023884318562608434	 -0.204958854660156	 -0.12812139259885116	 
-0.08867824759529852	 0.896574093065553	 -0.43392518254545626	 -0.11534775505104934	 
0.18479719996190935	 0.4428873344733947	 0.8773259393459703	 -0.14314118942893045	 
0.0	 0.0	 0.0	 1.0	 
23	 31	  37
0.9925788564166691	 0.0931724307892372	 -0.07814161461987974	 -0.8689785779870095	 
-0.07990514278921974	 0.984128526438024	 0.15844939762194826	 -0.3558308629155013	 
0.0916645075828775	 -0.1510296050175218	 0.9842701237251082	 0.7279430292990239	 
0.0	 0.0	 0.0	 1.0	 
23	 32	  37
0.9544445391882437	 -0.13327943989231264	 0.26696856091258003	 -0.8389533131903499	 
0.0539965060814635	 0.9570768325479554	 0.2847600989095343	 -0.5024349773847594	 
-0.2934620911544399	 -0.2573723518600333	 0.9206733804956561	 0.6741144145778742	 
0.0	 0.0	 0.0	 1.0	 
23	 42	  37
0.05063968230204672	 -0.4291933205620508	 0.9017919472701386	 -2.836982710967071	 
0.48574881412052484	 0.7995387019020948	 0.35325055377340353	 -0.9776370721509663	 
-0.8726303410705191	 0.42015587315380176	 0.24896853234397956	 2.5026766849972724	 
0.0	 0.0	 0.0	 1.0	 
24	 25	  37
0.836258133280484	 0.13448540347401594	 -0.531588196609623	 -0.02655151653981467	 
-0.15852367655935193	 0.9873550909313469	 0.0004103438284263337	 -0.03591255543355498	 
0.524921497456854	 0.08392616197814981	 0.8470028458294997	 0.07466096561970414	 
0.0	 0.0	 0.0	 1.0	 
24	 26	  37
0.7926041602630434	 0.23933280659228537	 -0.5608016162801023	 0.021649292123292627	 
-0.2122937166248072	 0.9705167386448761	 0.11414305888549994	 -0.008416732895874635	 
0.571585534295035	 0.028584396071504353	 0.8200444556765719	 0.1327603632517519	 
0.0	 0.0	 0.0	 1.0	 
24	 28	  37
0.6551555745096229	 0.21901671751784793	 -0.7230510705591091	 -0.013574948491074754	 
-0.2088323765266408	 0.9722676950657552	 0.10528327334272511	 -0.014471779003852159	 
0.7260579947243896	 0.08201954998188368	 0.682724381956268	 0.08853161523156555	 
0.0	 0.0	 0.0	 1.0	 
24	 29	  37
0.9597072965367573	 0.1157037274864021	 -0.25607528662458184	 0.05458561778500763	 
-0.06576029738307428	 0.9784661602590619	 0.1956516202743477	 0.11100245692867462	 
0.27319862419529006	 -0.17092870055564185	 0.9466498249427615	 0.046798233718373404	 
0.0	 0.0	 0.0	 1.0	 
24	 30	  37
0.9975169570070855	 0.006490281954638872	 -0.07012700423854373	 -0.15898379550625089	 
-0.01460060765252785	 0.9931690586575541	 -0.11576719389120606	 -0.08911604985722922	 
0.06889660905661754	 0.11650363584633948	 0.9907977392460494	 0.41485734023983234	 
0.0	 0.0	 0.0	 1.0	 
24	 31	  37
0.9174697003835147	 -0.09005349476664884	 0.38747866645596835	 -0.37805739753962486	 
0.01775129340964862	 0.982337721059081	 0.1862726318242537	 -0.2801352475007153	 
-0.39740941164052374	 -0.1640212482112075	 0.9028636606236676	 0.9678909490995485	 
0.0	 0.0	 0.0	 1.0	 
25	 26	  37
0.9974710364108705	 0.055500684531601	 -0.04439826052840995	 0.027570992401382634	 
-0.050847756239829366	 0.9937047566766037	 0.09982666098626633	 0.04569884668230605	 
0.04965921069449012	 -0.0973166510665867	 0.9940137988068297	 0.005156009651134941	 
0.0	 0.0	 0.0	 1.0	 
25	 27	  37
0.9095782858540316	 0.16005394887607186	 -0.38347108802622426	 -0.02754330081657966	 
-0.15704143853598607	 0.9868065970363208	 0.03937926647543144	 0.027091834845153366	 
0.38471460654020984	 0.024402325601685898	 0.922712955376611	 0.06467512736779045	 
0.0	 0.0	 0.0	 1.0	 
25	 28	  37
0.9667599915136043	 0.06384929206746676	 -0.247585110035113	 -0.017471667630260052	 
-0.058397430514522466	 0.9978630687127457	 0.02930931948174711	 0.08345758237892066	 
0.2489274169671095	 -0.013876743193737492	 0.9684227264373849	 0.004647382180189728	 
0.0	 0.0	 0.0	 1.0	 
25	 29	  37
0.9635752268221398	 -0.13420904798701264	 0.23132382863224782	 0.07998314873747994	 
0.06956744152125573	 0.9609726537446824	 0.26775348706429236	 0.08777509040126141	 
-0.25823081406921317	 -0.2419080201095476	 0.9353060228993666	 -0.07974305003285734	 
0.0	 0.0	 0.0	 1.0	 
26	 27	  37
0.9159356454637398	 0.03829253497051759	 -0.3994941490616035	 0.07756326936487042	 
-0.08509597220620772	 0.9913336868892977	 -0.10008095099843917	 0.011650930360499693	 
0.3921996543639516	 0.1256630534564695	 0.911256400862454	 0.06246010888170035	 
0.0	 0.0	 0.0	 1.0	 
26	 28	  37
0.9765609286592604	 -0.0006318745859812446	 -0.21524022242757176	 -0.012438346493744113	 
-0.016364430543015597	 0.9968833975564579	 -0.07717316301212825	 0.0280941946058058	 
0.21461816798483252	 0.07888657940867558	 0.9735070362149585	 -0.02402580219442535	 
0.0	 0.0	 0.0	 1.0	 
26	 29	  37
0.9312444878925399	 -0.20111197069546258	 0.30387115528254666	 -0.051956228418938086	 
0.15111821904245334	 0.9719600830525644	 0.18015793300848637	 0.05769408177258583	 
-0.33158255026946065	 -0.12185061425959477	 0.9355241526338917	 -0.05970848322738937	 
0.0	 0.0	 0.0	 1.0	 
27	 28	  37
0.9734188380093118	 -0.0701686527190399	 0.21801863678180494	 -0.1670031848471036	 
0.05830513608298133	 0.9964706783960187	 0.060387897821696866	 -0.016031085345171347	 
-0.22148651632762364	 -0.04607111104123188	 0.9740745227201459	 -0.028482608778903358	 
0.0	 0.0	 0.0	 1.0	 
28	 29	  37
0.8406570435569084	 -0.24602528935144385	 0.4824596274484496	 -0.01643176601823435	 
0.14469973799346725	 0.9605075919209406	 0.23767025831360855	 0.06466320657917898	 
-0.521879029031423	 -0.12998739501110806	 0.8430572674471446	 -0.06282812858377859	 
0.0	 0.0	 0.0	 1.0	 
29	 30	  37
0.9767639311671436	 -0.0404593621819909	 0.21046439789839352	 -0.07046841116975694	 
0.0972540585611978	 0.9587643783865315	 -0.26704403163235463	 -0.3357550310549182	 
-0.19098133642919662	 0.2813074950101991	 0.9404213004748477	 0.3401243833461058	 
0.0	 0.0	 0.0	 1.0	 
29	 31	  37
0.7892383247385172	 -0.2012340699827678	 0.5801790377479261	 -0.07775977291119152	 
0.21496185845490345	 0.9755411378877277	 0.045944397899331565	 -0.5567335566883064	 
-0.5752340968454085	 0.08845528456168379	 0.8131921030479565	 0.8311043018794325	 
0.0	 0.0	 0.0	 1.0	 
30	 31	  37
0.893504670764294	 -0.14653545752380143	 0.4244723348001385	 -0.15577565004368615	 
0.01943336604748396	 0.9569916464195507	 0.2894638716096739	 -0.12878006413994061	 
-0.44863319940286983	 -0.2503883950415586	 0.8579241831432758	 0.5738313185281021	 
0.0	 0.0	 0.0	 1.0	 
30	 32	  37
0.6862716572773867	 -0.4060068706758611	 0.6034812618315035	 -0.005436906344152535	 
0.09660670935194135	 0.8732337577916676	 0.4776295090980386	 -0.3441059197761224	 
-0.7209010723573233	 -0.2694832559121973	 0.6384985659005221	 0.4801551207332425	 
0.0	 0.0	 0.0	 1.0	 
31	 32	  37
0.9214570718009817	 -0.21397230119100924	 0.32424176034401075	 0.053129946267918456	 
0.15538840398918005	 0.9679733296553756	 0.19718538734292673	 -0.19111213958064513	 
-0.35604958746451904	 -0.13131445997645766	 0.9251946843056525	 -0.07571142304576065	 
0.0	 0.0	 0.0	 1.0	 
31	 33	  37
0.9677525339613182	 -0.0982234731180421	 0.23196375221158536	 -0.03224229959718145	 
0.11554640716636717	 0.9913476797019931	 -0.062280058930751225	 -0.48118360565931034	 
-0.22383936383574818	 0.08707426300637305	 0.9707285984864689	 0.42492544999040405	 
0.0	 0.0	 0.0	 1.0	 
31	 47	  37
0.059079095872373824	 -0.31264153583185644	 0.9480321357968837	 -2.2024313449709716	 
0.5314214604209825	 0.8137857772472136	 0.23525292804591738	 -0.7152704110510903	 
-0.8450449052180199	 0.4899060918409216	 0.21422214951358648	 1.7228622858536393	 
0.0	 0.0	 0.0	 1.0	 
31	 48	  37
0.3320168449718456	 -0.33208924461545714	 0.88288252234693	 -3.2419431217310435	 
0.5783242296693886	 0.8110901562627761	 0.08760047825745045	 -1.096026276879451	 
-0.7451884996645147	 0.48150752021579174	 0.4613508512438114	 2.0045438714712422	 
0.0	 0.0	 0.0	 1.0	 
33	 34	  37
0.9093643013403379	 0.12096244565013677	 -0.3980259466292816	 -0.463942062251272	 
-0.13431854171356203	 0.9909216472905853	 -0.005728724365295015	 -0.30472021628733764	 
0.39371956618860127	 0.05867176214542253	 0.9173562707732531	 0.5981559350394238	 
0.0	 0.0	 0.0	 1.0	 
33	 36	  37
0.8795552691133226	 0.1264486454287042	 -0.4586864600620305	 -0.5169484926024837	 
-0.11076625252140157	 0.9919689159180529	 0.061061503050024155	 -0.320332053457318	 
0.4627238548825385	 -0.0028999864842497386	 0.8864977293828987	 0.9460994755298847	 
0.0	 0.0	 0.0	 1.0	 
33	 38	  37
0.9691029415537082	 -0.19924203189311002	 0.14540323723719134	 -1.002256310823429	 
0.17951471838857894	 0.9740006721369119	 0.13819246201842042	 -0.7055775280708263	 
-0.16915659772476868	 -0.10782070025717791	 0.9796737936896306	 1.199751978802778	 
0.0	 0.0	 0.0	 1.0	 
33	 41	  37
0.45220911319812696	 -0.48075862666164204	 0.7512509972246125	 -1.5927107820957662	 
0.3833848946587186	 0.8652829175341612	 0.32295742005888584	 -0.42693658410669466	 
-0.8053092204166586	 0.1419739959076319	 0.5756044162425554	 1.209843712342141	 
0.0	 0.0	 0.0	 1.0	 
33	 42	  37
0.20887211694087318	 -0.5535335528137619	 0.8062090576730162	 -1.9959663503460496	 
0.49203646300589193	 0.7719303136536456	 0.40252168877619	 -0.345128620636213	 
-0.8451464712328206	 0.3126086959314462	 0.4335934102252376	 1.03922988473637	 
0.0	 0.0	 0.0	 1.0	 
33	 47	  37
0.8414522029636509	 -0.14497444485949595	 0.5205195485909251	 -0.4991780271741735	 
0.17608877229722142	 0.9843182103022861	 -0.010507384934534921	 -0.09520267167598268	 
-0.5108335681985638	 0.1004991104686311	 0.8537850984858761	 0.8224053369402089	 
0.0	 0.0	 0.0	 1.0	 
33	 48	  37
0.9971368920705106	 -0.0642740728569028	 -0.039835436866540314	 -0.061613840527322154	 
0.05492908876914896	 0.9777215521237248	 -0.20259161315257898	 0.22062915466130584	 
0.051969353266646756	 0.1998234472507137	 0.9784527460485193	 0.7330801287099927	 
0.0	 0.0	 0.0	 1.0	 
34	 35	  37
0.9502623038678731	 0.03605999322193675	 -0.30935615516190385	 -0.14886952990619748	 
-0.0947097428910735	 0.9796927379861909	 -0.17672635269994927	 -0.12370136307494416	 
0.29670122758294865	 0.19723543298797497	 0.9343803109680863	 0.02976759099861324	 
0.0	 0.0	 0.0	 1.0	 
34	 36	  37
0.9978036589543239	 -0.0617499966201821	 -0.023974905521621008	 -0.0008717740524192154	 
0.06317337388455543	 0.995946998373949	 0.06402110013083966	 -0.03663835258426452	 
0.019924432473857747	 -0.06539506363119688	 0.9976605147259594	 0.3740408623799323	 
0.0	 0.0	 0.0	 1.0	 
34	 37	  37
0.9626042899464609	 -0.23099226053895536	 0.14154701179386442	 -0.15047431466232247	 
0.18651110187294612	 0.9440066888684032	 0.27214882004126484	 -0.3924957681488068	 
-0.19648559706708357	 -0.23557153253909302	 0.9517875094801227	 0.7533745825830785	 
0.0	 0.0	 0.0	 1.0	 
35	 50	  37
0.773563697348709	 -0.204766433879757	 0.5997248650009116	 -1.5903557017050454	 
0.08171308050743381	 0.9706877841772955	 0.22602698538660496	 0.09213129117994659	 
-0.6284283400819698	 -0.12584090434011533	 0.7676209273962515	 1.2050777909250185	 
0.0	 0.0	 0.0	 1.0	 
36	 37	  37
0.9630956319637006	 -0.1986797214352668	 0.181585164545029	 -0.17079483271374057	 
0.15958603754799663	 0.9647682044519059	 0.20917602228356783	 -0.4020468993124486	 
-0.21674662699144792	 -0.1724780564856042	 0.9608705530500867	 0.3740098867330468	 
0.0	 0.0	 0.0	 1.0	 
36	 48	  37
0.42160205828349273	 -0.22388113219045472	 0.8787086793131393	 -1.8970772301335195	 
0.43620304646666225	 0.8996277114225848	 0.019921924951287393	 0.10657935765436932	 
-0.7949708212911495	 0.37489627830865696	 0.476942526732512	 0.5736223286183342	 
0.0	 0.0	 0.0	 1.0	 
36	 49	  37
0.8279130345161314	 -0.1788467497182499	 0.5315767558815072	 -1.8765558766242194	 
0.27740513979964865	 0.9543226566840824	 -0.11097141682510833	 0.0946541141051551	 
-0.48744886469354676	 0.23933680672778235	 0.8397091742111195	 0.3841278222155675	 
0.0	 0.0	 0.0	 1.0	 
37	 38	  37
0.9062849903227462	 -0.14922440331921558	 0.39544859813852395	 -0.12722286865030824	 
0.2091600876764972	 0.9713530837072369	 -0.11280622542927995	 -0.03375566508293947	 
-0.3672867735691814	 0.18494665237972216	 0.9115345093493028	 0.0288351525019776	 
0.0	 0.0	 0.0	 1.0	 
37	 49	  37
0.945823549590728	 0.0343657204477707	 0.32285725994269043	 -1.6409029683773593	 
0.10143383201584319	 0.9133354903860107	 -0.39437223498102303	 0.941151660431631	 
-0.30842987981416153	 0.4057551962199021	 0.8603683687690817	 -0.13184865629728282	 
0.0	 0.0	 0.0	 1.0	 
38	 39	  37
0.9346497805465634	 -0.14828313571918897	 0.3231747195953687	 0.18261995508932125	 
0.19527910077131438	 0.9736187769000395	 -0.11803622354861416	 0.14910278724538256	 
-0.2971461938612163	 0.17343179907086279	 0.9389491735684292	 0.06332131927956577	 
0.0	 0.0	 0.0	 1.0	 
39	 40	  37
0.9068739155989327	 -0.15405567378572896	 0.3922327760153207	 -0.1302537020810322	 
0.16502754160715735	 0.9862718051919191	 0.005816940310135633	 0.13670394516200723	 
-0.38774426071491724	 0.05945397932770097	 0.919847602934716	 -0.0070128718807287325	 
0.0	 0.0	 0.0	 1.0	 
40	 41	  37
0.9977970540350203	 -0.014913040564513322	 0.06464240233899328	 -0.2159704004966915	 
0.007718172503202827	 0.9938844770984233	 0.11015478199335957	 0.2370133936821484	 
-0.06588982297931836	 -0.10941319574857028	 0.9918101047195672	 -0.44126583661835794	 
0.0	 0.0	 0.0	 1.0	 
41	 42	  37
0.9721300539166232	 -0.14331581126686976	 0.1855363482258426	 -0.03609532475053961	 
0.1431511717353172	 0.9895967295905235	 0.014354609522567504	 0.21217072481482546	 
-0.18566340593360825	 0.012605198318896267	 0.9825325484035996	 -0.37468877161908404	 
0.0	 0.0	 0.0	 1.0	 
41	 43	  37
0.8464585330194188	 -0.191182229966071	 0.49694799207141765	 -0.019554369461955504	 
0.2622616781630918	 0.9619485968670927	 -0.07664012756064087	 0.19297648304924092	 
-0.4633861931970918	 0.1952031043058301	 0.8643893706100712	 -0.6449628845906189	 
0.0	 0.0	 0.0	 1.0	 
41	 44	  37
0.16854176126078207	 -0.12517443021165703	 -0.9777141896956908	 1.7325642823679566	 
-0.43938314324041966	 0.8783645163293479	 -0.18819731637215253	 0.4771189793903974	 
0.8823469431846427	 0.4613102410251677	 0.09304156801139685	 1.246216884644444	 
0.0	 0.0	 0.0	 1.0	 
41	 45	  37
0.7868118607974185	 -0.1226468362951841	 0.6048841618486019	 -0.4149842766628201	 
0.32944103915431044	 0.9122202805735012	 -0.2435626437517272	 0.4864603258730712	 
-0.5219154121401584	 0.3909116437984225	 0.758150637613254	 -0.2738322425311847	 
0.0	 0.0	 0.0	 1.0	 
41	 46	  37
0.9176836467746361	 -0.045845947892372556	 0.3946579196015889	 -0.06737081632850721	 
0.15102370145218713	 0.9590122991314532	 -0.2397649926788412	 0.5160238633544361	 
-0.367489545486787	 0.2796311126760644	 0.8869937287159705	 -0.5391888821282823	 
0.0	 0.0	 0.0	 1.0	 
41	 47	  37
0.9934365496860272	 -0.0769538725061739	 0.08462814693838987	 0.1839416738211415	 
0.09006295224159715	 0.9823452517681889	 -0.16397094548126795	 0.6179511924583913	 
-0.0705158590775853	 0.17051659108367317	 0.982828370461371	 -0.8349990427439333	 
0.0	 0.0	 0.0	 1.0	 
41	 48	  37
0.9335810517275885	 0.041223436157981554	 -0.3559874269781706	 0.1898312379911869	 
-0.12464021553296191	 0.9686954060197064	 -0.2146951956337472	 0.7897320359699433	 
0.33599291142389637	 0.24480571616619778	 0.9094937739233011	 -0.9519787948881882	 
0.0	 0.0	 0.0	 1.0	 
42	 43	  37
0.9290855277777277	 -0.06497542359289568	 0.3641129994972791	 -0.08413845874731811	 
0.12309996319416669	 0.9826461283297959	 -0.1387551279775201	 -0.009546974662459464	 
-0.34877855601452423	 0.17373767814549299	 0.9209607690108396	 -0.20746268602571974	 
0.0	 0.0	 0.0	 1.0	 
42	 44	  37
0.9326936263773377	 -0.06099778930293869	 0.35547414676069755	 -0.19926154490377473	 
0.15354446442755004	 0.9589735403963723	 -0.23831459515376813	 0.22131968166855293	 
-0.3263536375754813	 0.27685559145482685	 0.9037943818819905	 -0.06524107305842886	 
0.0	 0.0	 0.0	 1.0	 
42	 45	  37
0.9001307304023429	 -0.06231039515730705	 0.43114044445016236	 -0.39221063811650797	 
0.19689297210866277	 0.9410480983569407	 -0.2750665994136724	 0.23641832243505997	 
-0.38858438687054925	 0.3324844225435599	 0.8593347910135565	 0.06049952861384093	 
0.0	 0.0	 0.0	 1.0	 
42	 46	  37
0.984697717003929	 0.022339575544213723	 0.172833299718989	 0.08337924840808009	 
0.028213749274948664	 0.9582308707872249	 -0.2846007424835837	 0.3293636802106944	 
-0.1719720630774077	 0.28512197676584183	 0.9429374676435536	 -0.1520807022169481	 
0.0	 0.0	 0.0	 1.0	 
42	 47	  37
0.9889595582874289	 0.02003852366408942	 -0.14682455394550742	 0.39966741142944057	 
-0.04452655096248396	 0.9852117675577622	 -0.16545440255579544	 0.3942036502632998	 
0.14133781635259143	 0.17016530385208847	 0.9752268408086437	 -0.38835641437691426	 
0.0	 0.0	 0.0	 1.0	 
42	 48	  37
0.8321868645651938	 0.16026383855332224	 -0.5308300335298551	 0.34881454174231524	 
-0.25359933924859757	 0.9613362566778518	 -0.10733115451391734	 0.41243379699480315	 
0.49310485454700925	 0.22393772270158147	 0.8406542088001482	 -0.5494835846709277	 
0.0	 0.0	 0.0	 1.0	 
43	 44	  37
0.9985943339501789	 -0.047978020802709936	 -0.022526999854672988	 -0.12369960468006257	 
0.0455581474388924	 0.9941601941618448	 -0.09782619049119341	 0.25816437570133577	 
0.02708895355184153	 0.09666239115570215	 0.9949485266743842	 0.04313289310513238	 
0.0	 0.0	 0.0	 1.0	 
43	 45	  37
0.9927147816840081	 -0.07269111147657577	 0.09609039774281598	 -0.41042384619950806	 
0.08560052396281935	 0.9867421087086592	 -0.1378860442484259	 0.2823576066995485	 
-0.0847933518818736	 0.1451069027079286	 0.9857758742549693	 0.0796667800038273	 
0.0	 0.0	 0.0	 1.0	 
43	 46	  37
0.9760593277143396	 0.03478341042803985	 -0.21470515396893736	 0.20919517021151585	 
-0.059611239889542054	 0.9921126614703119	 -0.11026770619327037	 0.301075570332469	 
0.20917621485403648	 0.1204266636143693	 0.9704342995947997	 0.07972938327446874	 
0.0	 0.0	 0.0	 1.0	 
43	 47	  37
0.8646407209655008	 0.06632029863175865	 -0.4979940176725554	 0.5402724652560653	 
-0.07851259494023573	 0.9969067856287889	 -0.003554321739331407	 0.397382251030436	 
0.49621789174112757	 0.04217201390342492	 0.8671731806042666	 -0.04175736061400948	 
0.0	 0.0	 0.0	 1.0	 
44	 45	  37
0.9950992128618142	 -0.017945094722829714	 0.0972395502724429	 -0.2618453496186667	 
0.02268324680679852	 0.9985973115260959	 -0.047842237898696835	 0.05395516989002244	 
-0.09624461998522373	 0.049813481992752685	 0.9941104516781111	 0.023854988325404385	 
0.0	 0.0	 0.0	 1.0	 
44	 46	  37
0.9786084362829958	 0.10054817175919532	 -0.17948702903450411	 0.28192875862975214	 
-0.10274296263123377	 0.9947035641453046	 -0.002950102775205011	 0.02795184322655036	 
0.17823976005792455	 0.021328024580600787	 0.9837559165270533	 0.006473445873705711	 
0.0	 0.0	 0.0	 1.0	 
44	 47	  37
0.8845917394476057	 0.10533901694797242	 -0.45431392891864236	 0.6080160539426198	 
-0.04523799864284446	 0.9889443972760187	 0.14121792582799683	 -0.027183256257703417	 
0.46416697209069985	 -0.10436795774952387	 0.8795773709090888	 -0.12292176734901625	 
0.0	 0.0	 0.0	 1.0	 
45	 46	  37
0.9406042062843283	 0.1344203023371943	 -0.31176098126578783	 0.6344843791596918	 
-0.12416777735414587	 0.990865894621448	 0.05260363051129402	 -0.031532077500291286	 
0.31598431952734757	 -0.01076852801522912	 0.9487032985170991	 0.054110854143245575	 
0.0	 0.0	 0.0	 1.0	 
45	 47	  37
0.8249110118014278	 0.129226889445554	 -0.5502928617136248	 0.9210030016777448	 
-0.04336637097135311	 0.9851161149425645	 0.16632978671675752	 -0.012809822997799883	 
0.563596646971501	 -0.11334306826927565	 0.8182372323463334	 -0.06651644378201632	 
0.0	 0.0	 0.0	 1.0	 
46	 47	  37
0.9462805185538422	 0.012136987246810954	 -0.32311897769404413	 0.3786264281696567	 
0.02350084673650108	 0.9940709410337154	 0.10616343247564702	 0.029796539865861022	 
0.32249169044820514	 -0.10805395750695392	 0.940384736083559	 -0.18492955440804942	 
0.0	 0.0	 0.0	 1.0	 
46	 48	  37
0.7547110413413995	 0.11970414471912974	 -0.6450443099620685	 0.25391449182390463	 
-0.10328592274314638	 0.9926315116389843	 0.06336166241822595	 0.15580889457811167	 
0.64787596207953	 0.018804250539866785	 0.7615137148608396	 -0.420886242518405	 
0.0	 0.0	 0.0	 1.0	 
47	 48	  37
0.8669951889853231	 0.17045876794079073	 -0.46825543318621776	 0.1213862137466809	 
-0.17165908640784466	 0.9843240431242388	 0.040488716714362875	 -0.03762259515105826	 
0.46781673797538403	 0.04527677726671302	 0.8826650061662191	 -0.11766225814423144	 
0.0	 0.0	 0.0	 1.0	 
48	 49	  37
0.8467578081026436	 0.178254364184663	 -0.5012250952080595	 0.10636597261862245	 
-0.1668965163682609	 0.9836359437120878	 0.0678666564799658	 0.02574070339730722	 
0.5051205472373355	 0.026186101022343766	 0.8626514480784819	 -0.10120069604775907	 
0.0	 0.0	 0.0	 1.0	 
48	 50	  37
0.6819906984367907	 0.3156180071823851	 -0.6597529543608871	 0.18848397676530093	 
-0.29560588952320765	 0.9440772990195807	 0.14606577817916763	 0.07076406482882742	 
0.6689587769996683	 0.09541135686128968	 0.7371504782993736	 -0.22711349599931246	 
0.0	 0.0	 0.0	 1.0	 
49	 50	  37
0.9607855129115257	 0.14125848573460562	 -0.2386152517910444	 0.07200658034121785	 
-0.12851967141201387	 0.9893585655348779	 0.06820793841568136	 -0.01763221710407907	 
0.24571099332240967	 -0.0348664453412682	 0.9687158710116092	 -0.12214699912805355	 
0.0	 0.0	 0.0	 1.0	 
49	 51	  37
