0	 1	  37
0.9795765062526016	 -0.04760277826469503	 0.1953556856081441	 -0.48315756596932546	 
0.04280575433525878	 0.9986709158236545	 0.028706606970029	 -0.03734767539445129	 
-0.1964625557039694	 -0.01975797027592942	 0.9803122394506965	 0.10864803782007468	 
0.0	 0.0	 0.0	 1.0	 
0	 2	  37
0.8660520254089304	 -0.033904877927604236	 0.4988029155265663	 -0.5925505360477346	 
0.09735355045998947	 0.9900364072948158	 -0.10173592503932928	 0.07249652247522245	 
-0.49038370231679096	 0.1366688387434675	 0.8607237960104209	 0.074690594732004	 
0.0	 0.0	 0.0	 1.0	 
0	 5	  37
0.40035787059703876	 0.01853941944990578	 0.9161713078772259	 -0.9108750143024233	 
0.15782054470625148	 0.9834608855766027	 -0.08886710420345383	 -0.15272865163156601	 
-0.9026661903049368	 0.18016929945844243	 0.39081040468880474	 0.08606554296553617	 
0.0	 0.0	 0.0	 1.0	 
0	 6	  37
0.6871705544863034	 -0.11771028772603406	 0.7168967270189218	 -0.9068058063235185	 
0.2127409716326842	 0.9761334246245544	 -0.043644201442149144	 0.04760057962958296	 
-0.6946494857377855	 0.18250431637140993	 0.6958119476338678	 0.27625565369392263	 
0.0	 0.0	 0.0	 1.0	 
0	 7	  37
0.6861972164215463	 -0.015305434572078065	 0.7272545110536491	 -0.7407789111446921	 
0.08921693014133068	 0.9940012049811295	 -0.06326091899601465	 0.008249022766432034	 
-0.7219236244586265	 0.10829288143097543	 0.6834463638647129	 0.4642563434596317	 
0.0	 0.0	 0.0	 1.0	 
0	 34	  37
0.640523611794333	 0.4530689286479332	 -0.6200468116422787	 0.6341471153240751	 
-0.24173269928655453	 0.8853264099846754	 0.39719321479511915	 -0.38169866773111455	 
0.728899722067156	 -0.10452604305846222	 0.6765940448252276	 0.5790423139060563	 
0.0	 0.0	 0.0	 1.0	 
0	 35	  37
0.8779722592261481	 0.269136047028449	 -0.39589203101254045	 0.9795904375396044	 
-0.2070868824634414	 0.9591394850107464	 0.19278607679210732	 -0.17804764749267113	 
0.431601361375177	 -0.0872767808940049	 0.8978324055055444	 0.5457678460716116	 
0.0	 0.0	 0.0	 1.0	 
0	 36	  37
0.9623787293766713	 0.14681369644486966	 -0.22863271808631574	 1.1435470774007124	 
-0.1512230757921547	 0.9884980445213285	 -0.0017881066717232528	 0.07580302114162614	 
0.22574047619180615	 0.036295378682456796	 0.9735111108225696	 0.44945466868881656	 
0.0	 0.0	 0.0	 1.0	 
0	 37	  37
0.9916530370891754	 0.11676405869876642	 -0.054684628809244976	 1.0128595346484224	 
-0.10910011549143328	 0.9859186783762843	 0.12673406972284787	 -0.09519364973640841	 
0.06871258131936066	 -0.11971012582463862	 0.9904282240240724	 0.3797941454370271	 
0.0	 0.0	 0.0	 1.0	 
0	 38	  37
0.9899567227132067	 -0.049599722836796284	 0.1323841178141827	 0.859055489716417	 
0.03206661184171473	 0.9908067478527949	 0.13142952793935192	 -0.10527581295510684	 
-0.13768594539719423	 -0.12586443462662955	 0.9824462960061483	 0.38622308147223533	 
0.0	 0.0	 0.0	 1.0	 
0	 45	  37
0.1646789169366815	 0.49501190151239755	 -0.8531377800083889	 1.8421441016707438	 
0.2180631421334711	 0.8252722948634873	 0.5209357977463553	 -1.7762433367954236	 
0.9619403933505647	 -0.2718250479478195	 0.02796109705871111	 1.7733863240147418	 
0.0	 0.0	 0.0	 1.0	 
0	 46	  37
0.8016316315901845	 -0.17762154881001757	 0.5708216119177594	 0.09159348518050259	 
0.2598827731300092	 0.9634382514870922	 -0.06517422651439245	 0.007418566568975493	 
-0.5383750286411085	 0.20059242500609004	 0.8184833581483872	 0.22043828977524818	 
0.0	 0.0	 0.0	 1.0	 
0	 47	  37
0.6636731492336047	 -0.4003465284923489	 0.6318707210422677	 -0.4696459942197933	 
0.23784210070326264	 0.9138239163910421	 0.32917622174877215	 -0.15245826725509626	 
-0.7092031345950249	 -0.06817996007524878	 0.7016996557821074	 0.4831036553209905	 
0.0	 0.0	 0.0	 1.0	 
0	 48	  37
0.5666618199869877	 -0.5105857599378864	 0.6466811915601733	 -0.9305020290515573	 
0.2759673912979503	 0.857134126279997	 0.43492883154193207	 0.027334609348924767	 
-0.776360986081371	 -0.06799464181005396	 0.6266102041747197	 0.47934229490402447	 
0.0	 0.0	 0.0	 1.0	 
0	 49	  37
0.7020199395300101	 -0.37829143169359525	 0.6033768285321292	 -0.7548498977411366	 
0.20852217947335042	 0.9193077201513516	 0.33375412557421297	 -0.15617141120645298	 
-0.6809453026271379	 -0.10848459972426276	 0.7242545039229662	 0.5899107574028073	 
0.0	 0.0	 0.0	 1.0	 
1	 2	  37
0.9514548016284278	 0.02387801583216397	 0.3068608818636348	 -0.1004364991667593	 
0.00046509287590587866	 0.9968735088495988	 -0.07901260052994886	 -0.04821932624090807	 
-0.3077881481584786	 0.07531963697341801	 0.9484689811160758	 -0.051179839531396425	 
0.0	 0.0	 0.0	 1.0	 
1	 3	  37
0.737167189940415	 -0.1553695311604101	 0.6576053853659856	 -0.06833031406965502	 
0.22833594629475218	 0.9732346406900942	 -0.026019796127239765	 0.08130129307579567	 
-0.6359616574173571	 0.1693358879500073	 0.7529130941530704	 -0.06949733315352732	 
0.0	 0.0	 0.0	 1.0	 
1	 5	  37
0.5982895645837466	 -0.009456186950770228	 0.8012241742724329	 -0.30983509317237873	 
0.21426127179855914	 0.9654068603243277	 -0.1485991300310583	 0.02774603644609644	 
-0.7721021333460062	 0.2605766193791674	 0.5796189447520409	 -0.18458639735962834	 
0.0	 0.0	 0.0	 1.0	 
1	 6	  37
0.8486955818771102	 -0.13226710689371618	 0.5120754062989543	 -0.27436632241972736	 
0.17782244461534258	 0.983218287027153	 -0.04075510086373365	 -0.03398000535856454	 
-0.4980913445275833	 0.12564717461748143	 0.8579730765107657	 0.01793059260971915	 
0.0	 0.0	 0.0	 1.0	 
1	 7	  37
0.8057123227964962	 0.016309592457542304	 0.5920824689920686	 -0.39672767457952796	 
0.06338922679574414	 0.9915054207885259	 -0.11357291258572724	 0.04656449270577245	 
-0.5889053054779797	 0.1290387451149322	 0.7978342831936035	 0.32622097386062265	 
0.0	 0.0	 0.0	 1.0	 
1	 34	  37
0.4335735705401768	 0.43459938569794465	 -0.7893904818782719	 1.1531464822012198	 
-0.28643548773286165	 0.8970465501101961	 0.33654449676473946	 -0.26925107461909037	 
0.8543820400127091	 0.08019264858054624	 0.5134203626828189	 0.6830218236535508	 
0.0	 0.0	 0.0	 1.0	 
1	 35	  37
0.7537324030669985	 0.3365586426438995	 -0.5644605784539298	 1.3738752259960905	 
-0.25824443856222107	 0.9415010430178228	 0.21653081985720882	 -0.2579464591022856	 
0.6043155421785318	 -0.01743749001569952	 0.7965542413567457	 0.7290416350704904	 
0.0	 0.0	 0.0	 1.0	 
1	 36	  37
0.9423163147265816	 0.17188370247227494	 -0.28722109223477515	 1.2895896205361268	 
-0.1516127828948046	 0.9841898552045816	 0.09156360071162588	 -0.16162205900202603	 
0.2984183758802525	 -0.04273548568587608	 0.9534779238137526	 0.5507693092940968	 
0.0	 0.0	 0.0	 1.0	 
1	 37	  37
0.8796202836938616	 0.3385305720662579	 -0.33416344547365195	 1.5991603284711418	 
-0.30249017665328176	 0.9402511953215863	 0.1562926189063118	 -0.30670659988312515	 
0.36710740872746855	 -0.03639699812923276	 0.9294661957191257	 0.6717352644049321	 
0.0	 0.0	 0.0	 1.0	 
1	 38	  37
0.9990092174412173	 0.03968416955130958	 -0.02014324091373634	 1.1907203086294431	 
-0.03907068023926075	 0.9987863894485026	 0.029987167223091138	 -0.026940902636497805	 
0.02130881069246672	 -0.029170446336096615	 0.9993472968129875	 0.4912751517783305	 
0.0	 0.0	 0.0	 1.0	 
1	 45	  37
0.9608154841295138	 -0.19325413016046838	 -0.1987119690227243	 2.1507149511719463	 
0.24404999756535084	 0.9296949387360987	 0.2758748259208042	 -1.2744851991723807	 
0.13142756235021566	 -0.313560459982445	 0.9404289626496395	 1.0240290344554002	 
0.0	 0.0	 0.0	 1.0	 
1	 46	  37
0.9421816112333462	 -0.07802274407566144	 0.3258930236452449	 0.6522979021182024	 
0.0988319768953956	 0.9939570950214035	 -0.04776540169998471	 -0.20972059426007675	 
-0.32019689535766005	 0.07721233491817692	 0.9441992393238832	 0.27105090874978394	 
0.0	 0.0	 0.0	 1.0	 
1	 47	  37
0.8604265896874089	 -0.29471485820684595	 0.41570330298304464	 0.18803173776693524	 
0.18416269411016384	 0.9404921314306879	 0.2855847559220328	 -0.13372819141517858	 
-0.47513175631289944	 -0.16916767737685465	 0.863499919556417	 0.29928326824494494	 
0.0	 0.0	 0.0	 1.0	 
1	 48	  37
0.8115361546927116	 -0.3496847664566729	 0.46811284294997607	 -0.18098458077017957	 
0.1946553078260392	 0.9171833619975497	 0.347683752295131	 0.1666664650226823	 
-0.5509250228131927	 -0.19103728584497395	 0.8123954546003249	 0.15942227586359894	 
0.0	 0.0	 0.0	 1.0	 
1	 49	  37
0.860957868846343	 -0.27611283058306757	 0.42721569828245765	 -0.1809546424867863	 
0.18857603108891235	 0.9532632001711991	 0.23606853178286494	 -0.010519942535315376	 
-0.47243055423026536	 -0.1226824192244767	 0.8727877149931215	 0.3733131394652232	 
0.0	 0.0	 0.0	 1.0	 
2	 3	  37
0.8906192764033657	 -0.17732181507292796	 0.4187532428507113	 -0.04208397440904973	 
0.127639985837753	 0.9813018752705446	 0.14406478961165492	 -0.16576725459898803	 
-0.4364691724670628	 -0.07485722069215757	 0.8965997200513524	 0.01955044390079092	 
0.0	 0.0	 0.0	 1.0	 
2	 5	  37
0.8368737122964054	 -0.08821465704960171	 0.5402412090435659	 -0.05603157975895866	 
0.1341971992915515	 0.989874896033983	 -0.04624718266028802	 -0.08735071553082845	 
-0.5306915312773861	 0.11120190863169327	 0.8402384388654991	 -0.17034127695816267	 
0.0	 0.0	 0.0	 1.0	 
2	 6	  37
0.9651901924784275	 -0.15033402910731553	 0.21402703575907586	 -0.17036961351655905	 
0.1466888607059424	 0.9886351936147871	 0.03290641413227839	 0.025420610493072846	 
-0.21654161375645273	 -0.00036556615433980407	 0.9762733202710902	 0.007109885892399148	 
0.0	 0.0	 0.0	 1.0	 
2	 7	  37
0.9641314097763671	 0.046234218108332156	 0.26136759890725925	 -0.24428947965206455	 
-0.04992621635793849	 0.9987247506706433	 0.007499687862911694	 -0.021003816786789965	 
-0.260687547847639	 -0.020279779924150455	 0.9652102014190553	 0.257021344885724	 
0.0	 0.0	 0.0	 1.0	 
2	 8	  37
0.9835929424729821	 -0.09420621572950326	 0.15385094226317386	 -0.5308631436681177	 
0.09175883005760589	 0.9955168093362969	 0.022947754472662618	 -0.08734675210937289	 
-0.15532302026357725	 -0.008454066879584707	 0.9878275599158967	 0.7468228932108166	 
0.0	 0.0	 0.0	 1.0	 
2	 35	  37
0.536105233745659	 0.349135735501702	 -0.7685671190899317	 1.1274938468497535	 
-0.14184503099628895	 0.9347738843558937	 0.3256958278944564	 -0.25567340665396077	 
0.8321485237216816	 -0.0655898111133036	 0.5506603409961058	 1.231274739923087	 
0.0	 0.0	 0.0	 1.0	 
2	 36	  37
0.7718497451667614	 0.22359175735531445	 -0.5951929913303474	 1.164883108367247	 
-0.11216072119915085	 0.9693270740482511	 0.21868926845444833	 -0.16287902996946985	 
0.6258337986287503	 -0.10203798096697987	 0.7732530678465429	 1.0674093621158223	 
0.0	 0.0	 0.0	 1.0	 
2	 37	  37
0.7771222453873925	 0.26729599224270034	 -0.5697665032757252	 1.3272168909294852	 
-0.14569692138532214	 0.9571413341323187	 0.25030556045410796	 -0.171658522082718	 
0.6122527442346796	 -0.11150479373729326	 0.7827600259023884	 1.1924454853551847	 
0.0	 0.0	 0.0	 1.0	 
2	 38	  37
0.9210300276149469	 0.1424781832092132	 -0.3624964214182126	 1.0988438119805755	 
-0.07345558029239406	 0.9775307925902417	 0.19757992626226153	 -0.08956937891386525	 
0.3825022430725291	 -0.15534965995229844	 0.9108010305204909	 0.99145598036467	 
0.0	 0.0	 0.0	 1.0	 
2	 45	  37
0.9706323083031401	 -0.22092532455477504	 0.09520988944687128	 0.7689009033700193	 
0.23560858414313382	 0.9529504219264263	 -0.1907199214248857	 -0.06020883552850242	 
-0.04859544378011038	 0.20755118482103205	 0.9770163706526106	 0.40329320946239333	 
0.0	 0.0	 0.0	 1.0	 
2	 46	  37
0.998958560827855	 0.024470629114193034	 0.03850950609261398	 0.5238434868288605	 
-0.027650309518698936	 0.9960543230099518	 0.08432820404056583	 -0.2810342511679943	 
-0.03629399581558281	 -0.0853051811084347	 0.9956936134895092	 0.5369399908744575	 
0.0	 0.0	 0.0	 1.0	 
2	 47	  37
0.9587113823289799	 -0.241292536072231	 0.15050048979550082	 0.10378005414272283	 
0.15223977027617808	 0.8824715959832484	 0.44504711506652145	 -0.26231806892461895	 
-0.24019895449212714	 -0.40375957489403047	 0.882769883912155	 0.49062331638648693	 
0.0	 0.0	 0.0	 1.0	 
2	 48	  37
0.9300280863880954	 -0.299060704389889	 0.21356604041635557	 -0.19654300262681276	 
0.16846776728027527	 0.8634503743502687	 0.475470359141325	 0.08899280270903155	 
-0.32659817806732483	 -0.4062217942506342	 0.8534151884978961	 0.17578395795538343	 
0.0	 0.0	 0.0	 1.0	 
2	 49	  37
0.9607360573834325	 -0.19789033763417138	 0.194488154689097	 -0.3531115989942863	 
0.11443514397634776	 0.9211584390404037	 0.3719835050210673	 -0.09008863362987891	 
-0.2527663463882184	 -0.3351216860420697	 0.9076357362278494	 0.423239669336909	 
0.0	 0.0	 0.0	 1.0	 
3	 4	  37
-0.5647103859122079	 0.6237604221595939	 0.5403934823720301	 -1.9331523354889166	 
-0.5400577993632097	 0.21582815104061154	 -0.8134837322069555	 2.445691221743021	 
-0.6240510823561256	 -0.7512264272279534	 0.2149862824565153	 2.4973317186791895	 
0.0	 0.0	 0.0	 1.0	 
3	 5	  37
0.9949386414610099	 0.03724966586928771	 0.0933250347995956	 0.0840370246396394	 
-0.01991811472242936	 0.9834321412825081	 -0.18017905593715483	 -0.017516937781624862	 
-0.09849044843853345	 0.17740824638422728	 0.9791965817348675	 -0.1673052910544472	 
0.0	 0.0	 0.0	 1.0	 
3	 6	  37
0.9573595524508467	 0.02416634738129042	 -0.28788656617730557	 0.0624206129577757	 
-0.03865940793328908	 0.9982492909556645	 -0.04476386137007135	 0.11549714677309228	 
0.28630078153815935	 0.05398463448758544	 0.9566177511053622	 -0.017202937974667383	 
0.0	 0.0	 0.0	 1.0	 
3	 7	  37
0.9039400581468237	 0.33650783980417803	 -0.2639220434670861	 -0.18462705077888444	 
-0.33298242081564	 0.9410599982341711	 0.05940359544048534	 -0.2716932438933514	 
0.2683562533373737	 0.034184111423677735	 0.9627130246448835	 0.2636455448556258	 
0.0	 0.0	 0.0	 1.0	 
3	 38	  37
0.7035160117811391	 0.2768219014352423	 -0.6545493534129699	 0.5685883225405136	 
-0.18897914361521015	 0.9607283197594498	 0.20319443617049346	 -0.2147998924654854	 
0.6850927706858551	 -0.01925436308891015	 0.7282013217895296	 1.301013053154696	 
0.0	 0.0	 0.0	 1.0	 
3	 39	  37
0.39812883344665106	 0.2615487423934647	 -0.8792529143146498	 2.044764660430206	 
-0.6916712000450214	 0.7151935529578619	 -0.10044467549745527	 0.46241186258124034	 
0.60256483718077	 0.6481438398688254	 0.46564490744923287	 1.7952498198175575	 
0.0	 0.0	 0.0	 1.0	 
3	 43	  37
-0.32899332005419524	 0.4434711467206381	 -0.8337246172364114	 1.3303344895775082	 
-0.6145916931698107	 0.5697520018497361	 0.545581989324138	 -0.675709393801389	 
0.7169661400975528	 0.691893054174199	 0.08510908023892597	 1.923990062983277	 
0.0	 0.0	 0.0	 1.0	 
3	 45	  37
0.8981979794849274	 0.07850396803209311	 -0.43252458502657515	 0.44792074873425614	 
-0.10648584833750208	 0.993476163881984	 -0.040815143049869745	 -0.6990554300510221	 
0.4264987148316363	 0.08271782638316219	 0.9006978446989911	 0.8212811703806452	 
0.0	 0.0	 0.0	 1.0	 
3	 46	  37
0.9014519096932784	 0.12613660699010223	 -0.4140942053293746	 0.37158898279148866	 
-0.1279844798989487	 0.9914999238007158	 0.023406708614648015	 -0.27866918604014496	 
0.4135268158358505	 0.031897609317939925	 0.9099330278127411	 0.7796789770087736	 
0.0	 0.0	 0.0	 1.0	 
3	 47	  37
0.9572011145703319	 0.1007109886873674	 -0.2713361808217388	 0.08970654101427813	 
0.007864353586774269	 0.9281086235131558	 0.37222645647935376	 -0.20145643323259368	 
0.289316743739412	 -0.35842946268146975	 0.8875945820440184	 0.5351081048493188	 
0.0	 0.0	 0.0	 1.0	 
3	 48	  37
0.9780539767801436	 0.09268683136201585	 -0.18660002625030941	 0.013243435918629901	 
-0.027267297951844117	 0.94484004491936	 0.32639513473577936	 0.3425663785777896	 
0.2065597079949338	 -0.3141439810164308	 0.9266318828014695	 0.1380317971133015	 
0.0	 0.0	 0.0	 1.0	 
4	 5	  37
0.655965814261253	 -0.7126249805569254	 -0.24874582932546246	 3.683076810019707	 
-0.044710855409743365	 -0.36566353716060696	 0.9296725859138374	 -2.1173280433223467	 
-0.7534651882662526	 -0.598711796006588	 -0.2717248523662596	 3.874913399679875	 
0.0	 0.0	 0.0	 1.0	 
4	 39	  37
0.05014872487897859	 -0.9462725182504911	 0.3194580200854037	 -0.7514632745945203	 
0.9898973256484439	 0.0046196472979446864	 -0.14171077423012393	 1.5271979120257841	 
0.13262122781467195	 0.32333725436874156	 0.9369443045721618	 0.871542598098427	 
0.0	 0.0	 0.0	 1.0	 
4	 40	  37
0.9931834556280593	 0.04958886785716806	 -0.10548728668115327	 -0.052021079963514016	 
-0.025825214412597695	 0.9761146795148158	 0.21571553197726145	 -0.30150096914000996	 
0.11366477804162062	 -0.21152086568547712	 0.9707415936346893	 1.4437510491240106	 
0.0	 0.0	 0.0	 1.0	 
4	 41	  37
0.9404843892483505	 -0.19594575228268044	 0.2776587397193367	 0.13296568538048348	 
0.12846998213441008	 0.9614016966463493	 0.2433151071674415	 -0.3617762118612968	 
-0.314618145170523	 -0.19316324662806245	 0.9293564347878399	 1.2867881847915108	 
0.0	 0.0	 0.0	 1.0	 
4	 42	  37
0.9547431888870626	 -0.05234157457244464	 0.29278969046918246	 -0.010961482512357386	 
0.1087676561529157	 0.9776528345598458	 -0.1799014509449552	 -0.33521399227149185	 
-0.27683034560676995	 0.2036057333386666	 0.939100455277741	 1.185369790212443	 
0.0	 0.0	 0.0	 1.0	 
4	 43	  37
0.9750426048483513	 -0.22145883172651645	 0.015744985896104513	 0.2472170391636197	 
0.22147225588845018	 0.9751662503265862	 0.0009077971509578903	 -0.20418938750394552	 
-0.015555018554245067	 0.002601936646598213	 0.9998756279275257	 1.1105216249943302	 
0.0	 0.0	 0.0	 1.0	 
4	 45	  37
0.5315387520627196	 -0.4960184309155218	 0.6866092565992036	 0.38915178879759366	 
0.4640531098210121	 0.8486581813748536	 0.2538385361819086	 -0.9380543475776874	 
-0.7086051554434635	 0.18369814200919443	 0.6812736060506932	 1.2825660851956362	 
0.0	 0.0	 0.0	 1.0	 
4	 46	  37
0.1899671246179971	 0.9143534379879327	 0.3575895440362008	 -0.1467817573496095	 
0.6371099590338172	 0.16231130966738627	 -0.753489176334993	 2.0437993725242287	 
-0.746996246084475	 0.370962032010967	 -0.5517098686284272	 4.312582945305534	 
0.0	 0.0	 0.0	 1.0	 
4	 47	  37
0.08951556584298155	 -0.9449376378110117	 -0.3147694777451524	 1.0487647176355168	 
0.9323492937975426	 -0.031653858647330106	 0.36017055347148863	 -0.27046796223216546	 
-0.3503023805614723	 -0.3257159711786944	 0.8781784262278854	 0.9623859914352381	 
0.0	 0.0	 0.0	 1.0	 
4	 48	  37
-0.8978285015284164	 0.24474043815259042	 -0.36606843591890903	 1.3275240153754084	 
-0.18945694157134976	 0.535747857223512	 0.8228488930361676	 -1.004757638269761	 
0.39750477875576357	 0.8081313948939826	 -0.43464192095682347	 3.9681201024512363	 
0.0	 0.0	 0.0	 1.0	 
5	 6	  37
0.9125240334094368	 -0.014407838870258515	 -0.40876925352729426	 0.02230533582185084	 
0.0678171301018915	 0.9908764482003286	 0.11646759749665775	 0.14773019718603192	 
0.40336177969028764	 -0.1340010394772706	 0.9051756714053326	 0.18423066011803094	 
0.0	 0.0	 0.0	 1.0	 
5	 7	  37
0.9318120069967895	 0.19280642298674708	 -0.307493198090089	 -0.3617224093130402	 
-0.15825016555667643	 0.9782838474819553	 0.13385663546192678	 0.04011169437093612	 
0.3266240479785584	 -0.07606837063430708	 0.9420882836927451	 0.3086384270188018	 
0.0	 0.0	 0.0	 1.0	 
5	 38	  37
0.48112899782297464	 0.4870341234107897	 -0.7289119631940082	 0.23302237934722203	 
-0.16843529231076304	 0.8673401015707316	 0.4683489089465886	 -0.2802618755529577	 
0.8603164765120143	 -0.10256174160356084	 0.4993362087824161	 1.7400919650383966	 
0.0	 0.0	 0.0	 1.0	 
5	 39	  37
0.7622824784252422	 0.25193579046409914	 -0.5961994469714803	 0.3641964359603295	 
-0.017495620193097573	 0.9288187026940623	 0.3701212244654137	 -0.1994936301307382	 
0.6470079801362022	 -0.27170604521973274	 0.712429995600356	 2.0924661124120645	 
0.0	 0.0	 0.0	 1.0	 
5	 43	  37
0.8551860200404676	 -0.26878069498580703	 0.4431859757825054	 0.0964174341366618	 
0.2734711198477056	 0.9603229375756359	 0.054711992975430966	 0.2893704074206483	 
-0.4403071856517749	 0.07440963357689895	 0.8947585085900914	 1.0922039049193253	 
0.0	 0.0	 0.0	 1.0	 
5	 45	  37
0.9051272346221141	 -0.30006224255202146	 -0.30117659228428895	 0.19302142025718882	 
0.26049236868142495	 0.9512878800804181	 -0.16490935410353524	 0.2711620931061191	 
0.33598871261407776	 0.07080974372751776	 0.9392004925409585	 0.648803842494082	 
0.0	 0.0	 0.0	 1.0	 
5	 46	  37
0.8772991496695574	 0.045789222019729306	 -0.47775469556656347	 0.16317128807213463	 
0.03389633247423727	 0.9870414955931863	 0.15684426869338117	 -0.02473099148510195	 
0.47874548628041186	 -0.15379347555729891	 0.8643785780791524	 0.9090111098326558	 
0.0	 0.0	 0.0	 1.0	 
5	 47	  37
0.9286168305030088	 0.05035324738214903	 -0.3676075796071386	 -0.06586878160526953	 
0.12631456288581028	 0.8886681250416293	 0.4408101572536223	 0.10966887822889632	 
0.34887736141732295	 -0.45577792181397775	 0.8188718292122515	 0.6560777232435975	 
0.0	 0.0	 0.0	 1.0	 
5	 48	  37
0.9612705513857138	 0.13589604812362624	 -0.23977320772552013	 -0.19747349557194413	 
0.015703150202180004	 0.8415646616853582	 0.5399280797255641	 0.2167948498794651	 
0.27515875074642304	 -0.522782157601795	 0.8068373303094488	 0.25960224388586595	 
0.0	 0.0	 0.0	 1.0	 
5	 49	  37
0.9330008848303015	 0.15536520993053893	 -0.3246089962541308	 -0.4171603545327145	 
0.010866748266401154	 0.8894330356441609	 0.45693630725400575	 0.09936538168984192	 
0.3597099702371194	 -0.42984942322638053	 0.8281534946276318	 0.3818275816628183	 
0.0	 0.0	 0.0	 1.0	 
6	 7	  37
0.9753248704729058	 0.21257737779242403	 0.05960080106765605	 -0.19855692192976238	 
-0.21275582851530708	 0.9770994499711534	 -0.0034091492832318613	 -0.09865884518281798	 
-0.05896061795617965	 -0.009355389728234667	 0.9982164706181013	 0.2589949865806361	 
0.0	 0.0	 0.0	 1.0	 
6	 35	  37
0.31647508959045123	 0.4261099520493564	 -0.8475103695136784	 1.0153541666474348	 
-0.267916355092872	 0.8972084484668352	 0.35105245572917426	 -0.2765724767652336	 
0.9099804087684888	 0.11596253172567977	 0.3981059493317139	 1.431386186626371	 
0.0	 0.0	 0.0	 1.0	 
6	 36	  37
0.6061054696374837	 0.3335609565020544	 -0.7220618034302604	 1.0646867749801598	 
-0.18825859959077965	 0.9421821858668603	 0.27722090165653684	 -0.3062161791013636	 
0.7727838374058064	 -0.03209076086008844	 0.633857494798142	 1.334509894664298	 
0.0	 0.0	 0.0	 1.0	 
6	 37	  37
0.6202723224668799	 0.4021095554574729	 -0.6734761698763642	 1.1687558720462963	 
-0.23939313370514553	 0.9146837071991666	 0.325644965137218	 -0.38985258597679195	 
0.7469626319410995	 -0.04076298804286627	 0.66361525396079	 1.444951429154654	 
0.0	 0.0	 0.0	 1.0	 
6	 38	  37
0.7984052257252673	 0.3467524248214441	 -0.49225181707641613	 0.9577242011402809	 
-0.1967930087701149	 0.9229079328890791	 0.3309281781740752	 -0.49452031220765535	 
0.5690532551824921	 -0.1673430706388997	 0.80509296946089	 1.2759428672585842	 
0.0	 0.0	 0.0	 1.0	 
6	 39	  37
0.5275072120030498	 0.8045186030789465	 0.27292115818431995	 -1.0756923251535717	 
-0.8202853844471578	 0.565930724185572	 -0.08279072100889595	 0.6300124804509283	 
-0.22106114391079276	 -0.1802005347458635	 0.958467390123501	 -0.13005828743136744	 
0.0	 0.0	 0.0	 1.0	 
6	 44	  37
0.9678055245426213	 -0.11346878112364196	 0.22467154331400513	 0.5532254689880691	 
0.11863022575631821	 0.9928924438599762	 -0.009563705493556496	 -0.13233414775002314	 
-0.22198949570145526	 0.0359086429161232	 0.9743876195653013	 0.5567923326628634	 
0.0	 0.0	 0.0	 1.0	 
6	 45	  37
0.9791668608039629	 -0.06160460206961853	 -0.19348677398508668	 0.853432016970084	 
0.031489079697514355	 0.9874081375116801	 -0.15502776472463722	 -0.38907128464424773	 
0.20060083888936225	 0.1457053292764475	 0.9687771985639041	 0.6515952320560032	 
0.0	 0.0	 0.0	 1.0	 
6	 46	  37
0.9821083232919107	 0.061034326392864935	 -0.17815176766599877	 0.5892307699900415	 
-0.045508436538180104	 0.9949038234180935	 0.08997424271373052	 -0.3765154074304644	 
0.18273539209633483	 -0.08025704423804832	 0.979880902623156	 0.7317414902175238	 
0.0	 0.0	 0.0	 1.0	 
6	 47	  37
0.9998838265164443	 -0.00848816442911851	 0.012660352896220969	 0.1434988391312474	 
0.0032591037214982624	 0.9304431433354243	 0.3664217996558435	 -0.21982711537005256	 
-0.014889987030388047	 -0.36633796975568744	 0.9303627143224926	 0.49761507287617657	 
0.0	 0.0	 0.0	 1.0	 
6	 48	  37
0.9957244897584613	 0.008209962519015582	 0.0920072660754996	 -0.007923580355256516	 
-0.052223913701002496	 0.8716134065096466	 0.4874040751064771	 -0.11538622649739368	 
-0.07619319741946623	 -0.4901251535149841	 0.8683155708375335	 0.2019650677620607	 
0.0	 0.0	 0.0	 1.0	 
6	 49	  37
0.9989029213430399	 -0.04668673817409206	 -0.0036472196265759744	 -0.17375583044841802	 
0.045398056090089116	 0.9463324487511927	 0.3199904888333596	 -0.021940697390989465	 
-0.011487829890012078	 -0.31980501077881046	 0.9474137347775696	 0.3775943130605614	 
0.0	 0.0	 0.0	 1.0	 
7	 37	  37
0.7001759220996316	 0.23064910719911452	 -0.675688291640592	 1.1285556523909686	 
-0.10002461041586057	 0.9687368784475796	 0.22703289992156225	 -0.1515572504742843	 
0.7069291021192199	 -0.09137751191562456	 0.70135682422931	 1.1229533825566058	 
0.0	 0.0	 0.0	 1.0	 
7	 38	  37
0.8138694966791333	 0.03716771023337046	 -0.5798577443574084	 1.1183013899474252	 
0.016424796695735686	 0.9960816197780996	 0.08690013114915919	 0.1222969934640483	 
0.5808155201341962	 -0.08024941156323512	 0.810069974455909	 0.9926235451277514	 
0.0	 0.0	 0.0	 1.0	 
7	 39	  37
0.1333275564770187	 -0.5917388888919392	 0.7950275781737383	 -2.3012164840680955	 
0.3592251206786522	 0.7764937340167719	 0.5177014522928234	 -0.5870455465514578	 
-0.9236780149799358	 0.21657000809351154	 0.31609548594863085	 0.9670497037439593	 
0.0	 0.0	 0.0	 1.0	 
7	 44	  37
0.9732946225159168	 -0.2295587908670405	 -0.000582509452010563	 1.0593760074463907	 
0.2288184644637711	 0.9699457746967693	 0.08274844088154536	 -0.10004964494011927	 
-0.01843062945320154	 -0.08067190144992885	 0.9965702966747558	 0.5223196975855394	 
0.0	 0.0	 0.0	 1.0	 
7	 45	  37
0.9415793799211489	 -0.29907695130310813	 -0.1548588018374877	 0.9643359983782055	 
0.2581690468393986	 0.9362257433530562	 -0.23839064733552948	 0.05698387448002927	 
0.21627994488935012	 0.18448396863211397	 0.9587432663421446	 0.37003762074014	 
0.0	 0.0	 0.0	 1.0	 
7	 46	  37
0.965783208899941	 -0.16992705361062233	 -0.1959275117438759	 0.6838554630847691	 
0.1750175872455699	 0.98452564371249	 0.008837478557125023	 -0.03184272342726203	 
0.19139393292806647	 -0.0428258487799257	 0.9805785583596076	 0.4303743700830999	 
0.0	 0.0	 0.0	 1.0	 
7	 47	  37
0.9674014685393554	 -0.22450526144291955	 -0.11718270457855437	 0.3057693984232424	 
0.2520050765445679	 0.8991800546299341	 0.35772708976463524	 -0.043182654764219446	 
0.02505673689180377	 -0.37559634841163597	 0.9264445709248772	 0.25737136492350166	 
0.0	 0.0	 0.0	 1.0	 
7	 48	  37
0.9836229187494918	 -0.17665147318460017	 -0.035780032594161466	 0.090906564666712	 
0.17240360370182523	 0.8642457369314759	 0.4726058649936464	 0.059729412432615744	 
-0.05256378165003677	 -0.47103456690298134	 0.8805472648536058	 -0.044428191979030016	 
0.0	 0.0	 0.0	 1.0	 
7	 49	  37
0.970600462678051	 -0.22900899603128416	 -0.07409198057750582	 -0.1331266772501575	 
0.24063154516414306	 0.9303664227420326	 0.2766130490524817	 0.13716250138591404	 
0.005585814271104986	 -0.28630962116376185	 0.9581208689450368	 0.08595734936704892	 
0.0	 0.0	 0.0	 1.0	 
8	 37	  37
0.6907500186703042	 0.35811380368079254	 -0.6281870066471049	 1.715961892155372	 
-0.22862065532689763	 0.9323449240662778	 0.2801170086334417	 -0.20669739182228636	 
0.6860007344492243	 -0.049874303815916426	 0.7258894861850551	 0.6298888278299165	 
0.0	 0.0	 0.0	 1.0	 
8	 38	  37
0.8451743291022715	 0.25581571101886497	 -0.46929593586822965	 1.5474156572670739	 
-0.17709954694562727	 0.9624579365826291	 0.2056950917760611	 -0.13756301078727912	 
0.5042976342381337	 -0.09073611356577499	 0.8587495873633946	 0.4793993649907164	 
0.0	 0.0	 0.0	 1.0	 
8	 39	  37
0.9976235869120833	 0.03991672078407462	 -0.0561590085250365	 1.4274116193127566	 
-0.027607513007296972	 0.9783760443089202	 0.20498327041000605	 -0.30459083501176	 
0.06312688858339927	 -0.20294573492506807	 0.9771530200605751	 0.6123236851809013	 
0.0	 0.0	 0.0	 1.0	 
8	 44	  37
0.987297942396648	 -0.08209461999738865	 0.13602663822513011	 1.390710352379159	 
0.0856246449214118	 0.9961207086950078	 -0.020296647285643486	 -0.037402985405399346	 
-0.13383270572408046	 0.03168607070054658	 0.9904972487605056	 -0.1034426172410741	 
0.0	 0.0	 0.0	 1.0	 
8	 45	  37
0.9907933544648302	 -0.12032673365400808	 -0.06204841590634354	 1.2627400205846389	 
0.10307378525641653	 0.9675954476123205	 -0.23050996627657433	 -0.08656450317656353	 
0.08777427607928949	 0.22199217762811024	 0.9710896712099693	 -0.1572190899833239	 
0.0	 0.0	 0.0	 1.0	 
8	 46	  37
0.9965482111021232	 0.012060481656185307	 -0.08213530137144842	 1.0616862077371432	 
-0.013745159717029757	 0.9997059610387633	 -0.019976537435608403	 -0.030997120995915145	 
0.0818702237294562	 0.021036545481227072	 0.996420960347937	 -0.07216811808867024	 
0.0	 0.0	 0.0	 1.0	 
8	 47	  37
0.9772961012213647	 -0.18118353460754566	 0.10984014441284869	 0.49243039834520064	 
0.14518395456574892	 0.950229010412992	 0.27565639318941126	 0.15811679841314244	 
-0.15431769138426576	 -0.25345089180482483	 0.9549600492005769	 -0.2636999551210348	 
0.0	 0.0	 0.0	 1.0	 
8	 48	  37
0.9763194363396244	 -0.17893490170940907	 0.12158395936850651	 0.39102596817500096	 
0.12260104062318933	 0.9207019805431742	 0.3705089038902955	 0.36135037300803935	 
-0.17823956649293504	 -0.34682872426331873	 0.9208368438340688	 -0.5173992696792225	 
0.0	 0.0	 0.0	 1.0	 
8	 49	  37
0.9937528043142456	 -0.10309857301870823	 0.042732284739731057	 0.32454924972409266	 
0.08578878054452468	 0.9505816021724247	 0.2983871692013372	 0.11237051720336405	 
-0.07138381504413135	 -0.2928571355675159	 0.9534878337435323	 -0.3012931883039792	 
0.0	 0.0	 0.0	 1.0	 
8	 50	  37
0.9962532573711532	 -0.0037233827706481	 0.08640360870999014	 -0.00570648263835657	 
0.007694195354093902	 0.9989269882226338	 -0.045669153247139126	 -0.036973070352575084	 
-0.08614085288188722	 0.046162848928558146	 0.99521291432717	 0.05068967738248431	 
0.0	 0.0	 0.0	 1.0	 
8	 51	  37
0.9975875089072435	 0.029971918496069724	 -0.06261666051384293	 -0.20320830602788334	 
-0.03221859739505094	 0.9988613907145314	 -0.035183577443578494	 -0.08901915128522776	 
0.06149084528721852	 0.03711611835170265	 0.9974172996817153	 0.24132770673466764	 
0.0	 0.0	 0.0	 1.0	 
9	 10	  37
0.9990210482160496	 -0.03987565973180565	 -0.019154033054629753	 -0.3835223035544299	 
0.04327385503179801	 0.9707816833160415	 0.2360302879055139	 -0.11145611871461122	 
0.009182521004144031	 -0.2366280944837828	 0.9715569083738648	 0.5398895291267789	 
0.0	 0.0	 0.0	 1.0	 
9	 51	  37
0.9973466425765071	 0.004044118732543744	 -0.07268644746474685	 0.3329554331578997	 
0.004350915487561642	 0.9933596357621846	 0.11496827202685098	 0.10123414688856217	 
0.07266872832098006	 -0.11497947269881255	 0.9907063019796102	 -0.10480302054103129	 
0.0	 0.0	 0.0	 1.0	 
9	 52	  37
0.9893692125871831	 -0.11143853675776916	 0.09343454238077238	 -0.27931176604146757	 
0.09566855707775655	 0.9826389722361206	 0.1589596723367273	 -0.01237520011391287	 
-0.10952665598509333	 -0.14833105800211543	 0.982853910233202	 0.24614289222756283	 
0.0	 0.0	 0.0	 1.0	 
9	 53	  37
0.9844605942143222	 -0.07537463049592312	 0.15860644222977618	 -0.567159851233107	 
0.04767886142416765	 0.9839973134189441	 0.17168579835733438	 -0.10579082687232975	 
-0.16900906665761864	 -0.161455728488968	 0.9723003564360234	 0.5985236827319114	 
0.0	 0.0	 0.0	 1.0	 
10	 11	  37
0.9899353081674277	 -0.03872647557065942	 -0.13611886619177999	 0.09975083261978451	 
0.027855677493627544	 0.9963345768117614	 -0.08087936869622608	 -0.09229198938754282	 
0.13875210583926867	 0.07627365953724882	 0.987385528547975	 0.36960024472927366	 
0.0	 0.0	 0.0	 1.0	 
10	 51	  37
-0.23424106853531027	 0.39958377875295814	 0.8862640270082862	 -0.41477263884687054	 
-0.9611629109484455	 -0.23203196255700168	 -0.1494223108142052	 0.4726763840792778	 
0.14593484994526512	 -0.8868449538163108	 0.43841652279766957	 2.8787309170323088	 
0.0	 0.0	 0.0	 1.0	 
10	 52	  37
0.9949997737992611	 -0.06870984257567074	 0.07248729318057458	 0.19487866178555735	 
0.07437418887797223	 0.9941298824757914	 -0.0785764392003876	 0.17599137382673904	 
-0.06666280948297713	 0.08357472286460213	 0.9942692469999972	 -0.29446869660943625	 
0.0	 0.0	 0.0	 1.0	 
10	 53	  37
0.9816919937724219	 -0.05962115928016857	 0.18090369462566389	 -0.20411168484308576	 
0.07090842338478866	 0.9958770515539711	 -0.05657644104442614	 -0.03531071162635084	 
-0.17678468501601122	 0.06836823497983985	 0.9818721706971487	 0.05161548979630054	 
0.0	 0.0	 0.0	 1.0	 
10	 54	  37
0.9989137605128207	 -0.018751108557336763	 -0.042657883046474214	 -0.08596736658805956	 
0.007611756574594487	 0.9688265062356676	 -0.24762322584329333	 -0.08672400648639994	 
0.045971297784430695	 0.24702954629570217	 0.9679168575022111	 0.38187534667718703	 
0.0	 0.0	 0.0	 1.0	 
11	 12	  37
0.9255088367678077	 0.038286754641774244	 -0.3767857713392318	 0.157752367774189	 
-0.12066278989195063	 0.9728418749736898	 -0.197532724967703	 -0.1578000600510332	 
0.3589900892785068	 0.22828230486981632	 0.9049935386968979	 0.15562868441013733	 
0.0	 0.0	 0.0	 1.0	 
11	 52	  37
0.9396737864779865	 -0.11992869404551193	 0.3203596156675524	 0.3815870840822	 
0.08589535457407349	 0.9892458214288556	 0.11838366799581179	 -0.2441649385919311	 
-0.3311120098527355	 -0.08372462678379901	 0.9398696844782236	 -0.005851691645799105	 
0.0	 0.0	 0.0	 1.0	 
11	 53	  37
0.9455737286217135	 -0.012617734428515588	 0.32516321519864916	 -0.2886279443896829	 
-0.00518942451308496	 0.9985361801106001	 0.05383834027303407	 -0.06006350941474581	 
-0.32536655269657716	 -0.0525955301144828	 0.9441241002105193	 -0.386614802818426	 
0.0	 0.0	 0.0	 1.0	 
11	 54	  37
0.9906862633149688	 0.034891250259498977	 0.13161811552500516	 -0.26452207158218005	 
-0.013954699845196018	 0.9875389975673793	 -0.15675456814984648	 -0.029632342405051727	 
-0.135447384733907	 0.15345790608158136	 0.9788282163024326	 -0.011871627680006698	 
0.0	 0.0	 0.0	 1.0	 
11	 55	  37
0.98320809275037	 0.14179630913909547	 -0.1148723337654047	 -0.20605953028649346	 
-0.14323444169751334	 0.9896793532320467	 -0.0043211685689164845	 -0.19528899634229055	 
0.11307405123096154	 0.02070228250047564	 0.9933708645000061	 0.01611525163431238	 
0.0	 0.0	 0.0	 1.0	 
12	 52	  37
0.8778425117812824	 -0.1766565201048201	 0.4451797372005882	 -0.19338625550012817	 
0.09262032537569406	 0.974560915482216	 0.20408943466472143	 0.28367878333205715	 
-0.4699085015583677	 -0.13792568984391634	 0.8718729863026208	 -0.8764013878428748	 
0.0	 0.0	 0.0	 1.0	 
12	 54	  37
0.8753100461998968	 -0.03099933157525475	 0.4825674714103932	 -0.5122232130318379	 
-0.0024442240267721392	 0.9976467044271606	 0.06852064589984345	 0.09032166090056189	 
-0.48355594173832706	 -0.06115631273639861	 0.8731744136322632	 -0.07295870435487575	 
0.0	 0.0	 0.0	 1.0	 
12	 55	  37
0.9672118632967089	 -0.09801778237073346	 0.23429410115756705	 -0.35580709962921014	 
0.06711004032884856	 0.9883718202911063	 0.13644554716628157	 0.06741065127807146	 
-0.244943777192174	 -0.11624826533574242	 0.9625429272615648	 -0.1254659353534917	 
0.0	 0.0	 0.0	 1.0	 
12	 56	  37
0.947505858615405	 0.022397792930617513	 -0.3189529538369594	 -0.17306876315908967	 
0.10005091842650343	 0.926678835982166	 0.3622929045189134	 0.16598889913898732	 
0.3036815134503538	 -0.37518618553269534	 0.8757927063945714	 -0.08178912601698257	 
0.0	 0.0	 0.0	 1.0	 
13	 14	  37
0.9687798568197299	 0.031654381385861664	 -0.24589345082661596	 0.19070454059810552	 
-0.060218570131335164	 0.9921578418857471	 -0.10952872041593942	 -0.037472832913125316	 
0.2404980516172228	 0.12091657009564105	 0.9630887135900961	 0.1119667302194472	 
0.0	 0.0	 0.0	 1.0	 
13	 15	  37
0.800462183449963	 0.2654817408727191	 -0.537382301652844	 0.31717741932796584	 
-0.17652075200471162	 0.9612113811998027	 0.21192712134990532	 -0.04282040010818707	 
0.5728007655181759	 -0.07478051828622752	 0.8162763974945214	 0.2538528186188693	 
0.0	 0.0	 0.0	 1.0	 
13	 54	  37
-0.7997031266577849	 -0.12546615614472087	 -0.5871398069250886	 1.4549920766282078	 
-0.5929649818768169	 0.011668774135925866	 0.80514369523582	 -1.15687529661628	 
-0.09416708279217494	 0.9920292754613809	 -0.08372859216527152	 0.9696895382253429	 
0.0	 0.0	 0.0	 1.0	 
13	 55	  37
0.7208957048032083	 -0.042257714602121375	 0.6917540519237244	 -0.6590861582469766	 
0.11611318696864842	 0.9913951895098532	 -0.06044258456341838	 0.05062918300428093	 
-0.6832474739128346	 0.12389456716631245	 0.7195992117966801	 0.03923700454725081	 
0.0	 0.0	 0.0	 1.0	 
13	 56	  37
0.974437154694593	 -0.08954507391706151	 0.20604346941336074	 -0.47688864573937856	 
0.04792476006111551	 0.9788751499276936	 0.1987628190258952	 0.09369856697920194	 
-0.2194890633352628	 -0.18380729199687432	 0.9581437420789144	 0.023038847436075108	 
0.0	 0.0	 0.0	 1.0	 
13	 57	  37
0.8554454876463404	 -0.3223887629565823	 -0.4053128460644189	 -0.006155697233449382	 
0.3664623022365277	 0.929816380216236	 0.03386561856928168	 0.11706116514869547	 
0.3659486285054481	 -0.17750206928625065	 0.9135505550838889	 0.21463810545061784	 
0.0	 0.0	 0.0	 1.0	 
14	 15	  37
0.9251174665413553	 0.11654105766815269	 -0.3613528123284662	 0.2430733820827176	 
-0.02325487891114701	 0.9673326512848603	 0.25244158208391393	 0.0633051250402473	 
0.3789681829744171	 -0.22513490097226133	 0.8976064798436334	 0.11840283618822471	 
0.0	 0.0	 0.0	 1.0	 
14	 18	  37
0.7135829947925245	 -0.08781133099684561	 -0.6950456673424376	 0.5181494294640518	 
0.15446774958181617	 0.9874181963864173	 0.03383814096731997	 0.5297483151824408	 
0.6833293670566636	 -0.13150846206065006	 0.7181688523769191	 -0.19018041425006255	 
0.0	 0.0	 0.0	 1.0	 
14	 56	  37
0.8522044063582914	 -0.24701557847401664	 0.4612276593772951	 -0.7174605102109931	 
0.09360630383886562	 0.9392951209668527	 0.33009473732474287	 0.08745434215758095	 
-0.5147674325995548	 -0.23813437324126882	 0.8235936562503684	 0.13480781401908018	 
0.0	 0.0	 0.0	 1.0	 
14	 57	  37
0.9626141950975582	 -0.21159556604683655	 -0.16911897535757964	 -0.2185468938023128	 
0.2636448000016526	 0.8751733533148609	 0.4056636797640499	 -0.16824430817409883	 
0.062171784828549084	 -0.43508495501101796	 0.8982403637636711	 0.33870449738012776	 
0.0	 0.0	 0.0	 1.0	 
15	 18	  37
0.7390157448573483	 0.14201208630252962	 -0.6585501470631829	 0.6896402821006622	 
-0.16273374806608257	 0.986212227894927	 0.03005276677592383	 -0.02005671952283352	 
0.6537380638247262	 0.08495886589712821	 0.7519365232598899	 0.1746097608594512	 
0.0	 0.0	 0.0	 1.0	 
15	 56	  37
0.6402719219554075	 -0.76735397580061	 0.03492480176787351	 -0.34593150606337675	 
0.7432919700478449	 0.6303852902415884	 0.22390049823397443	 -0.16529723776214691	 
-0.193827018802649	 -0.11739787762146706	 0.9739860497522805	 0.3214394252066376	 
0.0	 0.0	 0.0	 1.0	 
15	 57	  37
0.8948398561676565	 -0.1917427294138826	 0.40310836946255696	 -0.6987390864316604	 
0.18211056144453636	 0.9812895396782245	 0.06250266177094416	 -0.0680327491017992	 
-0.40755045727394607	 0.0174804186166107	 0.913015366650959	 0.45635811304197815	 
0.0	 0.0	 0.0	 1.0	 
15	 62	  37
0.25569085083323173	 0.4908411876636184	 -0.8328848163420594	 0.8191368266105261	 
-0.3065718726330756	 0.8582251724027853	 0.41165913127787973	 -1.0206468475884745	 
0.9168619720058342	 0.15008158430393023	 0.36991842660564356	 2.299898106085285	 
0.0	 0.0	 0.0	 1.0	 
16	 17	  37
0.9906321567373788	 -0.052463462292013686	 -0.1260774173362693	 0.25001999098241506	 
0.03810974097055296	 0.9927864176881566	 -0.11367839063373376	 0.019105842175628565	 
0.13113190946907904	 0.10780869157100847	 0.9854855190923607	 -0.15572593644508262	 
0.0	 0.0	 0.0	 1.0	 
16	 61	  37
0.8331962920969134	 0.35925295604269514	 -0.42038226938173817	 0.5095130081710033	 
