0	 1	  37
0.9997490069763997	 -0.005985696778275081	 -0.021589221472331336	 -0.14445582418643682	 
0.0068021317583683225	 0.9992567239683015	 0.03794378220050044	 0.05973723619266152	 
0.021346054746595067	 -0.038081111304894534	 0.9990466329999514	 0.4819066097556741	 
0.0	 0.0	 0.0	 1.0	 
0	 6	  37
0.8864838543553597	 -0.36292501680383205	 0.2871094010045676	 -1.229435385117821	 
0.39331302351300257	 0.9178035050162744	 -0.054236442682945085	 0.8719355365765343	 
-0.2438262526930274	 0.16100359734421446	 0.9563611243353091	 0.635395723239846	 
0.0	 0.0	 0.0	 1.0	 
0	 8	  37
0.9836134107465856	 0.1730131837967195	 0.05070598023893311	 -0.338587658625736	 
-0.17249219862561366	 0.9849040077331169	 -0.014509891954979301	 -0.13243311835957977	 
-0.05245092575703873	 0.005525738300521018	 0.9986082147686667	 0.11836185145096192	 
0.0	 0.0	 0.0	 1.0	 
0	 9	  37
0.9988572670344575	 0.03938016153808467	 -0.027080675207428618	 -0.38962831627196576	 
-0.03943202694965357	 0.9992212971721046	 -0.0013836648215403932	 0.08146435784533666	 
0.027005098464876382	 0.00244992957672969	 0.9996322936470051	 -0.7805751979133393	 
0.0	 0.0	 0.0	 1.0	 
0	 10	  37
-0.9006536434410863	 0.007288076909286676	 0.43447657991111677	 -0.8209560759068699	 
-0.014629525337957694	 -0.9998010941468694	 -0.013555409662170519	 2.154853616775157	 
0.4342913671081694	 -0.018564915235129254	 0.9005811192655719	 0.34938752518101907	 
0.0	 0.0	 0.0	 1.0	 
0	 11	  37
-0.8952495018649521	 0.3529117485769579	 0.2719956380659617	 -0.7194181020473034	 
-0.3546020500517101	 -0.9339505830368046	 0.04465080676021165	 1.3285682964389873	 
0.2697882790442908	 -0.056476598353365264	 0.9612620237629035	 0.44902243983244405	 
0.0	 0.0	 0.0	 1.0	 
0	 27	  37
0.9614643872610504	 0.07679465430891194	 -0.2639863880928468	 1.0795714101788345	 
-0.02238064315210998	 0.9788720650541735	 0.20324514033225016	 0.08698530886831317	 
0.27401704115041897	 -0.18950477916441286	 0.9428693439883474	 0.36370538517832957	 
0.0	 0.0	 0.0	 1.0	 
0	 28	  37
0.9447396438897318	 0.15098589653710648	 -0.29098155321255165	 1.31340517422927	 
-0.09226317572691932	 0.9742042140506868	 0.20594575919563704	 -0.0777139705355025	 
0.31457036044085035	 -0.1677182410257449	 0.9342997805626109	 1.0276249325375566	 
0.0	 0.0	 0.0	 1.0	 
1	 2	  37
0.9992226778335386	 0.007850482708571286	 -0.038631723031912195	 0.02914948041252692	 
-0.005327544569239354	 0.9978722004459275	 0.06498221946089294	 -0.05123614382747518	 
0.03905966425911436	 -0.06472589511504073	 0.997138356061746	 0.8703665402404783	 
0.0	 0.0	 0.0	 1.0	 
1	 6	  37
-0.9824152183371804	 0.12269718929136109	 0.1407328622586374	 -0.8182073127922777	 
0.017223381258715108	 0.810095022390396	 -0.5860455697608502	 1.1217710025825962	 
-0.1859131354087862	 -0.5733161906298329	 -0.7979629387660624	 4.4832864184314944	 
0.0	 0.0	 0.0	 1.0	 
1	 8	  37
0.02245715482994629	 0.2832174624312382	 0.9587927540250574	 -2.4600726273963693	 
-0.29987561508665533	 0.9167836635038863	 -0.263784627696142	 0.5301022281322456	 
-0.9537139464605429	 -0.28159471462796015	 0.10551836342672187	 3.3775369522322474	 
0.0	 0.0	 0.0	 1.0	 
1	 9	  37
0.15084551477080502	 0.17704022753569684	 -0.9725751325772418	 2.0023348540532218	 
0.07782125839732419	 0.9786529019977159	 0.1902165848523882	 -0.583963616332605	 
0.9854894633708615	 -0.1043803393631089	 0.13384790749001133	 1.7779636477071417	 
0.0	 0.0	 0.0	 1.0	 
1	 10	  37
0.9217963654969508	 -0.05159055686183983	 -0.3842263330373085	 0.13028870491957467	 
0.06167965708854162	 0.9979981836925165	 0.013973018567138895	 -0.10523065705490989	 
0.38273630668915054	 -0.036579226196339146	 0.9231331863565655	 0.32636862362161134	 
0.0	 0.0	 0.0	 1.0	 
1	 27	  37
0.9110410714819103	 0.05857149472015766	 -0.40813422556720075	 1.6900428478563478	 
0.00828794557797333	 0.9870573434580269	 0.16015339735290776	 0.07221163447074534	 
0.41223230833013175	 -0.14928891697587068	 0.8987643424374283	 0.07682377179815982	 
0.0	 0.0	 0.0	 1.0	 
1	 28	  37
0.9275945684340355	 -0.07827585255386413	 0.365296054616855	 -0.22300009567868878	 
0.01822905743858674	 0.9861221053976879	 0.16501786179359815	 -0.04974193745366716	 
-0.37314342829075187	 -0.14641066953264012	 0.9161484037918903	 0.04809668983848733	 
0.0	 0.0	 0.0	 1.0	 
2	 3	  37
0.999635571917738	 -0.02263721017383819	 -0.014706463621174178	 0.21961862613695762	 
0.02293754427036833	 0.9995249560046884	 0.020584736740363884	 -0.029539785023253076	 
0.0142334963919742	 -0.020914565244600863	 0.9996799430523191	 0.7359082173914273	 
0.0	 0.0	 0.0	 1.0	 
2	 5	  37
0.8313944297535297	 0.12999234974402585	 -0.5402640939233602	 0.940743087332689	 
-0.03314713272375355	 0.9821230683401715	 0.18529853271485988	 -0.2719098169683138	 
0.5546932213097586	 -0.13614796231348078	 0.8208405220205017	 1.758725450329738	 
0.0	 0.0	 0.0	 1.0	 
2	 8	  37
0.24467571221463277	 -0.000831326438890894	 -0.9696046125862923	 2.053156123368067	 
-0.033478563942731875	 0.9993961185977007	 -0.009305046382628924	 -0.26382796614614834	 
0.9690268219242409	 0.034737688872497716	 0.2445001254870899	 1.4177658847517813	 
0.0	 0.0	 0.0	 1.0	 
3	 4	  37
0.9769671481531262	 -0.029252800366887988	 -0.21137517616844412	 0.4841608433881116	 
0.04408835039651022	 0.9968572552704743	 0.06581663903549778	 -0.10224417060948665	 
0.20878555694506337	 -0.07361987697157246	 0.975186497510004	 0.5292596838918974	 
0.0	 0.0	 0.0	 1.0	 
3	 5	  37
0.8229388511856842	 0.07074397039705997	 -0.563708202762428	 0.7907551009663123	 
-0.01986149740943862	 0.9951928894610832	 0.09589908073988387	 -0.15777352076252993	 
0.5677826768490222	 -0.06772299032499773	 0.8203879743460397	 1.038871324281124	 
0.0	 0.0	 0.0	 1.0	 
3	 6	  37
0.6871231287889903	 0.14464984406712694	 -0.7119959469649989	 0.9760258210157351	 
-0.1042525659316649	 0.989469070437226	 0.10041096127792731	 -0.1285921888538599	 
0.7190223976900116	 0.0052327105260471865	 0.6949672009243736	 0.8516352312906365	 
0.0	 0.0	 0.0	 1.0	 
4	 5	  37
0.9327169601980108	 0.09725851864270302	 -0.3472460981932087	 0.40732185540925064	 
-0.08207147262592558	 0.9949246779149271	 0.058216480973096445	 -0.1264741120551705	 
0.35114576110212814	 -0.025800500524328696	 0.935965271061219	 0.4102281960906661	 
0.0	 0.0	 0.0	 1.0	 
4	 6	  37
0.7118719071609915	 0.1844537781483154	 -0.6776541828409128	 0.8802657783505595	 
-0.1515975956154971	 0.9825045861112799	 0.10817997630755789	 -0.19288950953163048	 
0.6857525477886129	 0.02572045872677435	 0.7273801627789358	 0.37697370530742264	 
0.0	 0.0	 0.0	 1.0	 
4	 7	  37
0.5348674381200236	 0.1580217163777388	 -0.8300276867622884	 1.0846461840289152	 
-0.17174564395162303	 0.9821808570010437	 0.07631643285909566	 -0.29846558813111634	 
0.8272969584269995	 0.10173446463086194	 0.5524761001923131	 0.21046591260141653	 
0.0	 0.0	 0.0	 1.0	 
5	 6	  37
0.9365543268503571	 0.0711917965722786	 -0.34321672593084124	 0.3481982479586806	 
-0.0722377807257949	 0.9973397408977525	 0.009754192012500709	 0.001717541719652872	 
0.34299809896512085	 0.015657883854980636	 0.9392055870678678	 -0.22731700812587294	 
0.0	 0.0	 0.0	 1.0	 
5	 7	  37
0.7883162863611983	 0.08880553476809885	 -0.6088275697208869	 0.6427092083196565	 
-0.12010059258743425	 0.9927039715460776	 -0.010708526359489845	 -0.1276169067769835	 
0.6034345700387378	 0.08156225763916045	 0.7932303056559089	 -0.4442234313849315	 
0.0	 0.0	 0.0	 1.0	 
5	 8	  37
0.6884448195895122	 0.06522149333407919	 -0.7223502524313504	 0.798047744427624	 
-0.14507870773578924	 0.9882038798219278	 -0.04904345488035331	 -0.08548063375200836	 
0.7106306346774508	 0.13856135360251312	 0.6897860917311699	 -0.6906761415056306	 
0.0	 0.0	 0.0	 1.0	 
6	 7	  37
0.9450376257783042	 0.026288807873296894	 -0.32590302920332764	 0.2908085236098857	 
-0.05295568286524702	 0.9959086146896423	 -0.07322381333441094	 -0.033130889420061344	 
0.32264466757654603	 0.08645767616330029	 0.9425632544911035	 -0.3043844986339217	 
0.0	 0.0	 0.0	 1.0	 
6	 8	  37
0.8872199517539913	 -0.011678656286219122	 -0.4611988358582377	 0.38557236436453884	 
-0.04644326200127006	 0.9923401975462989	 -0.11447251088559714	 -0.03572544180513898	 
0.45900302899254025	 0.12298187395352286	 0.8798816272968496	 -0.5945125023093689	 
0.0	 0.0	 0.0	 1.0	 
7	 8	  37
0.9853176993027387	 0.0127336059514842	 -0.170255357390688	 0.037524020881037935	 
-0.020444354361647474	 0.9988392907688889	 -0.04361306674654833	 -0.021736441482550762	 
0.16950238881943208	 0.046453487444710166	 0.9844343623059544	 -0.30430879032762387	 
0.0	 0.0	 0.0	 1.0	 
9	 10	  37
0.9870099485896195	 0.009202260749667563	 -0.16039538578840584	 0.22305921981598478	 
-0.007849261112185644	 0.9999280869900972	 0.009066970183997065	 0.022334730694847146	 
0.16046728789728193	 -0.007690204510927739	 0.9870112006808587	 -0.06178816842120203	 
0.0	 0.0	 0.0	 1.0	 
9	 11	  37
0.9748390383052506	 -0.14601739727305116	 0.1684273406834474	 -0.29924564585855573	 
0.12871354497665968	 0.9856181206800443	 0.10949768731201072	 -0.0973622859689408	 
-0.18199360630427522	 -0.08506374010553142	 0.9796134377312428	 0.4295135279452312	 
0.0	 0.0	 0.0	 1.0	 
10	 11	  37
0.987518521296213	 -0.02712962339295635	 0.15514881124744842	 -0.18202480209047292	 
0.02118140866568166	 0.998980564301631	 0.039864521501341295	 0.07674222749284851	 
-0.1560721564657756	 -0.03608068295015866	 0.9870864533028358	 0.37494220271888345	 
0.0	 0.0	 0.0	 1.0	 
14	 15	  37
0.9962407140687022	 0.033999097327727996	 -0.07967748121509358	 0.1275233462362462	 
-0.031119183280177397	 0.9988264547777871	 0.0371121229251487	 -0.053661833344763515	 
0.08084575476706636	 -0.0344931097023201	 0.9961296046796352	 0.12391948413980179	 
0.0	 0.0	 0.0	 1.0	 
14	 16	  37
0.9931258583527839	 -0.009023049944586478	 -0.11670310210419707	 0.12952426542457512	 
0.01690796503132681	 0.9976263632440874	 0.06675147997516087	 -0.03284885903814352	 
0.11582378939382258	 -0.06826583281607541	 0.9909210997250902	 0.16225175858936758	 
0.0	 0.0	 0.0	 1.0	 
14	 17	  37
0.8942481673675671	 0.09711831630389178	 -0.4369075964068895	 0.49048138198623153	 
-0.07262160240649208	 0.9947229468695097	 0.07247318010928357	 -0.14453676032906454	 
0.44164048503693787	 -0.03308007874138918	 0.8965820600295339	 0.820741434841673	 
0.0	 0.0	 0.0	 1.0	 
15	 16	  37
0.9985094313214492	 -0.03766448345383905	 -0.03950066136499688	 -0.003627437642882926	 
0.03913414799440394	 0.9985443521063524	 0.03711731856233343	 -0.00015345315341026527	 
0.03804515767964121	 -0.03860781737758722	 0.9985299206405736	 0.05599998893939181	 
0.0	 0.0	 0.0	 1.0	 
15	 17	  37
0.9368782239264415	 0.07215211054809281	 -0.3421304816526747	 0.3553924883166127	 
-0.06384555189972553	 0.9973283649576111	 0.03549475952300596	 -0.12151181683001488	 
0.34377745568180457	 -0.011410757837775995	 0.9389818185516227	 0.6463271700178795	 
0.0	 0.0	 0.0	 1.0	 
16	 17	  37
0.9658435881247064	 0.11061824922477156	 -0.23432832994931907	 0.18756034996954915	 
-0.11900630766543543	 0.9926515411687938	 -0.02191840667240065	 -0.058773831010329944	 
0.23018180209180403	 0.04905630187512434	 0.9719103956806432	 0.4891339226536688	 
0.0	 0.0	 0.0	 1.0	 
17	 18	  37
0.9827352835406786	 0.033151840394533026	 -0.18202285011139913	 0.08978610896428298	 
-0.024456567083228825	 0.998459268009112	 0.049809300870539475	 -0.0118955042617845	 
0.18339367167578327	 -0.04449770336954263	 0.9820319320592945	 0.5673738021032964	 
0.0	 0.0	 0.0	 1.0	 
18	 19	  37
0.8735793387494608	 0.023919760710708594	 -0.4860935958821066	 0.3896211179725532	 
-0.02838511091889254	 0.9995953976659878	 -0.0018238539134665746	 0.02123915191704894	 
0.485853295129483	 0.01539110173177886	 0.8739048515709844	 0.6071172924619697	 
0.0	 0.0	 0.0	 1.0	 
19	 20	  37
0.942227488155333	 0.05809172567221047	 -0.3298980326902808	 0.16230852863365897	 
-0.06380770123950129	 0.9979409467083068	 -0.0065149171490636905	 -0.029939758125668847	 
0.3288402922803464	 0.027188569130302924	 0.9439940910205024	 0.11241663800724432	 
0.0	 0.0	 0.0	 1.0	 
19	 21	  37
-0.6878103034613708	 -0.07444941293755834	 0.7220625120899365	 -2.7550682969228806	 
0.13714216423858386	 0.9634843302320784	 0.22997819936942118	 -0.6892352561506795	 
-0.712817657778154	 0.25720659072134366	 -0.6524842959406527	 5.106960026915616	 
0.0	 0.0	 0.0	 1.0	 
20	 21	  37
0.9183616446260287	 0.0394887372099849	 -0.3937671003440189	 0.320041678157513	 
-0.022067273212780694	 0.9985708746570079	 0.0486748779114087	 0.056826661680132354	 
0.39512646726425243	 -0.036011774745196595	 0.9179205994785018	 -0.26790381595360463	 
0.0	 0.0	 0.0	 1.0	 
21	 22	  37
0.9070162999537024	 0.005524311460884567	 -0.4210592756384515	 0.23966206685429547	 
-0.003183920309176053	 0.9999753301366403	 0.006261131653499695	 0.10338963703288331	 
0.42108347660500733	 -0.004338329286807964	 0.9070115129529718	 -0.01995383110973805	 
0.0	 0.0	 0.0	 1.0	 
22	 23	  37
0.9934642346372035	 0.04193282406998906	 -0.10616238864226236	 -0.012618257968210412	 
-0.03192042268936142	 0.9950305906218915	 0.09431442276757988	 0.0927264829103889	 
0.1095896943697167	 -0.09030925751087034	 0.9898658176216547	 -0.00855454049154739	 
0.0	 0.0	 0.0	 1.0	 
22	 24	  37
0.9641314840797792	 0.050649497111118456	 -0.2605477112709163	 0.08741151136802311	 
-0.014272100199806726	 0.9900968561794253	 0.13965859278793086	 -0.009372115679514516	 
0.2650411073060339	 -0.13093068328703256	 0.9553064260288331	 0.4029613882395934	 
0.0	 0.0	 0.0	 1.0	 
23	 24	  37
0.9742839495891739	 0.03428032947685256	 -0.2227007961006838	 0.23642861293364942	 
-0.0265624405377436	 0.9989412752807788	 0.037560155658492626	 -0.1352759264732001	 
0.22375259177403634	 -0.030678780148007668	 0.9741630203015464	 0.4400993777125029	 
0.0	 0.0	 0.0	 1.0	 
23	 25	  37
0.9101532342248455	 0.11227105907769873	 -0.39876847859832815	 0.563395733135106	 
-0.08180425323010453	 0.9923303608699122	 0.09267426314384469	 -0.3176810401097294	 
0.40611470594342985	 -0.05172682272633376	 0.912356937512463	 0.8671803787173749	 
0.0	 0.0	 0.0	 1.0	 
24	 25	  37
0.9793821575332287	 0.06482588692003363	 -0.1913326785747465	 0.42721273864576986	 
-0.06139246132116779	 0.9978293130968321	 0.023824936886194154	 -0.14197086813311896	 
0.19246182789967758	 -0.011587334021818253	 0.9812360462660253	 0.33384277338753005	 
0.0	 0.0	 0.0	 1.0	 
25	 26	  37
0.9828478807914147	 0.01381019511401173	 -0.1839003037918573	 0.2071120933045031	 
-0.01135929265890616	 0.9998321602785502	 0.014374204082921574	 -0.09045096783423193	 
0.18406794857908806	 -0.01203867865012935	 0.9828397939248521	 0.30819109363087427	 
0.0	 0.0	 0.0	 1.0	 
26	 27	  37
0.9473551540557562	 0.04834290844657299	 -0.3165140996652763	 0.2773139824049795	 
-0.04860312509330243	 0.9987930939995494	 0.007077542650712055	 -0.09674780270241197	 
0.31647424589555306	 0.008678627871623967	 0.9485614018623709	 0.36758375180089686	 
0.0	 0.0	 0.0	 1.0	 
26	 28	  37
0.9786295884846995	 0.03325669493424603	 -0.202923928565162	 0.2235107237112355	 
-0.0468419628656413	 0.9969441608872159	 -0.0625153628141038	 -0.11917479111022311	 
0.2002247713375208	 0.07068473891113748	 0.977196862780424	 0.8162091379857881	 
0.0	 0.0	 0.0	 1.0	 
27	 28	  37
0.9845493061052211	 -0.013354967679205323	 0.17459756208497176	 -0.10268463825005777	 
0.01718542089864111	 0.9996432629059199	 -0.020445249701148926	 -0.1364808851263413	 
-0.17426223100908805	 0.023129888998720902	 0.9844275915874379	 0.422697795759868	 
0.0	 0.0	 0.0	 1.0	 
29	 30	  37
0.9703130896978819	 -0.03013438903641036	 0.23996755313656876	 0.13774032984021475	 
-0.0030512945322517864	 0.9906029836212276	 0.1367348472131335	 0.05191595815606343	 
-0.24183299519012547	 -0.13340782375154692	 0.9611030928049541	 0.28572189985858787	 
0.0	 0.0	 0.0	 1.0	 
30	 31	  37
0.9585352788436368	 0.000671089433761277	 0.28497310197827974	 -0.04226063020083907	 
0.00016109266875813567	 0.9999957913969898	 -0.0028967632729171022	 -0.02342822602525247	 
-0.28497384662684966	 0.0028225568690716015	 0.9585311366415892	 0.6475476293890036	 
0.0	 0.0	 0.0	 1.0	 
31	 32	  37
0.8308201369006171	 -0.05535922471482986	 0.5537808739559476	 -0.43652359908977695	 
0.06142949537173761	 0.9980823873113756	 0.007613490474098576	 0.03723216457674384	 
-0.5531404136553517	 0.02769303843565152	 0.8326276349025341	 0.2659773168455083	 
0.0	 0.0	 0.0	 1.0	 
31	 33	  37
0.6457454398066348	 -0.10149153821514369	 0.7567775727647186	 -1.0055596064071946	 
0.07576600458770015	 0.9947522580331825	 0.06875651014049886	 0.000526525138590276	 
-0.7597844033130394	 0.012938810169714305	 0.6500463427123025	 0.16672026353625286	 
0.0	 0.0	 0.0	 1.0	 
31	 34	  37
0.5054759248895478	 -0.016485514827618463	 0.8626832078798818	 -1.263512923683822	 
0.08126462337588194	 0.996282793324518	 -0.02857720618030711	 0.011381518331660647	 
-0.859005326144507	 0.08455071570580637	 0.5049366555608771	 0.1950199227918194	 
0.0	 0.0	 0.0	 1.0	 
31	 35	  37
0.36340279005330745	 0.12615032768455453	 0.9230517358233782	 -1.5591905067573741	 
0.11268937779168306	 0.9775629515764036	 -0.17796567039222275	 0.12097140942298072	 
-0.9247916069658044	 0.1686913469337106	 0.3410333021206217	 0.45328567375232665	 
0.0	 0.0	 0.0	 1.0	 
31	 36	  37
0.5395015256199033	 0.14520322807117994	 0.8293697163578532	 -1.4407720183761328	 
0.05556622586168669	 0.9767302667900304	 -0.20714820897068859	 0.011594442334462187	 
-0.840149092957485	 0.15784171975110062	 0.5188790736855077	 0.2859641462760873	 
0.0	 0.0	 0.0	 1.0	 
31	 37	  37
0.4560138608700003	 0.005418619533201151	 0.8899561771552519	 -1.515090067206468	 
0.07178049466498668	 0.9964996925824959	 -0.04284767518360995	 0.21752556466479062	 
-0.887073232196804	 0.08342062841614573	 0.45402872097981783	 0.4238998404298274	 
0.0	 0.0	 0.0	 1.0	 
32	 33	  37
0.9628958101222653	 -0.039979944702318644	 0.26689560294352094	 -0.4250240460998065	 
0.032722493129439235	 0.9989652391790963	 0.03158622097124284	 0.027557063965860325	 
-0.26788224519810916	 -0.021680750297208846	 0.9632076867291756	 -0.38530853486521666	 
0.0	 0.0	 0.0	 1.0	 
32	 34	  37
0.8704115412618113	 -0.0314830422781735	 0.4913171754448937	 -0.8304860716886604	 
0.06489835618942628	 0.9965819751425005	 -0.051113307317985655	 0.025615529892486607	 
-0.4880286387110371	 0.07637528965564208	 0.86947965066922	 -0.4691720837929149	 
0.0	 0.0	 0.0	 1.0	 
32	 35	  37
0.8758463115870494	 0.027280020648370786	 0.4818184709543472	 -0.7991598560034204	 
0.07183576602839394	 0.9799080892697718	 -0.18606385813149656	 0.08257019152892249	 
-0.4772136431395007	 0.19757514281176253	 0.8562892045006972	 -0.5240364473372039	 
0.0	 0.0	 0.0	 1.0	 
32	 36	  37
0.9291797561815013	 0.038017858858407895	 0.36766781625579803	 -0.784045067167781	 
0.05888838479322654	 0.9667654634504036	 -0.24879046769514687	 0.09610945801215386	 
-0.3649070276644857	 0.252822429953015	 0.896060087312074	 -0.5481026396738085	 
0.0	 0.0	 0.0	 1.0	 
32	 37	  37
0.8907214752610795	 0.006131191293177552	 0.4545081539445177	 -0.8604284222703122	 
0.004745065192894717	 0.9997291226824077	 -0.022785206099110174	 0.0596701050780087	 
-0.4545247384522015	 0.02245194321189629	 0.8904511061147428	 -0.5238519206747599	 
0.0	 0.0	 0.0	 1.0	 
33	 34	  37
0.9692228666565098	 -0.015075335397689453	 0.24572295174196454	 -0.3999061306750109	 
0.04464957162365007	 0.992334402354208	 -0.11523389110040852	 0.08375863113212248	 
-0.24210214890405501	 0.12265874680169941	 0.9624663013992099	 -0.18027764561362872	 
0.0	 0.0	 0.0	 1.0	 
33	 35	  37
0.9670108121551029	 0.010575747328690578	 0.25451570235167803	 -0.3881917302088315	 
0.0515391109559584	 0.9703515430662157	 -0.2361389483140883	 0.1069526030151168	 
-0.2494670503633657	 0.24146642921419426	 0.9377953691214028	 -0.216916284800645	 
0.0	 0.0	 0.0	 1.0	 
33	 36	  37
0.9941043683662539	 0.011763924158970984	 0.10778735957204627	 -0.30756021302072045	 
0.018154579898472	 0.9620043614439647	 -0.2724298437974435	 0.04885289006142957	 
-0.10689675403791077	 0.27278053202377067	 0.9561191689977699	 -0.26752569539177257	 
0.0	 0.0	 0.0	 1.0	 
33	 37	  37
0.9786224842538839	 0.05171550133240792	 0.19905662569905624	 -0.3904250486872429	 
-0.03902483280574169	 0.9969787233283023	 -0.06716016419835862	 0.07201817479508839	 
-0.2019284421205699	 0.05795629519391586	 0.9776839837647722	 -0.23974617736663978	 
0.0	 0.0	 0.0	 1.0	 
34	 35	  37
0.9999765359660112	 -0.003085080411076078	 0.0061163548191132166	 0.022337677575882738	 
0.0037812099125205377	 0.9930911275189491	 -0.11728475985710757	 0.0110080971729438	 
-0.0057122647884661985	 0.1173051351049865	 0.9930794909316101	 -0.040649795061376205	 
0.0	 0.0	 0.0	 1.0	 
34	 36	  37
0.9906968648256016	 -0.02502639640328973	 -0.13376621960640234	 0.10305685746187845	 
0.0022962962125848484	 0.9858792685973601	 -0.16744191462605018	 -0.00244920873142262	 
0.13606781047855096	 0.16557701299697009	 0.9767649685152375	 -0.056452494429197184	 
0.0	 0.0	 0.0	 1.0	 
34	 37	  37
0.9966900924467836	 0.06869636748211164	 -0.04347031991123895	 0.010992023768693099	 
-0.06663008026330139	 0.9966550063718976	 0.04732051011918159	 -0.013763392459488155	 
0.046575659120712896	 -0.044267452700558936	 0.9979334149174862	 -0.061961179894331385	 
0.0	 0.0	 0.0	 1.0	 
35	 36	  37
0.9925554262586387	 -0.010544695030771718	 -0.12133645458493059	 0.02179727788103936	 
0.007986750718264374	 0.9997359023115092	 -0.02154849048906238	 -0.09569872839935761	 
0.12153163216832563	 0.020418987146793806	 0.9923775125154753	 -0.014734420930481875	 
0.0	 0.0	 0.0	 1.0	 
35	 37	  37
0.9967299530104617	 0.0745188714915229	 -0.031246416808857563	 -0.05950544141131948	 
-0.06711488328601874	 0.9788122091715178	 0.19344831769306375	 -0.10794589476879347	 
0.04499992459179312	 -0.1907186329869278	 0.9806127726163527	 -0.01836816736595751	 
0.0	 0.0	 0.0	 1.0	 
36	 37	  37
0.9949607414462658	 0.062264741147975824	 0.078588962268706	 -0.04864068347879767	 
-0.07700186300323913	 0.9765219914380378	 0.2011852711604877	 0.04206973070707352	 
-0.06421710110809253	 -0.20622294306808858	 0.9763955457075832	 0.0031015751330180194	 
0.0	 0.0	 0.0	 1.0	 
