0	 1	  37
0.9853855630180957	 0.11291606820633335	 0.12753530388222656	 -0.37085308615876916	 
-0.11081390357010934	 0.9935637054340363	 -0.023482802638140135	 0.03967352164658483	 
-0.12936603484324505	 0.009006929832636963	 0.9915560015671966	 -0.15458025091092742	 
0.0	 0.0	 0.0	 1.0	 
0	 2	  37
0.9903482121933345	 0.05424281867705867	 -0.1275466002190388	 -0.3631387930332055	 
-0.025614081544466167	 0.9760142204309047	 0.2161947278341641	 0.05100678025498092	 
0.136214307002242	 -0.21084107317745882	 0.9679833182598125	 -0.44394610758179986	 
0.0	 0.0	 0.0	 1.0	 
0	 3	  37
0.9966140027613337	 0.08179146565725942	 -0.008407475582423649	 -0.5551984548217158	 
-0.0819173061131893	 0.9789099901485809	 -0.1871491013776514	 0.1333056771420762	 
-0.007077037458552193	 0.1872041327880923	 0.982295540154728	 -0.14179440687187803	 
0.0	 0.0	 0.0	 1.0	 
0	 10	  37
0.912152355019061	 -0.04883186325024406	 0.40693184977916136	 -0.3950718190870467	 
-0.04571077099976463	 0.9745613710257237	 0.21940979813825098	 -0.2852859850533385	 
-0.4072942506932643	 -0.2187363326838282	 0.8867163075731952	 -0.4009714181227716	 
0.0	 0.0	 0.0	 1.0	 
0	 19	  37
0.08364148265806289	 -0.1556331907368535	 0.9842674495886914	 -1.798409663284856	 
0.12506570439830136	 0.9815579932105573	 0.14457688455565468	 -0.5757091102989182	 
-0.9886165444509399	 0.11100547691681076	 0.10156334049426372	 2.323793814580678	 
0.0	 0.0	 0.0	 1.0	 
0	 35	  37
0.8952596710623109	 -0.032700645233696354	 0.4443430984843843	 -2.179852018060167	 
0.0030949748675331533	 0.9977353421545451	 0.0671908337968963	 0.08236190230921311	 
-0.4455339970192767	 -0.058778013041041056	 0.8933334218996704	 0.01624327835079579	 
0.0	 0.0	 0.0	 1.0	 
0	 36	  37
0.34059287220021683	 -0.21968244185790453	 0.9141860424146462	 -1.6339012691744854	 
0.13375813254558824	 0.9737519172873352	 0.18416287779342025	 -0.08508473449504317	 
-0.9306477622518212	 0.059555254332306753	 0.3610372754953302	 0.5184926440595864	 
0.0	 0.0	 0.0	 1.0	 
0	 43	  37
0.9961086746221809	 0.03935221714480036	 0.07886007448784726	 0.38453742494040033	 
-0.07872645701087735	 0.799529307363432	 0.5954452381482814	 -0.4133777880446833	 
-0.03961885042444858	 -0.5993365412460162	 0.7995161393107121	 -0.7080647810540763	 
0.0	 0.0	 0.0	 1.0	 
0	 44	  37
0.9866681914342758	 -0.13963328786434495	 0.08359679977132908	 0.5088717610142	 
0.10336286344573717	 0.9344261608936696	 0.3408282093633312	 -0.4394578106137835	 
-0.1257060001436396	 -0.32764354832303655	 0.9364014666638331	 -0.6789939538701203	 
0.0	 0.0	 0.0	 1.0	 
0	 45	  37
0.998187326266984	 0.05998843732683021	 -0.004842423675534609	 0.3174422415186266	 
-0.05840746636661938	 0.9849914901008547	 0.16242023365803215	 -0.08681195085832516	 
0.014513082119268451	 -0.1618429850688081	 0.9867097945350584	 -0.638925114602469	 
0.0	 0.0	 0.0	 1.0	 
0	 54	  37
0.9006459772641653	 0.2314286467823118	 -0.3678010400833381	 0.03909130253239438	 
-0.14714349245249392	 0.9588046599370469	 0.24298645376211334	 -0.026778947787200708	 
0.4088833773421954	 -0.16472524254501014	 0.8975967792955405	 -0.3007952233137559	 
0.0	 0.0	 0.0	 1.0	 
1	 2	  37
0.9745024242204431	 -0.04243815472552104	 -0.22032709368566475	 -0.0944794498526472	 
0.10115246859204219	 0.9595982708084414	 0.26256301483488625	 -0.16720499315344445	 
0.20028280826425118	 -0.2781549238912399	 0.9394235652935486	 -0.24840656048046506	 
0.0	 0.0	 0.0	 1.0	 
1	 3	  37
0.9918963716701312	 0.001578585667574916	 -0.1270397415571992	 -0.20462948065904424	 
-0.015039066480443052	 0.9943515543324966	 -0.10506575501058822	 -0.1154282284311764	 
0.12615630918438667	 0.10612490030072277	 0.9863174393617578	 0.010063106651985758	 
0.0	 0.0	 0.0	 1.0	 
1	 10	  37
0.9426654807780005	 -0.14063897009178417	 0.3026590019165197	 -0.07723870414805982	 
0.050532828209039045	 0.9565653834635977	 0.2871046854935258	 -0.38399985928614017	 
-0.32989123150332017	 -0.25534946103460404	 0.9088280520134493	 -0.2179558815066735	 
0.0	 0.0	 0.0	 1.0	 
1	 11	  37
0.9113343497070716	 0.2917273062684739	 -0.29045633376004565	 -0.5342331802893815	 
-0.1803749812102777	 0.9171970102166663	 0.3552668160734963	 -0.4140196364851192	 
0.37004671218290675	 -0.2713757970544672	 0.8884934482457775	 0.19875354438068318	 
0.0	 0.0	 0.0	 1.0	 
1	 35	  37
0.9495425324326683	 -0.13646423749237974	 0.28239421202811266	 -1.753162768888806	 
0.09304949059230791	 0.9824158996260443	 0.16186658846859833	 -0.2503420746185836	 
-0.29951756442964617	 -0.127422572755277	 0.9455436090157654	 -0.10140066953847761	 
0.0	 0.0	 0.0	 1.0	 
1	 43	  37
0.9914268581826652	 -0.08413320568300799	 -0.09997193894063058	 0.7445495784085328	 
0.12789257825605932	 0.7815563096801587	 0.6105843293322799	 -0.31721076893145833	 
0.026763282703475163	 -0.6181353723098472	 0.7856159291907858	 -0.49481667646036737	 
0.0	 0.0	 0.0	 1.0	 
1	 44	  37
0.9670916338473609	 -0.25425992565815353	 0.009255373939050357	 0.7399884449874322	 
0.231064016799681	 0.8929292917017876	 0.38637637112191614	 -0.4632595566387485	 
-0.10650442189335692	 -0.3715227721489682	 0.9222947673558097	 -0.4345718760878912	 
0.0	 0.0	 0.0	 1.0	 
1	 45	  37
0.9850951670864492	 -0.018471825177499988	 -0.17101550648269595	 0.822475251068975	 
0.05694950790114302	 0.9731695746786008	 0.2229298824063066	 -0.19821089656372634	 
0.16230916589256067	 -0.22934639869525703	 0.9597166061253585	 -0.39221579827068687	 
0.0	 0.0	 0.0	 1.0	 
1	 54	  37
0.8227620496723206	 0.14369080061245734	 -0.5499232341321391	 0.5400850924519635	 
-0.0035013626363597115	 0.9687802084959773	 0.2478964462959862	 -0.14484383002519938	 
0.5683751842565693	 -0.20203430759611343	 0.7975787036245823	 -0.00048349206234292447	 
0.0	 0.0	 0.0	 1.0	 
2	 3	  37
0.9963828924713672	 0.07440912600861664	 0.04104160763207774	 0.033033861534588566	 
-0.05535134001495431	 0.9347581441785177	 -0.35094649314458465	 -0.0681376245177569	 
-0.0644775988149408	 0.34740537396328086	 0.9354956682916772	 0.2526613443584655	 
0.0	 0.0	 0.0	 1.0	 
2	 10	  37
0.8636275734424728	 -0.08362491834156209	 0.4971461429220124	 0.06433686667237887	 
0.11045412762261067	 0.9935730386007506	 -0.024748791016940722	 -0.1283201890945125	 
-0.49188138822382294	 0.07628558184899199	 0.8673137897675594	 -0.0208658440636937	 
0.0	 0.0	 0.0	 1.0	 
2	 11	  37
0.942230308406646	 0.33330068070297936	 -0.03335719057183823	 -0.39803224227032524	 
-0.3292333916286358	 0.9398466110188235	 0.09106987203865823	 -0.27439066259741907	 
0.06170429285406925	 -0.07482649263036961	 0.9952856756951826	 0.4254831716918056	 
0.0	 0.0	 0.0	 1.0	 
2	 34	  37
0.9743444088073779	 0.04587928853133707	 0.22033625191887735	 -1.4058643862693105	 
-0.06745221499716558	 0.9935269001077097	 0.09140294007492482	 0.30234108682307065	 
-0.2147164914900039	 -0.10392011184666076	 0.9711320397536068	 -0.10117998774296066	 
0.0	 0.0	 0.0	 1.0	 
2	 35	  37
0.9034788421824405	 -0.017116387279181116	 0.42829080192689833	 -1.4899352335921687	 
0.09152729531746415	 0.9838604812577871	 -0.15375730106588412	 0.0528993458482164	 
-0.4187466249900363	 0.17811676705381863	 0.8904637451091141	 0.42418708669791905	 
0.0	 0.0	 0.0	 1.0	 
2	 43	  37
0.9876360755321765	 0.00655253496983599	 0.1566270940574151	 0.7769214501436534	 
-0.06870372033728823	 0.916154091400807	 0.3948942638496768	 -0.314469114267696	 
-0.14090699457165712	 -0.4007726850660252	 0.9052770149439076	 -0.4484904929085213	 
0.0	 0.0	 0.0	 1.0	 
2	 44	  37
0.9575424579189132	 -0.1712687775010204	 0.23190396101815863	 0.7602172193705633	 
0.15115187945676709	 0.9832303733357665	 0.10203500520260564	 -0.3065241350782164	 
-0.24549042877328783	 -0.06265013011410815	 0.9673724259960028	 -0.4346344975183844	 
0.0	 0.0	 0.0	 1.0	 
2	 45	  37
0.9960240868952154	 0.041812817833151716	 0.07866197677025431	 0.7894527093795692	 
-0.03788136509863526	 0.997988900757366	 -0.05082475915701371	 -0.06045414505394374	 
-0.08062890612439294	 0.047642861269619655	 0.995604910226555	 -0.3393675176051152	 
0.0	 0.0	 0.0	 1.0	 
2	 46	  37
0.8477621416711426	 0.27572383170560155	 -0.45307363615502777	 0.5585218576986761	 
-0.2838007685048642	 0.9574904704693961	 0.05166355346222691	 -0.1233898861194277	 
0.4480585619594898	 0.08478424140061103	 0.8899748072080004	 0.16013149678091557	 
0.0	 0.0	 0.0	 1.0	 
2	 53	  37
0.779560881221574	 0.27231771783690667	 -0.5640282732462444	 0.40021062312295624	 
-0.3214405149903321	 0.9468422985864728	 0.012870778151877593	 -0.004376914631576128	 
0.5375507676413378	 0.1712679834632963	 0.8256551641264188	 0.09450164076339872	 
0.0	 0.0	 0.0	 1.0	 
2	 54	  37
0.9149784568797538	 0.22829697979643232	 -0.3327084496398791	 0.6564328689815928	 
-0.23176495117034165	 0.972315081915297	 0.029805853268428117	 -0.05004176332740662	 
0.3303020297469484	 0.049838443955215965	 0.9425585916266264	 0.09675209627724836	 
0.0	 0.0	 0.0	 1.0	 
3	 10	  37
0.8858415352671702	 -0.12215621404789165	 0.4476188487597326	 -0.005441779619210875	 
-0.04554146152559088	 0.9371716772321035	 0.34588325006579707	 -0.25647148466176617	 
-0.46174749558348005	 -0.32678296584040506	 0.8246224248460217	 -0.17062577109568022	 
0.0	 0.0	 0.0	 1.0	 
3	 35	  37
0.9234834677433928	 -0.10025156189495592	 0.37030785725158283	 -1.4772901417769893	 
0.006743739047852598	 0.9693456958423363	 0.24560831406039718	 -0.08849373192639079	 
-0.3835789446623621	 -0.22431795801842994	 0.8958507950111722	 0.05929760945338329	 
0.0	 0.0	 0.0	 1.0	 
3	 45	  37
0.998272465434189	 -0.04275589490654221	 -0.040299109254246186	 0.9396808724469496	 
0.05260660811593276	 0.955886246701709	 0.2889879377224175	 -0.08463117003035892	 
0.026165426395945365	 -0.290608700518859	 0.9564841627775436	 -0.4891478835446026	 
0.0	 0.0	 0.0	 1.0	 
3	 54	  37
0.9122330540738404	 0.1878071572966671	 -0.36408697686577257	 0.5492299941580049	 
-0.04199315841801957	 0.9269145939067889	 0.37291541969820946	 -0.10099918874076334	 
0.40751371719390234	 -0.32489661012506377	 0.8534487465736006	 -0.14145262992857857	 
0.0	 0.0	 0.0	 1.0	 
4	 5	  37
0.9233689809740071	 -0.05939445244738522	 0.3792914762995593	 0.2425802593935723	 
0.060543925860949775	 0.9981257834097017	 0.0089080600645431	 0.0014535218213686022	 
-0.37910969127202226	 0.014738368676518504	 0.9252343608364247	 0.10144163652372512	 
0.0	 0.0	 0.0	 1.0	 
4	 6	  37
0.893582649798088	 -0.21274034521693178	 0.39528672314765023	 0.4593234271949548	 
0.13939199137732888	 0.9685406338467135	 0.20615264569650538	 -0.06873624381087762	 
-0.4267082384014745	 -0.12911462389979955	 0.8951254063959548	 -0.3036255994471794	 
0.0	 0.0	 0.0	 1.0	 
4	 9	  37
0.97566158909153	 0.1823354408574798	 -0.1218123580705111	 0.7120967150081762	 
-0.09236592807201799	 0.8455464691734518	 0.525851408479338	 -0.44398680731717294	 
0.1988793576588198	 -0.5018017093191467	 0.8418087939797241	 -0.15330284837435174	 
0.0	 0.0	 0.0	 1.0	 
4	 10	  37
0.8184098990538042	 0.3467098887067198	 -0.45825483107515197	 0.4507092470549366	 
-0.17403178238152128	 0.9095674478030672	 0.37735924080128913	 -0.3143057179211328	 
0.5476478575251196	 -0.22908363313425156	 0.8047375430400637	 -0.2943594234047175	 
0.0	 0.0	 0.0	 1.0	 
4	 18	  37
-0.964978366830136	 0.09950321765008963	 -0.24272589731448815	 -0.46859716969645787	 
0.01965445386377044	 -0.8952471338088689	 -0.44513623965065363	 0.6539379224245737	 
-0.26159215200988306	 -0.4343174865053057	 0.8619384356916412	 -0.9225032140713956	 
0.0	 0.0	 0.0	 1.0	 
4	 19	  37
0.3204747048193799	 0.40013032921731495	 -0.8585986741262618	 1.8282274986703253	 
-0.01621470616999777	 0.9085895577925265	 0.4173752493550636	 -0.6614193002517812	 
0.9471182855772304	 -0.11983628461707171	 0.29766796605349366	 1.0994071025904317	 
0.0	 0.0	 0.0	 1.0	 
4	 20	  37
0.5883813521712459	 -0.12553767868049592	 0.7987788652991825	 -2.205864609007982	 
0.1407498216670478	 0.9886939384309317	 0.051708643480829826	 0.030736285049186636	 
-0.79623920533834	 0.08200358127207481	 0.5993984822642808	 -0.3357655860419055	 
0.0	 0.0	 0.0	 1.0	 
4	 36	  37
0.9901906095841545	 -0.05078743967631522	 0.13016601961527982	 -0.6389892863972738	 
0.02377965914667349	 0.9792638595940976	 0.2011885213021353	 0.20086534484783958	 
-0.13768472864565928	 -0.19611968097056506	 0.9708655860796461	 -0.8382686366012626	 
0.0	 0.0	 0.0	 1.0	 
4	 37	  37
0.7834061198983201	 -0.273166385198969	 0.5582606714637763	 -0.07472602255647263	 
0.06104334031107016	 0.9277082387939083	 0.36828132491014365	 -0.18030019688523966	 
-0.6185051025735562	 -0.2544357476284189	 0.7434473003644856	 -0.1392533687917043	 
0.0	 0.0	 0.0	 1.0	 
5	 6	  37
0.9976042989048349	 -0.0685589116698128	 0.009237880560136963	 0.38270788536472367	 
0.06668782908364128	 0.9885835703609116	 0.1351120196895311	 0.0004076791290766245	 
-0.01839554997013253	 -0.13417227747610155	 0.9907872646023321	 -0.3001716206876888	 
0.0	 0.0	 0.0	 1.0	 
5	 7	  37
0.9977708721216333	 0.05310892504095843	 0.04040703932025354	 0.6791552541544683	 
-0.06377512137692869	 0.9371441466988784	 0.3430649824761902	 -0.029760442162660987	 
-0.019647407945901352	 -0.34487721059679266	 0.938442160696109	 -0.26785619634690394	 
0.0	 0.0	 0.0	 1.0	 
5	 8	  37
0.966490664573649	 0.18669694070877155	 -0.17618185951445928	 0.6872297957204994	 
-0.04529140060717909	 0.7995822834301182	 0.5988462749785781	 -0.4171119816711915	 
0.2526746610228798	 -0.5707998111025123	 0.7812445784274654	 -0.052078619853614845	 
0.0	 0.0	 0.0	 1.0	 
5	 9	  37
0.8262586614335691	 0.3171483672617873	 -0.4655250128072482	 0.563567199437583	 
-0.17365446264432616	 0.929601881327027	 0.32509147918233916	 -0.09691352752574513	 
0.5358551595438045	 -0.18776915448612302	 0.8231658354267684	 -0.18186942803556436	 
0.0	 0.0	 0.0	 1.0	 
5	 37	  37
0.9528978426251622	 -0.07474378327669298	 0.2939371844149659	 -0.30673919945121586	 
-0.007312441019055837	 0.9632138684625343	 0.26863650497983793	 -0.04954816950749521	 
-0.30320328119374595	 -0.2581325443699932	 0.917297857737834	 -0.34253497166142577	 
0.0	 0.0	 0.0	 1.0	 
5	 38	  37
0.9588116559215628	 -0.11501796777928004	 0.25971344893338466	 0.2548142552381316	 
0.020430128238095736	 0.9399042006020444	 0.340826500658044	 -0.14595372899236464	 
-0.2833069330763446	 -0.3214824424110237	 0.9035409348182946	 0.13492033730491734	 
0.0	 0.0	 0.0	 1.0	 
5	 39	  37
0.9261818067056358	 0.22375342759494457	 -0.3035155095987637	 0.6897765491889164	 
-0.07633389082700323	 0.8995064352001666	 0.4301875290436702	 -0.18970459458536426	 
0.36927008819926704	 -0.3752633430978857	 0.8501864650112372	 0.430604164843307	 
0.0	 0.0	 0.0	 1.0	 
5	 40	  37
0.8497141154915349	 0.42903382830781667	 -0.30645700530739606	 1.1107173759019515	 
-0.08100454425853312	 0.680573512334043	 0.7281881337393321	 -0.4478905535134227	 
0.5209838632279372	 -0.5939273259219875	 0.613046609793457	 0.5713215568419117	 
0.0	 0.0	 0.0	 1.0	 
5	 41	  37
0.9082872683883576	 0.3506962137989015	 -0.22809297163816858	 0.9725639042029887	 
-0.06491905423292141	 0.6567748597302696	 0.7512870956057923	 -0.4982140590078466	 
0.41327926935804354	 -0.6675769238472814	 0.6193071098134437	 0.5096908536232312	 
0.0	 0.0	 0.0	 1.0	 
6	 7	  37
0.9870214430942047	 0.1569056113636196	 0.034195028803052155	 0.3246045266843724	 
-0.16058764021221456	 0.9636775619106502	 0.21339439186870754	 -0.07199895806544264	 
0.0005297955313376595	 -0.21611613959293344	 0.9763675196994945	 0.0186008238756255	 
0.0	 0.0	 0.0	 1.0	 
6	 8	  37
0.9543489614648722	 0.2223269735532831	 -0.19947124249263667	 0.34595518300918027	 
-0.11807703292126905	 0.8942260991025186	 0.431760926880144	 -0.3573637601153849	 
0.2743644912291459	 -0.3884976197025269	 0.87965545836881	 0.16622383120181966	 
0.0	 0.0	 0.0	 1.0	 
6	 9	  37
0.778034577735831	 0.44758915071899136	 -0.44082439588352995	 0.16183117374995576	 
-0.2740761731103807	 0.8732394874613598	 0.40290823877328397	 -0.40094374589413606	 
0.5652826259320162	 -0.1926570779828059	 0.8020840374440392	 0.16752136734453166	 
0.0	 0.0	 0.0	 1.0	 
6	 37	  37
0.9596111390090132	 -0.06256514917893037	 0.2742846404705196	 -0.6613254414246533	 
0.007965255289119377	 0.9806089767186043	 0.1958126387317012	 -0.11385616259584357	 
-0.28121702757479494	 -0.18571924210245647	 0.9415016444568147	 -0.03551032324191059	 
0.0	 0.0	 0.0	 1.0	 
6	 38	  37
0.9611007805943043	 -0.08511875046116647	 0.26275480559058845	 -0.1507274725775364	 
0.028364187935798188	 0.9767157010410625	 0.21265444312924037	 -0.16469880823357083	 
-0.2747376246234962	 -0.19692952460155477	 0.9411365469242194	 0.4172228728688929	 
0.0	 0.0	 0.0	 1.0	 
6	 39	  37
0.9243567039832978	 0.24524544463373726	 -0.29226589894740285	 0.2669575517311119	 
-0.1530659580672855	 0.9400627601177193	 0.30471760618776095	 -0.25062777609367903	 
0.3494788924700274	 -0.23693180226861885	 0.9064920434243569	 0.7002104871648388	 
0.0	 0.0	 0.0	 1.0	 
6	 40	  37
0.8934086847805034	 0.4020616593945027	 -0.2004179233594346	 0.5603878159849545	 
-0.22417863323777157	 0.7856050634968514	 0.5766876317450812	 -0.48930687243563525	 
0.38931332157840964	 -0.4702883224714865	 0.7920000198159969	 0.6879452794838471	 
0.0	 0.0	 0.0	 1.0	 
6	 41	  37
0.8668957980966173	 0.46838125854530943	 -0.17061849807667537	 0.4391359710671988	 
-0.20661925062918707	 0.6491027987986412	 0.7321024804364508	 -0.7563332924491656	 
0.4536520257993585	 -0.5994034978503903	 0.6594810734606831	 0.8332571860419485	 
0.0	 0.0	 0.0	 1.0	 
7	 8	  37
0.9677171792414346	 0.07547099791114212	 -0.24047367730231706	 0.0056682513718044536	 
-0.028840100455520802	 0.9810056730965951	 0.19182314239426768	 -0.29835006597228364	 
0.2503831256429189	 -0.1786952652607012	 0.9515126339501175	 0.05337337408039421	 
0.0	 0.0	 0.0	 1.0	 
7	 37	  37
0.9492358949763742	 -0.1916686943637304	 0.2494280002110933	 -0.9665719605748886	 
0.19714835032457803	 0.9803688609076958	 0.003069939224628567	 -0.1513818726445581	 
-0.24511985568839467	 0.04626022225896256	 0.9683884799933606	 -0.1169566621521885	 
0.0	 0.0	 0.0	 1.0	 
7	 38	  37
0.9495391894908294	 -0.2323601021009551	 0.21067536774082787	 -0.4108455422165083	 
0.23953092268101292	 0.970848700923871	 -0.008816858511690414	 -0.19931551437350897	 
-0.2024852209438553	 0.05883521790616775	 0.9775163182439736	 0.33817498259181944	 
0.0	 0.0	 0.0	 1.0	 
7	 39	  37
0.934223257430082	 0.0431563084682177	 -0.3540684090908451	 -0.0038301524315725467	 
-0.051586444431250995	 0.9985646969241128	 -0.01440086135603711	 -0.3078083888780192	 
0.35293872559931355	 0.031718749916262334	 0.9351086444237809	 0.6073438239697979	 
0.0	 0.0	 0.0	 1.0	 
7	 40	  37
0.9308279966023468	 0.10297640696862427	 -0.3506495406372198	 0.41240508227990375	 
0.02915083326040312	 0.9355025275759805	 0.3521153927609192	 -0.54003219703615	 
0.3642931095443414	 -0.33798059190844726	 0.8677900954906835	 0.6246697267566801	 
0.0	 0.0	 0.0	 1.0	 
7	 41	  37
0.8819911598565245	 0.18685421459584742	 -0.43263968429018385	 0.4127701254807206	 
0.005007499136836169	 0.9142695700344994	 0.4050753982425059	 -0.6353703741379527	 
0.4712393435265521	 -0.3594393631708958	 0.8054420061779521	 0.6360530703890473	 
0.0	 0.0	 0.0	 1.0	 
8	 9	  37
0.9362917424568308	 0.20524833741843346	 -0.2850103383986629	 -0.12629628484080171	 
-0.24035825637885375	 0.9661369436198556	 -0.09384729491786709	 -0.0204053216070674	 
0.25609701598743495	 0.1563730352709595	 0.9539191749003049	 0.051448343943729824	 
0.0	 0.0	 0.0	 1.0	 
8	 36	  37
-0.6296959531959218	 0.5300318713949275	 0.5679341703351461	 -0.7713273708107112	 
0.5861756570102137	 -0.1555688617290769	 0.7951078092868689	 -1.4014422462656269	 
0.5097853525331265	 0.8335853552971709	 -0.21273069777717907	 0.7186996626950838	 
0.0	 0.0	 0.0	 1.0	 
8	 37	  37
0.8521052097682629	 -0.24153033073733982	 0.4643057299018561	 -0.9569155347836317	 
0.3689875352079023	 0.9063922855008277	 -0.20567261277521054	 0.17666364173775842	 
-0.3711669575096639	 0.34657773171179984	 0.8614632699857393	 0.0873730114370677	 
0.0	 0.0	 0.0	 1.0	 
8	 38	  37
0.8679352267593052	 -0.23747917605818125	 0.43622480797061597	 -0.32293101491395726	 
0.3840752010241028	 0.8777882724373637	 -0.28631100001523335	 0.1789001107007915	 
-0.3149201202028362	 0.4160425335349202	 0.8530732255681667	 0.3644826798933451	 
0.0	 0.0	 0.0	 1.0	 
8	 39	  37
0.9919231070940281	 0.06662290303885492	 -0.10793488038444833	 0.13678416564300835	 
-0.08751843711027654	 0.975422766022949	 -0.20221510994461636	 -0.07784875812828619	 
0.0918099819121231	 0.21002813219855587	 0.9733751131534446	 0.5244348853601687	 
0.0	 0.0	 0.0	 1.0	 
8	 40	  37
0.9858854616176209	 0.12075148734168971	 -0.1159695428799253	 0.4759339403294786	 
-0.10978531140294942	 0.9892385511465446	 0.09671749751540444	 -0.23147639695066474	 
0.12640032425261566	 -0.08262062230614528	 0.9885326452872347	 0.3631905825828979	 
0.0	 0.0	 0.0	 1.0	 
8	 41	  37
0.9793753967822654	 0.18033610963795213	 -0.09111926107157388	 0.3730402860120276	 
-0.1528310605228156	 0.9561798833308244	 0.24972524432448326	 -0.4285023880332492	 
0.13216088346047292	 -0.23064890694321472	 0.9640200115188731	 0.3395582995651545	 
0.0	 0.0	 0.0	 1.0	 
8	 42	  37
0.5970172726000136	 0.6505884704768445	 -0.46936661395953805	 0.2689918366522237	 
-0.5515515324060017	 0.7577380525993918	 0.348746255526096	 -0.3486965177543188	 
0.58254723698412	 0.050672336885942054	 0.8112157733653146	 0.3977902566644751	 
0.0	 0.0	 0.0	 1.0	 
9	 10	  37
0.9074755133518511	 0.19072254229031058	 -0.37431685044773844	 -0.14785586410942486	 
-0.24566798606165344	 0.9636982809893014	 -0.10456033589596002	 -0.03461444477349818	 
0.3407864922370089	 0.1868436112918657	 0.9213870151180824	 -0.026651624998790813	 
0.0	 0.0	 0.0	 1.0	 
9	 20	  37
0.3780868028980286	 -0.28029692303941317	 0.8823174057044232	 -2.844394414576661	 
0.5994543035485053	 0.8004047560844226	 -0.0026008449801704124	 -0.36086812871905893	 
-0.7054820390566454	 0.5298923111086555	 0.47064767203971647	 0.3815679463133976	 
0.0	 0.0	 0.0	 1.0	 
9	 36	  37
0.9359442668809699	 -0.16933783333828956	 0.3087604694466875	 -1.4986083511228938	 
0.23517511711828723	 0.953177144325447	 -0.19012100311114408	 0.39161881969654205	 
-0.26210874380883425	 0.25055544243915656	 0.9319447283412648	 -0.17205175699832112	 
0.0	 0.0	 0.0	 1.0	 
9	 43	  37
0.6625882972563413	 0.5675374493617816	 -0.4887514623107187	 0.5836774313864398	 
-0.4191821761256998	 0.821775051598754	 0.3859689984809505	 -0.402200747479011	 
0.6206956190899574	 -0.05086263994120309	 0.7824001152228611	 0.29601229340868207	 
0.0	 0.0	 0.0	 1.0	 
9	 44	  37
0.8131500378034241	 0.18539055872750881	 -0.551740298288055	 0.5638342177274072	 
-0.19826238109532493	 0.9794537875312934	 0.03690943420070561	 -0.2629969933684991	 
0.5472467855206661	 0.07937643746922793	 0.8331988579636874	 0.2694456731740361	 
0.0	 0.0	 0.0	 1.0	 
9	 45	  37
0.6734250485243666	 0.2678624629578187	 -0.689019887200744	 0.44292019611625083	 
-0.38152305195720765	 0.9242596545719183	 -0.013573936638124005	 -0.1151053132140506	 
0.6331973348374208	 0.2720179991632342	 0.7246153071016499	 0.2905964271932392	 
0.0	 0.0	 0.0	 1.0	 
10	 18	  37
-0.17951852421717432	 -0.3074647816005993	 0.9344723150196503	 -2.518328701048788	 
0.3804195910787562	 0.8543092580591042	 0.35417033517500446	 -0.5537873181456726	 
-0.9072232548752043	 0.4190717118463128	 -0.03639871074422026	 1.6019455425884563	 
0.0	 0.0	 0.0	 1.0	 
10	 19	  37
0.4190319152697724	 -0.2190550876432142	 0.8811510214276378	 -2.3874155979716347	 
0.369095419695343	 0.9277556962589139	 0.05511750374477182	 -0.830006350529969	 
-0.829566649007338	 0.3021328129097539	 0.4696114758158867	 1.8282619898836603	 
0.0	 0.0	 0.0	 1.0	 
10	 20	  37
-0.35441509393682685	 0.44062656464233546	 0.824765525298702	 -2.5471558309782454	 
-0.1503217392202112	 0.8437002427999949	 -0.5153380201547723	 0.5082891717726091	 
-0.9229264953979601	 -0.3066237610341436	 -0.23278434926282082	 2.466246841218945	 
0.0	 0.0	 0.0	 1.0	 
10	 35	  37
0.9987914627805009	 -0.02678603701354321	 -0.04120827705564766	 -1.6184365286450006	 
0.021246934606462344	 0.9913615303222573	 -0.12942520607262212	 0.33716879823572354	 
0.0443190889641771	 0.12839324132609517	 0.9907325541916774	 -0.37234562785749153	 
0.0	 0.0	 0.0	 1.0	 
10	 36	  37
0.6898884565738658	 -0.2790631516988686	 0.6679653245865564	 -1.4836564228559386	 
0.3165496246090864	 0.9461118130280386	 0.06832841582126406	 0.011257834273681419	 
-0.6510378273541219	 0.16430518741869185	 0.7410489543487208	 0.3383850128870044	 
0.0	 0.0	 0.0	 1.0	 
10	 43	  37
0.9193026116023981	 0.2506038854487219	 -0.3034475257750741	 0.914163086547851	 
-0.11919234894203488	 0.9121291986276021	 0.39219065384663165	 -0.07865145981445262	 
0.37506785020138744	 -0.3243732689494811	 0.8683928201777912	 0.02701060843804274	 
0.0	 0.0	 0.0	 1.0	 
10	 44	  37
0.9481318078098633	 -0.05291393933731563	 -0.3134424828305941	 0.9105834852524151	 
0.09261010297700335	 0.9892542088805789	 0.11313478262076612	 -0.1099150298917936	 
0.3040878883576082	 -0.13629462658471195	 0.9428437468204072	 0.06363244594923866	 
0.0	 0.0	 0.0	 1.0	 
10	 45	  37
0.8810921253046456	 0.13353098958246762	 -0.45370270171916377	 0.8254255276524926	 
-0.15138755021329986	 0.9884697037872937	 -0.0030747902487864368	 0.06362857802170095	 
0.4480607953911574	 0.07139411401358922	 0.8911478014996486	 0.13404265015844335	 
0.0	 0.0	 0.0	 1.0	 
10	 54	  37
0.619425476290376	 0.22108740033501365	 -0.7532811166726181	 0.4836657645857916	 
-0.24190543722741925	 0.9665894651254535	 0.08477361233485593	 0.1399876298684526	 
0.746855969221812	 0.1297118626864742	 0.6522123840561087	 0.3935882789970437	 
0.0	 0.0	 0.0	 1.0	 
11	 34	  37
0.8326069309342626	 -0.3911706609546863	 0.3921112247417835	 -1.6562318259655069	 
0.3917205190786255	 0.9163861185062504	 0.08241065915172009	 0.1206765572588542	 
-0.3915619152739444	 0.08498232649982378	 0.9162190080377497	 -0.07113785165073527	 
0.0	 0.0	 0.0	 1.0	 
11	 35	  37
0.7638117305691359	 -0.31318935212262017	 0.5643616482026353	 -1.2329948354302966	 
0.41742208783482737	 0.9066070531658372	 -0.06182597947117477	 -0.03533908793344957	 
-0.492291012341883	 0.2828004258606578	 0.823209255475444	 0.14764363089411528	 
0.0	 0.0	 0.0	 1.0	 
11	 46	  37
0.9467056809722187	 -0.026727900231414574	 -0.3209890542746697	 0.6678132190103977	 
-0.03135945216150673	 0.9841685356966157	 -0.17443875172939222	 0.5083239475189427	 
0.320569709072859	 0.1752081981358122	 0.9308797714694118	 -0.30393741663575435	 
0.0	 0.0	 0.0	 1.0	 
11	 47	  37
0.627724703198825	 -0.3992512335333671	 0.6682515615515103	 -1.6755998978573163	 
0.6369289023894754	 0.7569616755530345	 -0.1460499744775089	 0.20966359041242014	 
-0.4475301892553009	 0.5173079105001465	 0.7294581930714658	 0.3899196086037546	 
0.0	 0.0	 0.0	 1.0	 
11	 53	  37
0.937964344927451	 -0.04122559061517537	 -0.3442721863921719	 0.27956388241681496	 
-0.054957957539172965	 0.9626781953825508	 -0.265010028184061	 0.6189307229019801	 
0.34234852204725374	 0.2674904536865276	 0.9006921486493796	 -0.39876286393264054	 
0.0	 0.0	 0.0	 1.0	 
11	 54	  37
0.9784963680920779	 -0.10082015007880823	 -0.17994486646942512	 0.6617192190728431	 
0.0750778390245663	 0.9866456680181528	 -0.1445463381356079	 0.5745280254558718	 
0.19211500648833754	 0.12792819516861323	 0.9729985617475944	 -0.368720413567335	 
0.0	 0.0	 0.0	 1.0	 
12	 13	  37
0.8466171253022735	 0.2556794309816121	 -0.4667627574237616	 -0.10036080984960481	 
-0.2671608507925258	 0.9627026438880204	 0.04276329331130344	 -0.3074790216341895	 
0.4602874351410523	 0.08849659893992358	 0.8833480792005703	 0.7326617486805083	 
0.0	 0.0	 0.0	 1.0	 
12	 32	  37
0.7920682913470157	 -0.4656946726894178	 0.39465971883549916	 -1.4728311630777302	 
0.37456007012209896	 0.8812827345459745	 0.2881761538734554	 -0.4014335216114833	 
-0.48200889588548834	 -0.08043142184410973	 0.8724667390034923	 1.1790522519241065	 
0.0	 0.0	 0.0	 1.0	 
12	 33	  37
0.593055927455272	 -0.48712859190000307	 0.6410853311874225	 -1.871576368807671	 
0.4929184578779915	 0.8492331058448609	 0.1893000946124276	 -0.267448469248496	 
-0.6366443754509651	 0.20373724963936168	 0.7437574015201716	 0.8703173239293037	 
0.0	 0.0	 0.0	 1.0	 
12	 47	  37
0.9286483796014787	 -0.1366113561649772	 0.3448905977702395	 -0.9750054735420679	 
0.15870970001918716	 0.9866493660310593	 -0.03652751880881763	 0.3495039007809872	 
-0.3352960157582654	 0.08865870446422393	 0.9379318823557272	 -0.7085105149630874	 
0.0	 0.0	 0.0	 1.0	 
12	 48	  37
0.9841847994075931	 -0.0587672365229341	 -0.16711281377109516	 -0.6519022854886248	 
0.03917097177105633	 0.9922130524727857	 -0.11823237066534605	 0.4499726262481979	 
0.17275970475069205	 0.10981653069594843	 0.978822973780427	 -0.5111057882850218	 
0.0	 0.0	 0.0	 1.0	 
12	 52	  37
0.9966429394231686	 -0.045345103528750125	 0.06816650852078007	 -1.163315859412566	 
0.06505406655971153	 0.944129002674832	 -0.3230919292280018	 0.6521580274038893	 
-0.049707340725402095	 0.32644179863215195	 0.9439093878036253	 -0.6494332953436047	 
0.0	 0.0	 0.0	 1.0	 
12	 53	  37
0.5486488343282616	 -0.7491861659718067	 -0.3710856306928402	 1.997437713172216	 
0.09092037576747418	 -0.38775579933921395	 0.9172670959699293	 -2.819321196583184	 
-0.8310944241544036	 -0.5369967679560752	 -0.1446254795815332	 2.0089205190280093	 
0.0	 0.0	 0.0	 1.0	 
13	 14	  37
0.7721232166430663	 0.16998079394717852	 -0.6123171302600074	 0.4382805098909979	 
-0.3097657924564361	 0.9420066789135961	 -0.1291068189756603	 -0.0872231422498634	 
0.5548611467246563	 0.2893612734476819	 0.7799994623614395	 0.46785184819449727	 
0.0	 0.0	 0.0	 1.0	 
13	 24	  37
0.6589247951510485	 0.347072918008157	 -0.6673518591571101	 -0.2678596278241492	 
-0.4438190279531898	 0.8956909430472813	 0.02761168176256837	 -0.36168587220635423	 
0.6073242830332358	 0.27798943168468665	 0.7442305362653366	 0.6231043351349188	 
0.0	 0.0	 0.0	 1.0	 
13	 25	  37
0.9117518352385395	 0.2545569515370411	 -0.32234973144602286	 -0.17215309351741098	 
-0.17372510010421724	 0.9501406581646729	 0.2589446259264371	 -0.25643451435971615	 
0.3721937405880629	 -0.18009299854955813	 0.9105154207043916	 0.70780663554986	 
0.0	 0.0	 0.0	 1.0	 
13	 26	  37
0.9897987823956316	 -0.05265616030401859	 -0.13238466357612264	 -0.0898686133709119	 
0.04438201161508227	 0.9969176615921848	 -0.06469476834001762	 -0.4722941641632254	 
0.1353831873355196	 0.05815930525382264	 0.9890848739108634	 0.9757334407863051	 
0.0	 0.0	 0.0	 1.0	 
13	 47	  37
-0.16101869122056064	 -0.0222726268539564	 0.9867000107280033	 -2.2238431874106506	 
-0.9686871086154014	 0.19500918541301854	 -0.1536772696493691	 0.5641857411851213	 
-0.1889927688562485	 -0.9805484932921856	 -0.05297533031962084	 2.8925025756906604	 
0.0	 0.0	 0.0	 1.0	 
13	 48	  37
0.8303630686260715	 -0.310380632937281	 0.462775363388487	 -1.5382198884493525	 
0.3963392514212208	 0.9127532928908001	 -0.09897789702689788	 0.48642683343872967	 
-0.39167891447556835	 0.2656036314029867	 0.8809326528973632	 -0.520016378504526	 
0.0	 0.0	 0.0	 1.0	 
13	 49	  37
0.9824088263941986	 -0.1819827921684379	 -0.041894643778792276	 -1.46101067130785	 
0.16274213672876087	 0.9443500657676139	 -0.28586351676571153	 0.3668960530894028	 
0.09158545056792641	 0.2740168181686701	 0.9573541082614039	 -0.4642932490170146	 
0.0	 0.0	 0.0	 1.0	 
13	 51	  37
0.9934833258708415	 0.09999628447632908	 -0.054695743047697594	 -1.8265507295162744	 
-0.11315599802949992	 0.9228471223272207	 -0.36816967409377255	 0.5495198827867118	 
0.013660209608878574	 0.3719595836959924	 0.9281484077291439	 -0.49530768058608543	 
0.0	 0.0	 0.0	 1.0	 
13	 52	  37
0.8545454682218265	 -0.11131917686108257	 0.507306695800982	 -1.5423219468710632	 
0.31651971516541405	 0.8860404291198595	 -0.33874419238815057	 0.9012957568892657	 
-0.4117855177797591	 0.45004488534819054	 0.7923965475182169	 -0.698323152008264	 
0.0	 0.0	 0.0	 1.0	 
14	 15	  37
0.9368058243610998	 0.12773031030100956	 -0.3256989641886016	 0.1719460533111351	 
-0.12525424009375835	 0.991710802124433	 0.028654149581685558	 0.016799260977610555	 
0.32665918444405534	 0.013951802038530426	 0.9450392184656792	 0.03386873809900595	 
0.0	 0.0	 0.0	 1.0	 
14	 16	  37
0.8664935353346589	 0.2374675332469123	 -0.4390878316201341	 0.16027007975865565	 
-0.2455307994549104	 0.9685916408718075	 0.03930470394612913	 0.3319667123523849	 
0.4346303944068773	 0.07375231445105078	 0.8975839884773099	 -0.35170725250952456	 
0.0	 0.0	 0.0	 1.0	 
14	 23	  37
0.8842150483948017	 0.15069444698316486	 -0.44210285210640327	 -0.04323669952653082	 
-0.11846842313608438	 0.9879292869472328	 0.09980459263772792	 -0.05808802217979951	 
0.451806353332739	 -0.03587349495618065	 0.8913944757781497	 0.15894829460759352	 
0.0	 0.0	 0.0	 1.0	 
14	 24	  37
0.9876782268853088	 0.009152148840810581	 -0.15623046536540028	 -0.16931765118927303	 
-0.015309107364931905	 0.9991508554417629	 -0.03825178821550025	 -0.09101496351390127	 
0.15574771705672896	 0.04017220732782988	 0.9869796565228823	 0.4924111132294006	 
0.0	 0.0	 0.0	 1.0	 
14	 25	  37
0.9518727790310022	 -0.2703597816508735	 0.14437382382374478	 -0.22026026096088874	 
0.19103844989961963	 0.8917106537388232	 0.41031258897166584	 -0.0846944043654866	 
-0.23967169878762912	 -0.36298443282649584	 0.9004442116677077	 0.5203577333729029	 
0.0	 0.0	 0.0	 1.0	 
14	 26	  37
0.8050737992363457	 -0.38010896905777375	 0.45538264067154766	 0.08251039195057787	 
0.3308163215011953	 0.9249417105632766	 0.1871988073912261	 -0.20956301331735913	 
-0.49235834430988684	 -6.084501650527592e-05	 0.8703925879086464	 0.7267314458235459	 
0.0	 0.0	 0.0	 1.0	 
14	 49	  37
0.6914995099347939	 -0.24563257430317026	 0.6793328096015504	 -2.340808669066957	 
0.37275723841045766	 0.9268710293241695	 -0.04429600672931346	 -0.07370694403614984	 
-0.6187733583247974	 0.28385688901407974	 0.7324921826113224	 0.6677648534598443	 
0.0	 0.0	 0.0	 1.0	 
14	 51	  37
0.7891582794802722	 -0.13526434610930496	 0.5991099787178975	 -2.4334152089150893	 
0.23341510329184256	 0.968310511407883	 -0.08883773439401882	 -0.2606768430827646	 
-0.5681079118292541	 0.2099483511929209	 0.7957229985041141	 0.5310334641647784	 
0.0	 0.0	 0.0	 1.0	 
15	 16	  37
0.9906237547515506	 0.06713653031373448	 -0.11898429652425781	 -0.19468993695098688	 
-0.05894341623750639	 0.9957266388778861	 0.07109243497869037	 0.06322332154659502	 
0.12324873307337306	 -0.06341251395726377	 0.9903477181623778	 -0.3238333222658551	 
0.0	 0.0	 0.0	 1.0	 
15	 22	  37
0.932572582520478	 0.20622318536842024	 -0.29627753230305554	 -0.48629155899327275	 
-0.12693517283744526	 0.9556762781944718	 0.2656507353520606	 0.2163992364575377	 
0.3379287502237917	 -0.21013055254499485	 0.9174144704872064	 -0.5849934534253846	 
0.0	 0.0	 0.0	 1.0	 
15	 23	  37
0.9925415842940037	 -0.03314898458373856	 -0.11731303537210278	 -0.21679845015828603	 
0.032761858906296876	 0.9994495165034283	 -0.0052272901266210555	 0.021101127133897037	 
0.11742173584201979	 0.001344909711110828	 0.9930812288880081	 0.2154430194279705	 
0.0	 0.0	 0.0	 1.0	 
15	 24	  37
0.9685761962156788	 -0.12076612566938512	 0.2174297473097311	 -0.2270744082879621	 
0.12164189720253549	 0.9925295118726919	 0.009403026466236513	 -0.24175675495962257	 
-0.21694100803982447	 0.01734101936344087	 0.9760306798856794	 0.5621288499936018	 
0.0	 0.0	 0.0	 1.0	 
15	 49	  37
0.45575190070253024	 -0.27693001436234216	 0.8459314228418895	 -2.0438740554026174	 
0.40593480547504335	 0.9104506272515712	 0.07935104940174828	 -0.4438407827775101	 
-0.7921534817887057	 0.3072286159889619	 0.5273551353760934	 1.2442031773954596	 
0.0	 0.0	 0.0	 1.0	 
15	 50	  37
0.6829046138629823	 -0.17157660064017946	 0.710072361437488	 -2.1746895892604923	 
0.36339325030629027	 0.9230131721100551	 -0.12645959727582645	 -0.7461157624868792	 
-0.6337086349391811	 0.34439534582234804	 0.6926797324734029	 1.4269433445233088	 
0.0	 0.0	 0.0	 1.0	 
15	 51	  37
0.5614904971431215	 -0.1199748013312838	 0.8187395609493225	 -2.1984749185660983	 
0.36083559649417907	 0.9259062909559037	 -0.11178198723842525	 -0.30454273232222057	 
-0.7446650884261058	 0.3581949014346804	 0.5631787626194183	 1.2955495549945264	 
0.0	 0.0	 0.0	 1.0	 
16	 17	  37
0.9290213073519769	 0.11053423093643293	 -0.3531311290120352	 -0.18172988807270524	 
-0.12250062134915064	 0.9924001403797633	 -0.011642986871859858	 0.22866038345237955	 
0.3491604334043242	 0.05407536560687859	 0.9355013878019569	 -0.2607051681554575	 
0.0	 0.0	 0.0	 1.0	 
16	 22	  37
0.9666773865496853	 0.12191734425437087	 -0.22510218013922595	 -0.2258639826851932	 
-0.07632255858408037	 0.9765794891740126	 0.20116502771556657	 0.09569269016413932	 
0.24435567802826014	 -0.17728130892619845	 0.9533423520020307	 -0.15622359813922798	 
0.0	 0.0	 0.0	 1.0	 
16	 23	  37
0.998193645099603	 -0.05850278838374692	 0.013670063426855887	 0.028556280759246645	 
0.0589715010546575	 0.9975790790792683	 -0.036855705755272444	 -0.1596433116317477	 
-0.011480807729783705	 0.0375952754303679	 0.9992270944681124	 0.5468723753285178	 
0.0	 0.0	 0.0	 1.0	 
16	 24	  37
0.8982471709763515	 -0.10567438856107586	 0.42659693322294556	 -0.10885287025844168	 
0.1645697299775776	 0.9809168642502546	 -0.10353216603815968	 -0.25641644186644735	 
-0.40751542769334137	 0.1632024173585939	 0.8984966038668278	 0.9762813518707457	 
0.0	 0.0	 0.0	 1.0	 
16	 48	  37
0.15989981345695467	 -0.4648154989403005	 0.8708493564338851	 -1.3119976140049678	 
0.5008627281285131	 0.7984089009634522	 0.3341852097774477	 -0.3830146377782893	 
-0.8506283425962805	 0.3827398317489482	 0.3604741932020829	 0.7334177677962356	 
0.0	 0.0	 0.0	 1.0	 
16	 49	  37
0.00815071161582526	 -0.26478439291053474	 0.9642731932243868	 -1.9219787436319993	 
0.495649892757392	 0.8385814144391673	 0.2260805059415593	 -0.971218403749723	 
-0.8684841677945206	 0.47609918780460553	 0.13807539122542162	 2.407053587255824	 
0.0	 0.0	 0.0	 1.0	 
16	 51	  37
0.36127857357362636	 -0.15366549397924592	 0.9197090345520803	 -1.8000057560646738	 
0.4113511653256811	 0.911429455141623	 -0.009304143455876898	 -0.7454222558871606	 
-0.8368201784504299	 0.38168477079961904	 0.39249041348526253	 1.9564421577980928	 
0.0	 0.0	 0.0	 1.0	 
17	 21	  37
0.9445251705556431	 0.16524304356601727	 -0.28384315869837734	 -0.2746137877847079	 
-0.15651942173634675	 0.9862350694703591	 0.053310959155830284	 0.02586814332320356	 
0.2887453424839137	 -0.00592657572585741	 0.9573875928243551	 -0.07944249639980026	 
0.0	 0.0	 0.0	 1.0	 
17	 22	  37
0.9928419747426521	 -0.04824453482330971	 0.10925785119977995	 0.007631704730141882	 
0.025881745443873228	 0.9799563175553804	 0.1975240515382278	 -0.040181893559263014	 
-0.11659737750862709	 -0.19328238549588672	 0.9741904182525764	 0.11152117318015574	 
0.0	 0.0	 0.0	 1.0	 
18	 19	  37
0.7733788234245954	 0.21092773645633509	 -0.5978249622354315	 -0.26116329425961027	 
-0.23624269732759023	 0.9709903939375027	 0.03697354243885389	 -0.2307780310283432	 
0.5882810412020538	 0.11263722685906315	 0.8007735458216182	 0.05505566972302794	 
0.0	 0.0	 0.0	 1.0	 
18	 20	  37
0.9898867691215439	 0.030544602475241208	 -0.1385323484885008	 -0.13771984749990301	 
-0.05586378359565076	 0.9815705519353719	 -0.18275253556562868	 -0.10139309619245586	 
0.13039717021656677	 0.18864325811678911	 0.9733500393828486	 0.09755885002728831	 
0.0	 0.0	 0.0	 1.0	 
18	 36	  37
0.514593734656423	 0.25856871937521925	 -0.8175178931454743	 1.2010225453054062	 
-0.205569792832393	 0.962844022247522	 0.17513551637821004	 -0.403815633170217	 
0.8324267826825388	 0.07793334448664571	 0.5486274193748647	 1.4289730025833822	 
0.0	 0.0	 0.0	 1.0	 
18	 45	  37
-0.2797432084982258	 0.47912928596912935	 -0.8319728749339309	 1.4714266283413675	 
0.230475617923895	 0.8747446686791762	 0.4262660602956289	 -0.5734713064951094	 
0.9320003899364614	 -0.07250442706531972	 -0.3551314984822002	 3.05123049688843	 
0.0	 0.0	 0.0	 1.0	 
19	 20	  37
0.8748670225366812	 -0.11693672160499524	 0.47003563271104915	 0.24846463505042388	 
