0	 1	  37
0.993870121369821	 -0.01534807889651377	 0.10948341574193778	 -0.005554355249269794	 
0.025531008616986043	 0.9954110385607927	 -0.09222272990061964	 -0.09683370909530137	 
-0.10756555883429873	 0.09445263779010964	 0.9897011416418363	 -0.022172438539779158	 
0.0	 0.0	 0.0	 1.0	 
0	 2	  37
0.9533366323433111	 -0.1620763656144875	 0.25471654273233474	 0.1823761286396482	 
0.15654645665551373	 0.9867782078529151	 0.04197589088027097	 -0.05686330087473255	 
-0.2581520333852083	 -0.00014218223511836876	 0.9661042942888174	 -0.18946510033612318	 
0.0	 0.0	 0.0	 1.0	 
1	 2	  37
0.9729655405088689	 -0.11510757948386528	 0.2002206336211398	 0.08050134868336827	 
0.08679929835296822	 0.9856391685925135	 0.14484927042167378	 -0.018669155074366308	 
-0.21401854776564916	 -0.12355433817403733	 0.9689842035506346	 -0.14969899297169942	 
0.0	 0.0	 0.0	 1.0	 
1	 34	  37
-0.05822929654701674	 0.2792633297163106	 -0.9584473599000619	 1.8886888224275855	 
-0.29939647040266504	 0.9109979331139845	 0.2836274305712941	 -0.5071827566460835	 
0.9523503045277325	 0.3034711823844355	 0.03056368642894623	 2.10500586925499	 
0.0	 0.0	 0.0	 1.0	 
1	 37	  37
0.16297396521704147	 -0.6658975368475225	 0.7280246953791031	 -1.5967583926782463	 
0.17284834893734832	 0.7457482122599955	 0.6434151476151716	 -0.8835292627111468	 
-0.9713716770274224	 0.020977948694341424	 0.23663683301107258	 2.0110284922950843	 
0.0	 0.0	 0.0	 1.0	 
1	 38	  37
0.45826240521172834	 0.688687573124516	 0.5618763160993925	 0.02189195036235252	 
0.13358378841942178	 0.5716154028756641	 -0.8095747048091396	 2.681273486349472	 
-0.8787211955114519	 0.4460552183521171	 0.1699523543225225	 1.278313753256941	 
0.0	 0.0	 0.0	 1.0	 
1	 50	  37
0.5723584383029089	 -0.685782362177918	 -0.44956464477217345	 1.8928806442756827	 
-0.171843842395964	 -0.6363861696689209	 0.7519855961949748	 -1.545149083869332	 
-0.8017951807874921	 -0.35315038550141015	 -0.48208847039330743	 4.205061591544347	 
0.0	 0.0	 0.0	 1.0	 
2	 34	  37
0.39297734250944333	 0.4723382524643362	 -0.7889647543034811	 1.1081198553051226	 
-0.4560623402276937	 0.8451457068693222	 0.2788115420609284	 -0.7751810105673755	 
0.7984835315147424	 0.2502504933447494	 0.5475388027167152	 1.021153835039558	 
0.0	 0.0	 0.0	 1.0	 
2	 36	  37
0.05436848605815398	 -0.6305906959771306	 0.774208913582647	 -1.7714916957736344	 
0.4979982002739523	 0.6891668024048612	 0.526352458897043	 -0.6347934281176044	 
-0.8654720447522544	 0.3569376592769907	 0.35150198739440114	 0.8280610762283322	 
0.0	 0.0	 0.0	 1.0	 
2	 37	  37
0.2425725310153946	 -0.6469974961993926	 0.7228781412579182	 -2.0561502246390155	 
0.324518406467685	 0.7563229815893052	 0.5680346392461804	 -1.0473987013592547	 
-0.9142463404687272	 0.09679766232497893	 0.3934257763644357	 1.8432811066441104	 
0.0	 0.0	 0.0	 1.0	 
2	 38	  37
-0.2467874929913814	 -0.17791011227143913	 0.9525985120997152	 -2.3638247807293022	 
0.35842041407721814	 0.896538430092889	 0.2602953133256414	 -0.31599121657784895	 
-0.9003503429641959	 0.40566838096916286	 -0.15748785542419955	 2.512000950593752	 
0.0	 0.0	 0.0	 1.0	 
3	 4	  37
0.7253242443764817	 0.2645565765571587	 -0.6355427273756201	 0.007786496853911005	 
-0.1961879380735132	 0.9643615294035931	 0.17753065527064946	 -0.10264384608060809	 
0.6598598589656364	 -0.004081471146405526	 0.751377606878946	 0.10485932716028355	 
0.0	 0.0	 0.0	 1.0	 
3	 6	  37
0.649062936077073	 0.1464317928584123	 -0.7465085632806091	 0.31520751368976035	 
-0.14320750818274317	 0.9872742874326504	 0.06914543350388697	 -0.022045886187217346	 
0.7471337996711814	 0.06202589309814059	 0.6617732798884217	 0.29680192085014506	 
0.0	 0.0	 0.0	 1.0	 
3	 31	  37
-0.5043511488100423	 -0.5986422003548324	 0.6223001162207145	 -2.2278110261328443	 
-0.6841847598523625	 0.716712786472586	 0.13495923863324916	 -0.3297877095882034	 
-0.5268027458923839	 -0.35770140852535903	 -0.7710567873115562	 4.567341164580256	 
0.0	 0.0	 0.0	 1.0	 
3	 47	  37
-0.903727584480695	 0.0785177429466762	 -0.42084607291888665	 0.02067557103134595	 
-0.10702324904013978	 0.910387975417994	 0.3996745655895788	 -0.5098417342699337	 
0.4145147490905255	 0.4062372438082035	 -0.8143395020073222	 4.395181236448777	 
0.0	 0.0	 0.0	 1.0	 
4	 6	  37
0.9929879567013579	 0.045011796695248144	 -0.10931082290572847	 0.2654324604380598	 
-0.04953187065183199	 0.9980111204221633	 -0.038992272355275394	 -0.04229722218521716	 
0.10733830460647366	 0.04413322639421965	 0.9932425417249527	 -0.025866207138347988	 
0.0	 0.0	 0.0	 1.0	 
4	 7	  37
0.994824160926266	 -0.08135400346201895	 0.06088033309741482	 0.34616833900522626	 
0.09202019079157744	 0.9754194533074046	 -0.20022281237702427	 0.5518285235557074	 
-0.04309493385575731	 0.20478871118834913	 0.9778570501079298	 0.5517939053856382	 
0.0	 0.0	 0.0	 1.0	 
6	 7	  37
0.9775202713029761	 -0.11565343175153425	 0.1762906773367457	 0.09861403598862248	 
0.1043679187179434	 0.9919270080083772	 0.07202880205885	 -0.09457337435942026	 
-0.18319786225346643	 -0.0520105230471829	 0.981699265945594	 0.5931199396676886	 
0.0	 0.0	 0.0	 1.0	 
8	 9	  37
0.9507425280610635	 0.11211734857327031	 -0.2889954073769303	 0.41094128510365074	 
-0.08319929182498981	 0.9903859363193246	 0.11051504413750506	 -0.12881046022222586	 
0.2986076408531414	 -0.08102713921763682	 0.9509301128549493	 0.5943798977933634	 
0.0	 0.0	 0.0	 1.0	 
8	 10	  37
0.6899935988106167	 0.4471313619491774	 -0.5691944999399128	 0.3921654761053082	 
-0.20904345753596545	 0.8759715972678168	 0.4347120813152986	 -0.47332890336435024	 
0.6929716202426925	 -0.1809621671553019	 0.6978846807293262	 0.6941922795934229	 
0.0	 0.0	 0.0	 1.0	 
8	 24	  37
-0.20375333571507756	 0.14046348640782813	 0.9688934859782764	 -2.3834227495983655	 
0.6278526124337659	 0.7780946280793111	 0.0192314017745399	 0.573588115045975	 
-0.7511895068789726	 0.6122407686035592	 -0.2467297428658521	 2.0357450575939535	 
0.0	 0.0	 0.0	 1.0	 
8	 26	  37
0.47918166012041247	 -0.005384811196457968	 0.8776992311792379	 -1.394278897838341	 
0.22956358660026882	 0.9659415730012978	 -0.11940451103287941	 0.2359188519763181	 
-0.8471632052393845	 0.2587042352884051	 0.4640976431015082	 1.1253966319106476	 
0.0	 0.0	 0.0	 1.0	 
8	 28	  37
0.6457943765853142	 0.40876978118764506	 -0.6448696683505826	 0.5560052855127087	 
-0.4576699175092005	 0.883300482474417	 0.10158003872604233	 0.46117114555043603	 
0.6111365393902638	 0.22953763013559975	 0.7575121164534763	 -0.4181351847211586	 
0.0	 0.0	 0.0	 1.0	 
8	 29	  37
-0.520262898637658	 -0.5533242576758188	 0.6505065581288524	 -1.7515227882346107	 
-0.06458140359019204	 0.7850217566700178	 0.616092593580737	 -0.818273389936885	 
-0.8515607779903104	 0.27851949199692033	 -0.44415215181997464	 3.132959554586902	 
0.0	 0.0	 0.0	 1.0	 
9	 10	  37
0.8790436335620445	 0.17045234546798885	 -0.44522835513756126	 0.17954238530203392	 
-0.16866034151052373	 0.9846923471621566	 0.043984891063131554	 -0.05382686846215965	 
0.445910281890417	 0.03642772796570384	 0.8943360895880613	 -0.025787979466837155	 
0.0	 0.0	 0.0	 1.0	 
9	 29	  37
-0.9244615645429681	 0.25298399169131364	 -0.28525412465150823	 0.7943192023416905	 
0.0663607141282156	 0.8435005627476587	 0.5330131858263709	 -0.5730537177615709	 
0.37545581804409706	 0.4738205362711852	 -0.7965720482822162	 3.495774534544323	 
0.0	 0.0	 0.0	 1.0	 
10	 11	  37
0.9021319887570758	 0.1171911589916764	 -0.4152398187979941	 0.16215905555841023	 
-0.13913229499237914	 0.9900097490090686	 -0.02286703647512963	 -0.08416424146140197	 
0.4084116542795476	 0.07840235405387358	 0.909424538665773	 0.6383764465544328	 
0.0	 0.0	 0.0	 1.0	 
11	 12	  37
0.9954054605364542	 0.03376172329399914	 -0.08959974985696015	 0.16708284217335687	 
-0.01917654756393677	 0.9871073425481711	 0.158906747216776	 -0.2680213849489022	 
0.0938095366033671	 -0.15645843003081578	 0.9832194722006646	 0.8672456267617751	 
0.0	 0.0	 0.0	 1.0	 
11	 15	  37
0.29689761859385305	 0.4304007658932042	 -0.8524124499277582	 1.4136042213773339	 
-0.33797629013442293	 0.8822442854595611	 0.3277454013116294	 -0.7594392530329152	 
0.8930978845458498	 0.19078836833646884	 0.40740148149857847	 2.3121370608069443	 
0.0	 0.0	 0.0	 1.0	 
11	 17	  37
0.36432810048072345	 0.6047880641017542	 -0.7081641283771444	 1.0581252902651206	 
-0.26188254417744616	 0.7962768088010382	 0.545307965117678	 -1.1061030184032317	 
0.8936904208143084	 -0.013215191473721717	 0.4484894541224543	 2.155487555221498	 
0.0	 0.0	 0.0	 1.0	 
12	 13	  37
0.9734153077569264	 0.13043093783063833	 -0.18828279018834945	 0.576390009488537	 
-0.11202813960384657	 0.9881079857559728	 0.10532000960015084	 -0.21702357825921462	 
0.1997807161900033	 -0.08142713885367153	 0.9764513743636779	 0.42407464861435007	 
0.0	 0.0	 0.0	 1.0	 
12	 14	  37
0.8315777993527275	 0.26670435452402613	 -0.4871828721348862	 1.0404634783236948	 
-0.2722819310120512	 0.9602858407481923	 0.060939757981835915	 -0.4603335482425012	 
0.48408771278356455	 0.08197494334526118	 0.8711711628580905	 0.7802823709396769	 
0.0	 0.0	 0.0	 1.0	 
12	 15	  37
0.3965941564330762	 0.4372182644539397	 -0.8071884936686241	 1.372740596454364	 
-0.40870686988089816	 0.871437737964677	 0.2712101830005	 -0.7247285513503489	 
0.8219925605474152	 0.2223431089080368	 0.524301222891777	 1.1978029685214986	 
0.0	 0.0	 0.0	 1.0	 
12	 16	  37
0.6741969810291445	 0.34777527181833257	 -0.6515449263733639	 1.0798153281068061	 
-0.3035176975052647	 0.9347218883891771	 0.18485669765327253	 -0.9741100320928199	 
0.6733018922239045	 0.07312558839322673	 0.7357426250054117	 1.1169410300041045	 
0.0	 0.0	 0.0	 1.0	 
12	 17	  37
0.503666820705842	 0.5293739940490176	 -0.6827026498737644	 1.077372778489048	 
-0.3661428014678158	 0.8465785210516886	 0.386321442101309	 -0.9174218678382365	 
0.7824699244401464	 0.05538936828061911	 0.6202199893812718	 1.034764022625336	 
0.0	 0.0	 0.0	 1.0	 
12	 18	  37
0.6357882979556729	 0.571668682898084	 -0.5186214006153219	 0.9352687990491164	 
-0.3662976341238257	 0.8148934454075893	 0.44919340585880824	 -1.0711242636206892	 
0.6794109827033391	 -0.09562211891250634	 0.7275006027191767	 1.2791095859011616	 
0.0	 0.0	 0.0	 1.0	 
12	 21	  37
0.27939545254296017	 0.6377297870989609	 -0.7178014347610544	 0.6020285947213666	 
-0.4433176788014556	 0.7488002069858208	 0.49271460875448103	 -1.0628401608885276	 
0.8517086454653396	 0.18055184481113964	 0.49192826161432396	 1.7054559422948536	 
0.0	 0.0	 0.0	 1.0	 
13	 14	  37
0.9319172939299996	 0.17248395436889424	 -0.31902890583684956	 0.5721887202369418	 
-0.1952428613880681	 0.9799171136217983	 -0.04052993348286205	 -0.28358150826546646	 
0.3056311213721332	 0.10005866237560283	 0.9468779655966331	 0.24539093505842768	 
0.0	 0.0	 0.0	 1.0	 
13	 15	  37
0.6298750605681863	 0.32438724655653256	 -0.7057126343956831	 0.9432813292164783	 
-0.3956781347969029	 0.9158805568633761	 0.06783523570590755	 -0.3803033052386645	 
0.6683533659059905	 0.2365073356813766	 0.7052432618969354	 0.5575848346805199	 
0.0	 0.0	 0.0	 1.0	 
13	 16	  37
0.8267297471515237	 0.2373714479625584	 -0.5100712899849735	 0.7232066199565098	 
-0.25428593384620307	 0.9663985873190676	 0.03758236655233481	 -0.7438501362275891	 
0.5018531548398805	 0.09863349390479913	 0.8593106800554674	 0.5167821948257111	 
0.0	 0.0	 0.0	 1.0	 
13	 17	  37
0.6983714026249135	 0.43110584389004014	 -0.5713362716995722	 0.671114238297999	 
-0.3512067681892584	 0.9019501479074048	 0.25127621588178006	 -0.6892728440138768	 
0.6236434798615051	 0.025173042201267513	 0.7813034800719665	 0.4000811286067571	 
0.0	 0.0	 0.0	 1.0	 
13	 18	  37
0.828340692174881	 0.3794028484685314	 -0.4121955558484396	 0.6052962893194475	 
-0.29202094537773177	 0.9203191829651792	 0.26026211581211844	 -0.7759362474048483	 
0.47809566526787856	 -0.09521596525934828	 0.8731314075279821	 0.64688993060592	 
0.0	 0.0	 0.0	 1.0	 
14	 15	  37
0.8488746409130533	 0.23513671405185388	 -0.4734158528393748	 0.5196146081500973	 
-0.24811509636204968	 0.9680640945291469	 0.03592781430472055	 -0.04402469787463133	 
0.4667448371133702	 0.08696340947985318	 0.8801060290894808	 0.19106191942565542	 
0.0	 0.0	 0.0	 1.0	 
14	 16	  37
0.96887465895466	 0.07549719437657297	 -0.23575849693437623	 0.3399526961045576	 
-0.06237220114617841	 0.9960845516649072	 0.0626520108113147	 -0.4598623890573736	 
0.23956544775837524	 -0.04599716921492435	 0.969790006477971	 0.23060869355998695	 
0.0	 0.0	 0.0	 1.0	 
14	 17	  37
0.8895637863397627	 0.2614471494129521	 -0.374595325780644	 0.28434131447547134	 
-0.1466531871982964	 0.940064019670053	 0.30785139532956973	 -0.5348508527125413	 
0.4326304574546809	 -0.21891785442403588	 0.8745889664847879	 0.18323438745324677	 
0.0	 0.0	 0.0	 1.0	 
14	 18	  37
0.9631686881666611	 0.19233720198927937	 -0.1879161484978017	 0.29174874628995556	 
-0.13030221915213105	 0.9451504296178634	 0.2995196105052182	 -0.4917622586265304	 
0.23521779231032383	 -0.2640020191667154	 0.9354012636599092	 0.4058866632612241	 
0.0	 0.0	 0.0	 1.0	 
14	 20	  37
0.9870865182488683	 0.11647565583751003	 -0.1099710284054358	 0.34288636136110634	 
-0.10331196289502914	 0.9875475840578029	 0.11864403712101929	 -0.8133165293226349	 
0.12242076545302087	 -0.1057506067066259	 0.9868282349867568	 0.9178800890426003	 
0.0	 0.0	 0.0	 1.0	 
14	 21	  37
0.6835824061874489	 0.5326171349338574	 -0.49903314672056237	 0.18551382299356384	 
-0.4300698418358431	 0.8463562851481107	 0.31419893337435456	 -0.6413783223481607	 
0.5897075759173106	 -0.00016175641661647557	 0.8076168328734806	 0.9887838391702173	 
0.0	 0.0	 0.0	 1.0	 
15	 16	  37
0.9511375196037368	 -0.20943936065047886	 0.22687567743671833	 -0.0043371356058295035	 
0.19415369841140628	 0.9770183527094158	 0.08797431364979244	 -0.4289881694259363	 
-0.24008698464353234	 -0.03962691861977258	 0.9699422390665737	 0.09629095400496424	 
0.0	 0.0	 0.0	 1.0	 
15	 17	  37
0.9963789530026049	 -0.07952153925565206	 0.030088316799773373	 -0.09797410029672161	 
0.0707851585489283	 0.9718840700997706	 0.22456806454949516	 -0.4035615765692287	 
-0.04710035395445359	 -0.22162508675850523	 0.9739937769701861	 0.07401331300491953	 
0.0	 0.0	 0.0	 1.0	 
15	 18	  37
0.962788123720784	 -0.1729174059789567	 0.20769833781646183	 0.014442260834901773	 
0.10113077500572973	 0.9431997842872881	 0.31645968663820945	 -0.45393521178115004	 
-0.25062241553570797	 -0.28367893406088823	 0.9255888218864384	 0.2921138163270006	 
0.0	 0.0	 0.0	 1.0	 
15	 21	  37
0.9582678611254363	 0.2348064344111458	 -0.16306024866044186	 0.3112086320980182	 
-0.18291883788507624	 0.9419744465191608	 0.28146907619078426	 -0.6179961256435957	 
0.2196893376585541	 -0.23989597842407576	 0.9456143582111588	 0.8304020096368697	 
0.0	 0.0	 0.0	 1.0	 
16	 17	  37
0.9804451903342802	 0.13638836804962698	 -0.14186416676221156	 -0.12870474598565615	 
-0.11133259316923977	 0.9788502746870356	 0.17163098042989708	 0.057302512185827395	 
0.16227224793102893	 -0.15248066371141936	 0.9748935145673788	 -0.05259713710857437	 
0.0	 0.0	 0.0	 1.0	 
16	 18	  37
0.9973365298986024	 0.05851100642938788	 0.04354662164203921	 -0.05820420514340323	 
-0.06739373787842598	 0.9675747710114867	 0.24342790841816567	 -0.04546030494804377	 
-0.027891400549072225	 -0.245714315066683	 0.9689409399683359	 0.18847861397154966	 
0.0	 0.0	 0.0	 1.0	 
16	 19	  37
0.955399111947284	 -0.10358871158233879	 0.27655363986585213	 0.27578753558857205	 
0.04819490882591601	 0.9785982996759249	 0.20005653859509195	 -0.4394183546268414	 
-0.29135852081859903	 -0.17780536185418847	 0.9399443949736058	 0.7660862331263509	 
0.0	 0.0	 0.0	 1.0	 
16	 20	  37
0.9947723307735715	 0.031238859150952158	 0.09722213537185956	 0.20811962957980343	 
-0.035900199286972856	 0.9982696678820918	 0.04657086941140645	 -0.358042574321244	 
-0.09559908795837341	 -0.04981770634549123	 0.9941725255286435	 0.6345965193852099	 
0.0	 0.0	 0.0	 1.0	 
16	 21	  37
0.8328547251060309	 0.4311864471391796	 -0.34703206576921536	 0.1229575554078645	 
-0.3626853441900439	 0.8987738235504513	 0.24630256841992448	 -0.24121404089940224	 
0.4181056660442513	 -0.07927081369579578	 0.9049330307363632	 0.7718415980925	 
0.0	 0.0	 0.0	 1.0	 
17	 18	  37
0.9767302511493242	 -0.11069027833877222	 0.18369996943674988	 0.09921184539494952	 
0.09919348358433341	 0.9925559038688105	 0.07066420953759327	 -0.0788526052247473	 
-0.19015433022727166	 -0.05079803122615512	 0.9804391315728704	 0.20535831067581495	 
0.0	 0.0	 0.0	 1.0	 
17	 21	  37
0.9398572891943767	 0.2867824732146168	 -0.18553729815081438	 0.35669865277592705	 
-0.2784787789889341	 0.9578924676718362	 0.06993990299101155	 -0.3971368939834758	 
0.19778231872700183	 -0.014065327385705335	 0.9801450509819979	 0.7109003887194018	 
0.0	 0.0	 0.0	 1.0	 
17	 22	  37
0.5531561419636298	 0.671679955273817	 -0.49281266247051325	 0.374317076210934	 
-0.5990692311500533	 0.7317871341661388	 0.32496714689056416	 -0.3142532720186463	 
0.5789078846389955	 0.11547132956830863	 0.80717534225875	 0.8021511250740447	 
0.0	 0.0	 0.0	 1.0	 
18	 19	  37
0.9517246661612403	 -0.22179757610325967	 0.2121932964421695	 0.37787533744964596	 
0.22836211517349608	 0.9735537169704898	 -0.006626049081527478	 -0.5140757931635248	 
-0.20511193084207113	 0.05476308435125511	 0.977205249893069	 0.46703117657947746	 
0.0	 0.0	 0.0	 1.0	 
18	 20	  37
0.9950148789620675	 -0.0372269994143174	 0.09251778833665836	 0.23816949191684753	 
0.052417412239590455	 0.9844574102721522	 -0.16761868110193884	 -0.4338372127631412	 
-0.08483988176680303	 0.17163262473916557	 0.9815011138999996	 0.37501030471835145	 
0.0	 0.0	 0.0	 1.0	 
18	 21	  37
0.867174037331233	 0.3454973842626441	 -0.3586652289340572	 0.09525292347803059	 
-0.3416747911236649	 0.9367210995052345	 0.07623594199787757	 -0.4355401167990945	 
0.3623086061484722	 0.05643703756731642	 0.930347964313018	 0.5391039428484127	 
0.0	 0.0	 0.0	 1.0	 
19	 20	  37
0.9758612795964507	 0.08010380343514326	 -0.20317023320260683	 -0.0018800580850052869	 
-0.1098125483140186	 0.9841229672946384	 -0.1394388377604211	 0.10547292335808216	 
0.1887749115141073	 0.1583836036918577	 0.9691639009292605	 -0.12176498249407096	 
0.0	 0.0	 0.0	 1.0	 
20	 21	  37
0.8259900797624025	 0.3584292763965801	 -0.43505039013420543	 -0.1280191873605058	 
-0.2747418835904064	 0.9299102562897357	 0.24450728547091197	 0.04675088639624494	 
0.4921963891936791	 -0.08243402858639422	 0.8665721812957777	 0.1575930945341763	 
0.0	 0.0	 0.0	 1.0	 
21	 22	  37
0.8283278667630106	 0.4314584231103305	 -0.35737455739180246	 -0.029127096690001044	 
-0.43589780872498896	 0.8970562050132769	 0.07268607429164646	 0.22824869814926343	 
0.351946083218144	 0.0955708855997721	 0.9311284338549025	 0.08981453259095454	 
0.0	 0.0	 0.0	 1.0	 
22	 23	  37
0.9680078691052686	 -0.07328952183570293	 -0.2399779392764511	 -0.04577548634356611	 
-0.05474214432454239	 0.8716709675820093	 -0.4870246625268538	 -0.012039519754160339	 
0.24487560716622853	 0.4845806127609097	 0.8397723303081818	 -0.09255254474545391	 
0.0	 0.0	 0.0	 1.0	 
23	 31	  37
0.9888829448037311	 0.10422858802453498	 -0.10605151066681097	 -0.850284760694846	 
-0.08133552617747682	 0.9762068299207433	 0.20100934654270436	 -0.42292527285030374	 
0.12447912940623407	 -0.19014895912022206	 0.9738317717592511	 0.7525222518853715	 
0.0	 0.0	 0.0	 1.0	 
23	 32	  37
0.9605583564854935	 -0.11700469430596366	 0.2522648316675466	 -0.8057310535165123	 
0.04353493173835917	 0.9592597514425786	 0.2791512833229635	 -0.5014458291061252	 
-0.2746495102934356	 -0.2571587656928865	 0.9265187616680448	 0.6705511306078833	 
0.0	 0.0	 0.0	 1.0	 
23	 42	  37
0.08273392607914179	 -0.41568567084305985	 0.9057375561007099	 -2.7685136356739335	 
0.3380273138991745	 0.8666799216661816	 0.3668834262252929	 -0.8444597048848922	 
-0.937492737323143	 0.2758103269213403	 0.21221694331486224	 2.5788341451657084	 
0.0	 0.0	 0.0	 1.0	 
24	 25	  37
0.8340776418754955	 0.06945614444148816	 -0.5472570980103738	 0.02617165829952607	 
-0.13935180697989186	 0.9863963877441548	 -0.08719656034914072	 0.16281751552190862	 
0.5337560877543708	 0.14898996692598293	 0.8324100122779294	 0.0775513797944349	 
0.0	 0.0	 0.0	 1.0	 
24	 26	  37
0.7925861785842263	 0.24482072398374338	 -0.558453187496794	 0.016932991838020984	 
-0.1963202260778885	 0.9695471825506584	 0.1464125323898442	 -0.09436832567476384	 
0.5772915367039264	 -0.006408893520417612	 0.81651295625597	 0.13157970010832826	 
0.0	 0.0	 0.0	 1.0	 
24	 28	  37
0.5913931838622354	 0.22188659731311938	 -0.775255080611597	 0.12962842958912968	 
-0.1606681541906935	 0.9745443706822887	 0.1563618041607868	 -0.16649827878945958	 
0.7902150633278531	 0.03208749763173151	 0.61198900822277	 0.16756205616127887	 
0.0	 0.0	 0.0	 1.0	 
24	 29	  37
0.9557352043557443	 0.12932766930226086	 -0.2642812386604995	 0.08727062141786496	 
-0.08066703984816372	 0.9789759254605572	 0.18734718052530422	 0.14202065984182108	 
0.282954144407212	 -0.15773551065467592	 0.9460742364324756	 0.0527855921841259	 
0.0	 0.0	 0.0	 1.0	 
24	 30	  37
0.9973397552683745	 0.03218143694588777	 -0.06540464568604953	 -0.16292618498297	 
-0.03638388379841747	 0.9972792386181726	 -0.06411188049731174	 -0.18695201810375528	 
0.06316348281216826	 0.06632100223350178	 0.9957971174399834	 0.43038055148705556	 
0.0	 0.0	 0.0	 1.0	 
24	 31	  37
0.9338880955595286	 -0.11409297575558591	 0.33887433932865096	 -0.31086296624436793	 
0.035440602251512354	 0.9725955514797816	 0.22978654650302802	 -0.34556481471790523	 
-0.35580470582082635	 -0.20258500962552334	 0.912338931094569	 0.9445925655171535	 
0.0	 0.0	 0.0	 1.0	 
25	 26	  37
0.9978615310517133	 0.024202955802132158	 -0.06071722801290442	 0.06613195218674013	 
-0.018692393302103795	 0.9957899835059815	 0.08973796956582611	 0.07371597256844317	 
0.06263353159267422	 -0.08841111739819636	 0.9941129287161653	 0.016283742398399463	 
0.0	 0.0	 0.0	 1.0	 
25	 27	  37
0.9228172143685677	 0.20673101540744346	 -0.32507026337954015	 0.2637884989840265	 
-0.21117401938089983	 0.9772014696621767	 0.02197319340918061	 -0.016452729255867635	 
0.32220167970318164	 0.048369152966423426	 0.9454345575648047	 0.2952009710465251	 
0.0	 0.0	 0.0	 1.0	 
25	 28	  37
0.9701916479268343	 0.06883179396096076	 -0.23235823728271257	 -0.0709535870758103	 
-0.052312814556666164	 0.9956941317977198	 0.07652819961781546	 -0.017041604727648763	 
0.23662530660555584	 -0.062091706722398034	 0.9696149154329908	 0.005224796639525222	 
0.0	 0.0	 0.0	 1.0	 
25	 29	  37
0.9984906320533962	 -0.006946795224671814	 0.054481187007221155	 0.5499208648469621	 
-0.008309584730132179	 0.9614416257704199	 0.27488352267377597	 0.05309225071438093	 
-0.05429004055277623	 -0.27492133833523735	 0.9599327316144293	 -0.16430141707317492	 
0.0	 0.0	 0.0	 1.0	 
26	 27	  37
0.9170174801280055	 0.015012197109747952	 -0.39856439263639976	 0.06551420212500147	 
-0.061730338585154046	 0.9925922093270294	 -0.10464258827766686	 0.007175911388758062	 
0.39404099588475067	 0.12056259752188926	 0.9111511146022541	 0.05036494879043127	 
0.0	 0.0	 0.0	 1.0	 
26	 28	  37
0.9747135561142211	 0.016094893528614217	 -0.22287762994403676	 -0.01348245468213268	 
-0.03094458717952291	 0.9975149511427321	 -0.06329577214159296	 0.00907181423835335	 
0.22130502943100355	 0.06859210340129637	 0.972789395141378	 -0.017059443014872902	 
0.0	 0.0	 0.0	 1.0	 
26	 29	  37
0.9252462306563886	 -0.2416585767047522	 0.29243895937644643	 -0.026186601357273298	 
0.19864727565101148	 0.9653509669362099	 0.1692240246293526	 0.10483303352496605	 
-0.32320066914005097	 -0.09848168835046443	 0.9411921613183286	 -0.07561259357681598	 
0.0	 0.0	 0.0	 1.0	 
27	 28	  37
0.9818967724213443	 -0.10699768884445056	 0.15630170469477653	 -0.04385024435247587	 
0.10175916793435352	 0.9939570129076595	 0.04116464785457344	 0.012212315402316726	 
-0.15976169769333	 -0.024514303449805416	 0.986851178687301	 -0.0336036372358552	 
0.0	 0.0	 0.0	 1.0	 
28	 29	  37
0.8623530862253265	 -0.25393370074580573	 0.4380237782394848	 0.07738376564909992	 
0.15176138569932238	 0.9549953797703264	 0.2548574237254045	 0.03446312321552588	 
-0.4830275732173849	 -0.15330199034216133	 0.8620805433768101	 -0.08525002214204552	 
0.0	 0.0	 0.0	 1.0	 
29	 30	  37
0.9711218979023357	 -0.022836563956685485	 0.23748842237300077	 -0.12418499634158513	 
0.09273276526183867	 0.9532713854898414	 -0.2875313893354442	 -0.29897279690561346	 
-0.21982468847119366	 0.3012509866422515	 0.9278604148176669	 0.37383513203599833	 
0.0	 0.0	 0.0	 1.0	 
29	 31	  37
0.7586120147571617	 -0.24436853912598422	 0.6039799898601866	 -0.1377042487152145	 
0.25132876495615913	 0.9650098105913555	 0.0747657499664591	 -0.6061378346252676	 
-0.6011170127119099	 0.09507934869290886	 0.7934848798058103	 0.8993215519524986	 
0.0	 0.0	 0.0	 1.0	 
30	 31	  37
0.9278002203829164	 -0.15187238399519667	 0.34076609285113274	 -0.032516809056730905	 
0.058693314705962674	 0.9614371281095465	 0.26868893446008185	 -0.09982399205861832	 
-0.3684316026974859	 -0.229288961077682	 0.9009354729733305	 0.4572530762001348	 
0.0	 0.0	 0.0	 1.0	 
30	 32	  37
0.6444483089938895	 -0.3600008157610618	 0.6746004667106941	 -0.13420242384353964	 
0.0386040889086245	 0.8964296946694083	 0.4415014460162577	 -0.3159025113049881	 
-0.7636727711228487	 -0.25848252390883497	 0.5916001043604266	 0.5512405962586879	 
0.0	 0.0	 0.0	 1.0	 
31	 32	  37
0.9235318247163534	 -0.2020650644293885	 0.3259734321585574	 0.043687252682287764	 
0.15511030439100426	 0.974123441038364	 0.16439073906795007	 -0.12786527058984481	 
-0.3507559867027399	 -0.10125824093239962	 0.9309763726515637	 -0.09273903624542568	 
0.0	 0.0	 0.0	 1.0	 
31	 33	  37
-0.4975944225427961	 0.35700115765563434	 -0.790537768918626	 0.23624083330253015	 
-0.44810135559297065	 0.6745506504833514	 0.5866741813376737	 -2.665017412924477	 
0.7427011281599376	 0.646166846383366	 -0.17567993870938098	 4.315551835853579	 
0.0	 0.0	 0.0	 1.0	 
31	 47	  37
0.14836577866610798	 -0.14780867477314388	 -0.977824212925107	 2.2885184396468183	 
0.06537300965954201	 -0.9851387278894772	 0.1588334234988154	 -0.2973962811734475	 
-0.9867694590576119	 -0.08748875627249232	 -0.1364981765337527	 2.8677832822434013	 
0.0	 0.0	 0.0	 1.0	 
31	 48	  37
0.7625828974721838	 0.25985086232759197	 0.5924059873351516	 -2.857679588495414	 
0.20621863558507292	 0.7703450489768257	 -0.6033592460999688	 0.845801113429701	 
-0.6131404397202647	 0.5822765965282298	 0.5338658692172984	 1.7251909875004974	 
0.0	 0.0	 0.0	 1.0	 
33	 34	  37
-0.3898802909334032	 -0.42577303676045414	 0.8165235329795867	 -2.4968315295539507	 
0.21700528818842674	 0.8192393071914886	 0.530806614927383	 -1.270907478557232	 
-0.8949313178339122	 0.38414096204413056	 -0.22701025888683266	 2.6208551585297926	 
0.0	 0.0	 0.0	 1.0	 
33	 36	  37
0.9149223841568629	 0.08358206867728721	 -0.3948810818010236	 -0.6216623259587293	 
-0.07942872383005806	 0.9964779217926424	 0.02688548326781626	 -0.2848475614042914	 
0.3957374240572275	 0.00676676994148818	 0.9183387730163136	 0.9378711918466806	 
0.0	 0.0	 0.0	 1.0	 
33	 38	  37
0.9607936161677489	 -0.1692644042770153	 0.21960234191840106	 -1.1040487732501387	 
0.15342721941309184	 0.9842873501086697	 0.08739851691659178	 -0.630286462552102	 
-0.2309452651051027	 -0.050278960418846684	 0.9716667693529165	 1.2044243266662016	 
0.0	 0.0	 0.0	 1.0	 
33	 41	  37
0.4519518711077622	 -0.5111660979546371	 0.7310600019861724	 -1.5284509260940482	 
0.35167991077958843	 0.8552596823539802	 0.38059442467517635	 -0.5516827239635211	 
-0.819793112044894	 0.08508875390789511	 0.5663030614451495	 1.2520238318104955	 
0.0	 0.0	 0.0	 1.0	 
33	 42	  37
0.22397055089967435	 -0.5440245163217428	 0.8086250787420519	 -1.9642687414670421	 
0.5897051930593831	 0.7362299003767523	 0.33198391387239384	 -0.08809718835877574	 
-0.7759413493354332	 0.40249578809241005	 0.48570789880274406	 0.9386185836880524	 
0.0	 0.0	 0.0	 1.0	 
33	 47	  37
0.41381407317528063	 -0.15731225508920202	 0.8966664749174201	 -2.572454275715688	 
0.03366723024787161	 0.9869273226238802	 0.1576102073658151	 -0.3716069890194082	 
-0.909738660522636	 -0.035033045217455656	 0.4137006832158627	 1.0121534789526179	 
0.0	 0.0	 0.0	 1.0	 
33	 48	  37
-0.9501971402378067	 -0.030768047133064653	 -0.31012694491048426	 -0.4247397166675686	 
-0.25316477326045084	 0.656542653086247	 0.7105345468437521	 -1.5098270422922488	 
0.1817498067781025	 0.7536611121413187	 -0.6316343370828035	 3.5955845601906162	 
0.0	 0.0	 0.0	 1.0	 
34	 35	  37
0.9460906689884478	 0.06224836463096138	 -0.3178641017066275	 -0.1575270750382796	 
-0.14187056807597456	 0.9618540907358694	 -0.2339005131428197	 0.04346055078689428	 
0.29117896209511906	 0.26638665363610997	 0.9188323910255691	 0.0031474193890226334	 
0.0	 0.0	 0.0	 1.0	 
34	 36	  37
0.9987166849470246	 -0.049084239168704705	 -0.012478808983844684	 -0.028881773698410045	 
0.049667141916403444	 0.9974252048489032	 0.051731380669569824	 -0.004345167982099695	 
0.009907483145669114	 -0.052284779786793814	 0.9985830679419541	 0.37606457705033536	 
0.0	 0.0	 0.0	 1.0	 
34	 37	  37
0.97071574225839	 -0.2003094012729202	 0.13261633192569883	 -0.1175936627173492	 
0.15656793002130498	 0.9462073924118544	 0.2831572952159317	 -0.4350898151403413	 
-0.1822016218934032	 -0.25410177942478623	 0.9498604395765569	 0.8003266680748868	 
0.0	 0.0	 0.0	 1.0	 
35	 50	  37
0.772132176344254	 -0.20059992240321342	 0.6029689655245207	 -1.5962151792628032	 
0.08845943711582542	 0.9735588565947387	 0.21061358154472362	 0.11452543248711097	 
-0.6292748447530992	 -0.10928322779717471	 0.7694610749629857	 1.1921042765824457	 
0.0	 0.0	 0.0	 1.0	 
36	 37	  37
0.9639752624649613	 -0.19572097394236976	 0.18012493918016667	 -0.17709604734548193	 
0.15498153431348846	 0.9636409648090535	 0.217662157858717	 -0.4137365573316506	 
-0.21617681970425387	 -0.1819048963082806	 0.959259188812715	 0.3704306527573078	 
0.0	 0.0	 0.0	 1.0	 
36	 48	  37
0.25375776427884966	 -0.2321987797176318	 0.9389838783311674	 -2.0567005467694868	 
0.4438881590100798	 0.890457952095639	 0.1002394026333007	 -0.03383110642696764	 
-0.8594011283206697	 0.3913672983876933	 0.3290309079613596	 0.814096461581898	 
0.0	 0.0	 0.0	 1.0	 
36	 49	  37
0.8273800663659477	 -0.1294381130603769	 0.5465235591149291	 -1.9362180540260334	 
0.25106678942155425	 0.955681702695486	 -0.15374638331554305	 0.22242298413325967	 
-0.5024019237919312	 0.26442060816136437	 0.8232096020757657	 0.43723710184396475	 
0.0	 0.0	 0.0	 1.0	 
37	 38	  37
0.9141751961678403	 -0.17804377822389714	 0.3641210289824666	 -0.06991136480226168	 
0.2352084523603863	 0.9646525581855306	 -0.11883781352895831	 -0.023408587610173445	 
-0.3300919487805213	 0.19428292519383014	 0.9237388431415052	 0.01297221388261717	 
0.0	 0.0	 0.0	 1.0	 
37	 49	  37
0.3231732124425408	 -0.625513054725143	 -0.7101355456023793	 0.9014104690864784	 
-0.15301342488230166	 0.7059894161697352	 -0.6914953622853193	 1.1691809725371696	 
0.9338875556325598	 0.3321330495821472	 0.13244497276192216	 1.7786545318064833	 
0.0	 0.0	 0.0	 1.0	 
38	 39	  37
0.927186249677284	 -0.09338469160822	 0.36277397616506346	 0.11377820469146079	 
0.1490143858146231	 0.9804543944441695	 -0.12846747929109115	 0.13916806959939623	 
-0.3436864431857374	 0.17317182157716698	 0.922979495428789	 0.06001462276352841	 
0.0	 0.0	 0.0	 1.0	 
39	 40	  37
0.8748463973650855	 -0.1461295076513921	 0.46183324697437267	 -0.24504387108978296	 
0.1770630179651121	 0.9839046561282969	 -0.024089734704709924	 0.182694298397316	 
-0.4508796609810831	 0.10284840612580556	 0.8866395754030861	 0.0030494768977604512	 
0.0	 0.0	 0.0	 1.0	 
40	 41	  37
0.9954841406641027	 -0.042025618711797184	 0.08511858233161784	 -0.2668566178622066	 
0.03351852341735885	 0.9945210419273898	 0.09901719927153745	 0.26389685709978095	 
-0.08881348025031899	 -0.0957170023326577	 0.9914385614803753	 -0.4646853599685878	 
0.0	 0.0	 0.0	 1.0	 
41	 42	  37
0.9643741017449184	 -0.16487143455797135	 0.20688161336976554	 -0.07656697784457299	 
0.1624049769216929	 0.9862988218824879	 0.028969940011677135	 0.195879695689083	 
-0.20882340710453187	 0.005660743768474206	 0.9779369819294295	 -0.3709543809297573	 
0.0	 0.0	 0.0	 1.0	 
41	 43	  37
0.21520306811373446	 0.5449181719492435	 -0.8104022614442344	 1.4257598277099925	 
-0.4909843767357376	 0.7777112224689412	 0.39255521426582013	 -1.1699463825102834	 
0.844169403186265	 0.3134157627263811	 0.43491215020827606	 0.8908793419747697	 
0.0	 0.0	 0.0	 1.0	 
41	 44	  37
0.4822266221154417	 0.8536073325193106	 -0.19700763130497728	 0.8551365111835812	 
-0.848605238517896	 0.5110010952609799	 0.1369197933173461	 -0.5158856994519724	 
0.21754685491432948	 0.10115533852123806	 0.9707939860781679	 -0.20914129384723418	 
0.0	 0.0	 0.0	 1.0	 
41	 45	  37
-0.2781456469090428	 0.45894887482790125	 -0.8438014751111498	 2.2706385996546743	 
-0.4659098167883515	 0.7037443091282475	 0.5363506222517593	 -1.261631762950726	 
0.839978000739182	 0.5423189814710602	 0.018085370065254118	 1.1457197412860765	 
0.0	 0.0	 0.0	 1.0	 
41	 46	  37
0.9330485772635001	 -0.052037144534232464	 0.3559669760740204	 0.044490865495686704	 
0.13972627066710785	 0.964220184282062	 -0.22529093525601082	 0.4319985263217771	 
-0.33150704630825073	 0.2599453246584547	 0.9069352272550608	 -0.49201855504954695	 
0.0	 0.0	 0.0	 1.0	 
41	 47	  37
0.9884377336003258	 -0.12234192257364117	 0.08957287969042706	 0.1714802256062111	 
0.13358817076024726	 0.9821055545247349	 -0.1327511973753668	 0.5757266731731449	 
-0.07172898596788889	 0.14318216981400914	 0.9870936221146249	 -0.8648313487755579	 
0.0	 0.0	 0.0	 1.0	 
41	 48	  37
0.45732440013794246	 0.6219262807181951	 -0.6356587877080785	 0.8996532250325625	 
-0.6711650524750027	 0.7103169292806316	 0.21210217423110386	 -0.15618905993181267	 
0.5834311145068439	 0.3296324640100958	 0.7422604484249009	 -0.5830174747569328	 
0.0	 0.0	 0.0	 1.0	 
42	 43	  37
0.9260933846193513	 -0.06879133690700347	 0.3709700728236995	 -0.09128004454157428	 
0.1310526458933523	 0.9806683082453896	 -0.14530957713611692	 0.008919480894809617	 
-0.3538025536491014	 0.18318684769838828	 0.91720571948811	 -0.21092724382284608	 
0.0	 0.0	 0.0	 1.0	 
42	 44	  37
0.9273909644814856	 -0.12606777691800655	 0.3522114629325003	 -0.16951025466770117	 
0.21464757878064983	 0.9504238384579787	 -0.2249909869626045	 0.18340573742080313	 
-0.3063860569962431	 0.284255946136143	 0.9084746232914496	 -0.08478722554670413	 
0.0	 0.0	 0.0	 1.0	 
42	 45	  37
0.8674108862278688	 -0.08292796539327411	 0.49063357713176736	 -0.515560755566068	 
0.25350920517372233	 0.92210322844551	 -0.2923332327713591	 0.26695394436734815	 
-0.42817220524640504	 0.3779531566822772	 0.8208653811730224	 0.11172364608690814	 
0.0	 0.0	 0.0	 1.0	 
42	 46	  37
0.9870052646240544	 0.0142664925072587	 0.16005334984292402	 0.11847457015630766	 
0.03568429578838149	 0.9517195796006204	 -0.30488763969519356	 0.38189706302531695	 
-0.15667558405344584	 0.3066370965756741	 0.938843145773112	 -0.15246516913917046	 
0.0	 0.0	 0.0	 1.0	 
42	 47	  37
0.9878219976804682	 0.012200792207372317	 -0.15510912793282328	 0.4150328389365719	 
-0.041971820913682345	 0.9808581522237627	 -0.19014639482613208	 0.4362721549228761	 
0.14982011596497355	 0.19434100412856295	 0.9694253488363831	 -0.35124194970743405	 
0.0	 0.0	 0.0	 1.0	 
42	 48	  37
0.7452517383408985	 0.13742825480655127	 -0.6524671036003992	 0.6530108061934958	 
-0.3461786991666952	 0.9160627432536936	 -0.20245828870602517	 0.500980517876492	 
0.5698773155189837	 0.37675260477313616	 0.7302720863168284	 -0.05156045199623175	 
0.0	 0.0	 0.0	 1.0	 
43	 44	  37
0.9986914090456617	 -0.03131534849794301	 -0.040432888183308924	 -0.07448723160162961	 
0.02793566437407312	 0.9962731522763585	 -0.08160517575073124	 0.2267271123323452	 
0.04283769548389261	 0.0803688683619533	 0.9958442533066345	 0.06173785017395289	 
0.0	 0.0	 0.0	 1.0	 
43	 45	  37
0.9974757769117941	 -0.06709108190486092	 0.023256422834276414	 -0.2752552803039487	 
0.06953639151000547	 0.9892569082625838	 -0.1285902784448365	 0.2590292543060011	 
-0.014379316046971756	 0.12988285561839327	 0.9914250748727469	 0.058133902795087164	 
0.0	 0.0	 0.0	 1.0	 
43	 46	  37
0.9739091816626492	 0.03641114727489756	 -0.22399806746335002	 0.22815186712646304	 
-0.061370675244666745	 0.9925243565254095	 -0.10549427436517911	 0.2840968971821566	 
0.21848237021142786	 0.11648875507081267	 0.9688631605386022	 0.07392217249577046	 
0.0	 0.0	 0.0	 1.0	 
43	 47	  37
0.8815048918259447	 0.06897883811523733	 -0.46710924373127144	 0.45587338737172667	 
-0.08030627498790559	 0.9967607149117291	 -0.0043565360350793555	 0.3824870459282362	 
0.46529563492955245	 0.04135211120281464	 0.8841888797166443	 -0.06267729896989976	 
0.0	 0.0	 0.0	 1.0	 
44	 45	  37
0.9887239673026187	 -0.014829594487048462	 0.14901342090134037	 -0.3796964273929043	 
0.025921311010784733	 0.9970118252903396	 -0.07277022651268383	 0.10616753308770399	 
-0.14748898981568942	 0.07581229028709546	 0.9861538898795527	 0.048459466937037246	 
0.0	 0.0	 0.0	 1.0	 
44	 46	  37
0.9845825030788157	 0.06695739658584199	 -0.16159827249540834	 0.2347609584972575	 
-0.07031468662721349	 0.9974099548566112	 -0.015140237694638806	 0.04949982629009481	 
0.16016597477482777	 0.026269545016609448	 0.9867404783067574	 -0.005721730141316635	 
0.0	 0.0	 0.0	 1.0	 
44	 47	  37
0.8950291116015249	 0.14893240373240055	 -0.42040697960937146	 0.5089549227937031	 
-0.10062361554939683	 0.9857261059871343	 0.13497752394086956	 0.034767710063461126	 
0.4345086620305198	 -0.0785059430484735	 0.8972396778601117	 -0.16696337105162434	 
0.0	 0.0	 0.0	 1.0	 
45	 46	  37
0.943971276998727	 0.132617380355628	 -0.30220995785877625	 0.618768064265081	 
-0.11829135223276169	 0.9908287925071534	 0.06531048863514254	 -0.05228032861441667	 
0.30809963354138736	 -0.02590240078500601	 0.9510014098019177	 0.04537469529415143	 
0.0	 0.0	 0.0	 1.0	 
45	 47	  37
0.8196703959193693	 0.1949109589538705	 -0.5386558828538565	 0.8942055397260901	 
-0.06046147550782395	 0.9645172663085868	 0.25700360497866165	 -0.224268498211732	 
0.5696357187122327	 -0.17809031717725077	 0.8023708537172227	 -0.025185942889264477	 
0.0	 0.0	 0.0	 1.0	 
46	 47	  37
0.9494256781077047	 0.006552877708545492	 -0.3139234644677935	 0.36143855352213694	 
0.02665438897153578	 0.994491428500885	 0.10137229496673944	 0.04918870087287379	 
0.3128584748704742	 -0.1046128980193475	 0.9440210359254262	 -0.17734875290576402	 
0.0	 0.0	 0.0	 1.0	 
46	 48	  37
-0.4230920293583078	 -0.7160666008169652	 -0.5551952430342912	 1.5478395066556276	 
0.4897446650234273	 0.3347976508181492	 -0.8050221711777501	 2.3631085919706205	 
0.762327552810837	 -0.6125023724044547	 0.2090395800425242	 1.9760282027374285	 
0.0	 0.0	 0.0	 1.0	 
47	 48	  37
0.8646714752391266	 0.1424660642525463	 -0.4817122174537217	 0.1549172704882692	 
-0.16581871235635962	 0.9861380347272579	 -0.005994255311512843	 0.06707703593464188	 
0.4741807614615668	 0.08505996120766883	 0.8763089686058677	 -0.09912603772096759	 
0.0	 0.0	 0.0	 1.0	 
48	 49	  37
0.8423814939764908	 0.16650553680136726	 -0.5125127557636234	 0.14781870549438714	 
-0.1491742032962304	 0.9859526204908907	 0.07512980246266912	 -0.003219727242166518	 
0.5178228226689798	 0.013165726779532063	 0.8553865722359081	 -0.09729437196960497	 
0.0	 0.0	 0.0	 1.0	 
48	 50	  37
0.7140757316198769	 0.26830205171172056	 -0.6466141496741452	 0.1662220199391489	 
-0.27322126267963714	 0.9572039997606443	 0.09544969597631005	 0.1751409299297175	 
0.6445509996356242	 0.10851042295331187	 0.7568219717867684	 -0.2560059421161132	 
0.0	 0.0	 0.0	 1.0	 
49	 50	  37
0.9635091259900534	 0.12559408944099612	 -0.2363816592533569	 0.07409632376762139	 
-0.11380841839329443	 0.9915085642799223	 0.06291590309598498	 1.451229815841938e-05	 
0.24227630514909976	 -0.033717824026080215	 0.9696212148598269	 -0.13681006433372264	 
0.0	 0.0	 0.0	 1.0	 
49	 51	  37
0.9491910815847333	 0.027544690385656073	 -0.31349255281675026	 -0.16963202315527354	 
