0	 1	  37
0.957679877591559	 0.002403659719993903	 0.2878254236098098	 -0.11067487605145047	 
0.05464282188033602	 0.9802624824098922	 -0.18999901998839183	 -0.05864667961742734	 
-0.2826011572396159	 0.19768583155994257	 0.9386463114119631	 -0.09576666418428346	 
0.0	 0.0	 0.0	 1.0	 
0	 12	  37
0.9965582247277099	 -0.03577650084169222	 -0.0747779828230154	 -0.9743283508352758	 
0.04179913806656771	 0.9958703413292673	 0.08059215419394	 -0.10889771515040583	 
0.07158587000551671	 -0.08344042933885315	 0.9939382063122942	 0.6314157206638676	 
0.0	 0.0	 0.0	 1.0	 
2	 3	  37
0.6505932750939684	 -0.28246693759566066	 0.7049402950376952	 -0.26837073702815567	 
0.3014152870819588	 0.9480533740052172	 0.10170361227912672	 0.06971008010899368	 
-0.6970489330856217	 0.14631209520286403	 0.7019370026444992	 0.06334058183475133	 
0.0	 0.0	 0.0	 1.0	 
3	 4	  37
0.8860037320096603	 0.13684205069686364	 0.44302555233985136	 -0.17099953070155016	 
0.08550468421816398	 0.890855142524402	 -0.4461682014830055	 0.06474959781300035	 
-0.4557261632183358	 0.4331874515713776	 0.7776003446240168	 -0.2495405989442319	 
0.0	 0.0	 0.0	 1.0	 
4	 5	  37
0.9769780688581614	 -0.12348813140296189	 0.17396704967545193	 -0.10840792320637131	 
0.029906356321600942	 0.8866679347283002	 0.4614386019571998	 0.10330741198102655	 
-0.2112331953593983	 -0.4456126736609436	 0.8699482066485354	 -0.02093576297059831	 
0.0	 0.0	 0.0	 1.0	 
5	 6	  37
0.7738700963890517	 -0.34471738960810067	 0.5313144033588556	 0.007753899487119097	 
0.3280535793282511	 0.9357669395421992	 0.12931003035243954	 0.0048434551879580675	 
-0.5417618692790432	 0.07423042611761303	 0.8372478252188386	 0.08873925897816866	 
0.0	 0.0	 0.0	 1.0	 
6	 7	  37
0.8041697541165161	 -0.3742536807818339	 0.461784786437828	 0.05109113852769209	 
0.38075551652154727	 0.920916497743315	 0.08329490274078075	 0.13684471780496732	 
-0.45643865217857194	 0.10884386342571528	 0.8830723470882623	 -0.32469815477730246	 
0.0	 0.0	 0.0	 1.0	 
7	 8	  37
0.8162498054309186	 -0.1354816614990212	 0.5615879045451851	 -0.03969503023322367	 
0.29522664693582684	 0.9334121567245895	 -0.2039190344665715	 0.13516878872036436	 
-0.49656568757115715	 0.33224458622559205	 0.8018952879589506	 -0.23561379657379775	 
0.0	 0.0	 0.0	 1.0	 
8	 9	  37
0.9494599012925662	 0.14882440237651368	 0.27636423989869746	 -0.14967065259751386	 
0.01077248316227894	 0.8644857322408076	 -0.5025419110468223	 -0.17254560906726968	 
-0.3137034418746941	 0.4801205223788579	 0.8191913296334518	 -0.029251871161410734	 
0.0	 0.0	 0.0	 1.0	 
8	 10	  37
0.7651443376228475	 -0.3842227410061725	 0.5166498116687911	 0.04427028158912438	 
0.33746863183523546	 0.9226952514601259	 0.18640921506242525	 -0.1549358546810746	 
-0.5483329874546559	 0.031723149696064545	 0.8356581697335412	 0.08715617541325352	 
0.0	 0.0	 0.0	 1.0	 
8	 15	  37
0.912976583997924	 -0.2677930514082788	 0.30783215993285135	 0.09037570012481531	 
0.18790886960222877	 0.9456617789675298	 0.26535647066687323	 -0.3531880423641142	 
-0.36216572697633065	 -0.1844198509309927	 0.913687750156636	 0.7931218656799519	 
0.0	 0.0	 0.0	 1.0	 
8	 16	  37
0.8887790567290548	 -0.21722823782867265	 0.403588504555892	 0.3996849988093194	 
0.22701892103141832	 0.973592380547232	 0.02408912688542406	 -0.47573357985075476	 
-0.3981635314962209	 0.0702123153743088	 0.9146234377907863	 1.087455135559579	 
0.0	 0.0	 0.0	 1.0	 
10	 14	  37
0.7393981071893089	 -0.31062974235352947	 0.5973270479814609	 -0.46969816918226437	 
0.3660479326048085	 0.9300937866447365	 0.030568923445242948	 -0.14762407366463268	 
-0.5650657927362195	 0.19604772686831937	 0.8014149603477294	 0.3120154647099009	 
0.0	 0.0	 0.0	 1.0	 
10	 15	  37
0.9177234506374725	 0.19128219881818984	 -0.3481304189026422	 -0.06741543314076723	 
-0.13422502871306302	 0.9741984227838051	 0.18144165649740987	 -0.2672061945638323	 
0.3738546640300588	 -0.11978544761708416	 0.9197195967914059	 0.72968502019361	 
0.0	 0.0	 0.0	 1.0	 
10	 16	  37
0.8967135557472878	 0.16611770713426108	 -0.4102556596995497	 -0.01354085357268595	 
-0.19471324691061553	 0.9804431804529319	 -0.028599324832340876	 -0.5371489282764152	 
0.3974815095279058	 0.10552761382593574	 0.9115220086775864	 1.2189398719416873	 
0.0	 0.0	 0.0	 1.0	 
11	 12	  37
0.8542307385312832	 -0.00891654648269414	 0.5198176031524144	 -0.3357906662724087	 
0.20421945097346972	 0.9252394241236279	 -0.3197286723011756	 0.11578141741342728	 
-0.4781048642216401	 0.37927892539159086	 0.7921888888146607	 -0.2191224294650002	 
0.0	 0.0	 0.0	 1.0	 
11	 13	  37
0.7867637919362956	 -0.05153779318497376	 0.6150988469926152	 -0.4140130876357252	 
0.3012581985342411	 0.9018226587866622	 -0.309773126521426	 0.2933583733696144	 
-0.5387450542825667	 0.4290218502274432	 0.7250475974124014	 -0.38987837790268964	 
0.0	 0.0	 0.0	 1.0	 
12	 13	  37
0.9897481802014404	 -0.11282387741091142	 0.08757461089781855	 0.1358368319824166	 
0.11297190105067682	 0.9935927688860567	 0.0032801204757767935	 0.06074631311444165	 
-0.08738357603653445	 0.006646977005158433	 0.9961525627813043	 -0.2235239136696151	 
0.0	 0.0	 0.0	 1.0	 
14	 15	  37
0.42804846641454547	 0.5446090632331637	 -0.721231917377795	 0.006415931334157905	 
-0.3439502707857166	 0.8361532227819626	 0.42725402193281914	 -0.09933279900659558	 
0.8357468047360916	 0.06518248442360482	 0.5452325394708011	 0.4960205643133835	 
0.0	 0.0	 0.0	 1.0	 
15	 16	  37
0.9986584264213857	 0.02707934627664314	 -0.04413679126069522	 0.2958823559072527	 
-0.03413531680368704	 0.9852127067050785	 -0.1679008716283616	 -0.41149120107559917	 
0.03893748174025202	 0.1691822436075406	 0.9848153334324384	 0.35383044503919453	 
0.0	 0.0	 0.0	 1.0	 
16	 17	  37
0.7134896680696131	 -0.42580225295854957	 0.5564395159703662	 -0.025492293060859546	 
0.36721445783984163	 0.9035980030658124	 0.22059961652021737	 -0.17650962582707422	 
-0.5967294491738311	 0.04693708801042716	 0.8010685827429492	 0.3872434858347761	 
0.0	 0.0	 0.0	 1.0	 
17	 18	  37
0.9592650403515698	 0.18995557104234753	 -0.2091111268901702	 -0.02451158715655129	 
-0.26468676532210283	 0.8630469532330466	 -0.4302218878421659	 -0.22504407463627457	 
0.09874967656971494	 0.46804576437046325	 0.8781694960725094	 0.4405434788086357	 
0.0	 0.0	 0.0	 1.0	 
17	 19	  37
0.9299689714960413	 0.22126227322351444	 -0.29359958873022535	 -0.09506597487539986	 
-0.29192250416974896	 0.929867862629681	 -0.22389061974046667	 -0.7918930243248015	 
0.2234702745643306	 0.2939196565329888	 0.9293396967146466	 0.8362294618132543	 
0.0	 0.0	 0.0	 1.0	 
18	 19	  37
0.9861252757584951	 0.004176306093999279	 -0.16595029068260353	 0.17727333190957206	 
0.0031882869645961298	 0.9990226015786828	 0.044087145078695315	 -0.061127409057056985	 
0.16597221254313263	 -0.0440045452466872	 0.9851481232084693	 0.5282856408145097	 
0.0	 0.0	 0.0	 1.0	 
19	 20	  37
0.7799044373631305	 -0.47693976457924014	 0.40531164496520244	 0.10022715378881858	 
0.34928658107637517	 0.8690027537069	 0.3504755317134162	 -0.046095364836547435	 
-0.519372653170415	 -0.13176750363015904	 0.8443277634460443	 0.4432544728443371	 
0.0	 0.0	 0.0	 1.0	 
20	 21	  37
0.4612970632753023	 0.16161113974491112	 -0.8724029223494911	 2.9176324829068454	 
-0.5793309478096327	 0.7995911376814301	 -0.1582076655895962	 -0.04977656058668591	 
0.6719975240457173	 0.5783907434007457	 0.46247537839841607	 0.914664588835007	 
0.0	 0.0	 0.0	 1.0	 
21	 22	  37
0.9434739531981843	 -0.04353237666179548	 0.3285754583330372	 -0.21264461694666653	 
0.1710744333374135	 0.9130405838648882	 -0.3702572490498283	 -0.1268832302537331	 
-0.2838845502926723	 0.4055389308042315	 0.8688772857586324	 0.032389830969519084	 
0.0	 0.0	 0.0	 1.0	 
21	 28	  37
0.615331885878125	 -0.4172679126387151	 0.6687706328060455	 0.0492476048200203	 
0.5424368870889855	 0.8397291934022575	 0.024841603676166283	 -0.46983218325027	 
-0.5719518281698904	 0.34748002939755024	 0.743053655816992	 0.584840196758287	 
0.0	 0.0	 0.0	 1.0	 
22	 23	  37
0.989749211537827	 0.11992649002174617	 -0.07755085590316468	 -0.07522145358369005	 
-0.14280531816916453	 0.8377904102066587	 -0.526985644651125	 -0.14057270082580384	 
0.0017718247241332067	 0.532658300936747	 0.8463285385004596	 0.24727729317427385	 
0.0	 0.0	 0.0	 1.0	 
22	 29	  37
0.961870284296813	 0.1690169131625302	 -0.21503218189791196	 0.07330580610880186	 
-0.13115463801595176	 0.9749495114484156	 0.17964384501952538	 -0.40686360928869447	 
0.24000836884090443	 -0.14459160830250237	 0.959942315816332	 0.9522169483198081	 
0.0	 0.0	 0.0	 1.0	 
23	 28	  37
0.7728164933780833	 -0.5220991434319339	 0.36078685118840514	 0.11724812729561936	 
0.028266706900800163	 0.5962538250536499	 0.8022981798495348	 0.208382651931491	 
-0.6339997325265897	 -0.6098310098187305	 0.47555281370178004	 0.41234108084267174	 
0.0	 0.0	 0.0	 1.0	 
23	 29	  37
0.9731336467727882	 0.0390620206191464	 -0.226903204172711	 0.18919259476408237	 
0.11328341987243858	 0.7767303323287401	 0.61956182711856	 0.20174903562524168	 
0.20044393804926708	 -0.6286208311737953	 0.751437341575243	 0.7098979631224479	 
0.0	 0.0	 0.0	 1.0	 
23	 30	  37
0.9033915532949757	 0.017882250792098806	 -0.4284436095239362	 0.03407051205794952	 
0.06611415938083173	 0.9813752773218158	 0.18036486074314487	 -0.003306256619101559	 
0.42368929578720366	 -0.1912662807923463	 0.8853838661660859	 0.6149911056730138	 
0.0	 0.0	 0.0	 1.0	 
24	 27	  37
0.858558032952231	 0.17657931848829744	 0.48135002683639994	 -0.07256723484505764	 
0.1993876569014967	 0.7499367446100405	 -0.6307451477094577	 0.0169584127054506	 
-0.4723586204659819	 0.6375065673119794	 0.6086564797203512	 -0.17655500871988658	 
0.0	 0.0	 0.0	 1.0	 
24	 28	  37
0.9568536255347663	 -0.18092401117556134	 0.2273711535817997	 0.05757896286929411	 
0.12655598999911616	 0.9638714598344329	 0.23438299919572408	 0.013400127932926182	 
-0.2615620780929773	 -0.19549504110535462	 0.9451809182409994	 0.033229943073301696	 
0.0	 0.0	 0.0	 1.0	 
25	 27	  37
0.924727241205413	 0.014974998442842821	 -0.3803357448285157	 0.11667640620800937	 
-0.29957326988602684	 0.6450516508888537	 -0.7029681526608145	 0.033424046436670164	 
0.23480925310221187	 0.7639922231981172	 0.6009829428115074	 -0.20561813511722918	 
0.0	 0.0	 0.0	 1.0	 
26	 27	  37
0.7981267938860972	 -0.060833502952126944	 -0.5994104652069999	 0.07913015267536622	 
-0.11248096015112825	 0.9623523950993269	 -0.24743868179827608	 -0.06134292424671202	 
0.5918966586192044	 0.2649097064381782	 0.7612366208678207	 -0.04952512247566714	 
0.0	 0.0	 0.0	 1.0	 
28	 29	  37
0.6348535686208402	 0.44527655783111975	 -0.631418825705612	 -0.14626670331208452	 
-0.5518124870220826	 0.8333212197126271	 0.03284393312566097	 -0.2128935042725901	 
0.540799339474345	 0.3275737044128064	 0.7747461149314548	 0.1483007655269961	 
0.0	 0.0	 0.0	 1.0	 
28	 30	  37
0.40505881399232907	 0.012724949175404761	 -0.9142020744209731	 -0.0030022410382307134	 
-0.5415921007560011	 0.8089325048755944	 -0.2287054851865126	 -0.28411995850006366	 
0.7366175083486874	 0.5877637945843379	 0.3345569729806729	 0.14371039218416667	 
0.0	 0.0	 0.0	 1.0	 
29	 30	  37
0.9431427018208883	 -0.06279633032432329	 -0.3264023052917872	 0.12410355311903096	 
-0.11354175884930326	 0.862056230633482	 -0.49393048521365757	 0.029549508259713683	 
0.312394162876647	 0.5029072241714084	 0.8059120366868878	 -0.08698827797903125	 
0.0	 0.0	 0.0	 1.0	 
30	 31	  37
0.945563850599175	 0.23059865284490766	 -0.22963724816800468	 -0.05558743744173535	 
0.07289012743925655	 0.5376349554043196	 0.8400212402369857	 0.2184968011034618	 
0.31716877803773363	 -0.8110320067873449	 0.4915598134556386	 0.5564899575922577	 
0.0	 0.0	 0.0	 1.0	 
31	 32	  37
0.7624844086912757	 0.371813331679322	 -0.5295020046121054	 0.025006321698742322	 
-0.5475473098211381	 0.8068066531945334	 -0.22193460268437243	 -0.3956648486098412	 
0.344687496161886	 0.45914907246618497	 0.8187628834058684	 0.11534338312386337	 
0.0	 0.0	 0.0	 1.0	 
31	 33	  37
0.41710094626203353	 0.2774093829793832	 -0.8654887837877014	 0.26295749975463	 
-0.7017757618952039	 0.7034204212646773	 -0.11274081321434122	 -0.5712698980474861	 
0.5775271254614134	 0.6544033505284202	 0.48807650442677014	 0.18821628677221788	 
0.0	 0.0	 0.0	 1.0	 
31	 34	  37
-0.08050093693301337	 0.7517164692834618	 -0.6545547715515586	 0.08885932261547448	 
-0.6381880634011462	 0.4655643677433097	 0.6131605134221106	 -0.671613291593939	 
0.7656602346244715	 0.4670890378672764	 0.44225810995279713	 0.5276849888170672	 
0.0	 0.0	 0.0	 1.0	 
32	 33	  37
0.9123268610721755	 0.09926548435683347	 -0.39724811161488893	 0.21438895678160513	 
-0.1696991771837958	 0.9745909934260324	 -0.14620049519753062	 -0.06894483953771992	 
0.3726417687663781	 0.20079531654962413	 0.9059908128796902	 -0.06236839394526694	 
0.0	 0.0	 0.0	 1.0	 
32	 34	  37
-0.6365893873900931	 -0.43733083500481224	 0.6352131080324914	 -1.3487534705402826	 
0.46408639169813226	 0.4406010394211729	 0.768436428796546	 -0.7988380053223371	 
-0.615936500706779	 0.7839722347219792	 -0.07752265657284785	 2.03889412471167	 
0.0	 0.0	 0.0	 1.0	 
32	 35	  37
-0.5718320224201834	 -0.053611060216618524	 0.8186171219546373	 -1.3822698019376014	 
0.3949267232761787	 0.8566377596724599	 0.3319708299620465	 -1.0104712889914007	 
-0.7190556455359931	 0.5131253286730247	 -0.4686804622522864	 2.146912150327215	 
0.0	 0.0	 0.0	 1.0	 
32	 36	  37
-0.37527058147844305	 -0.2178970122823166	 0.9009399995089966	 -1.5432539501474243	 
0.4708014541704184	 0.7924553656708224	 0.3877634384138625	 -0.8241442181858463	 
-0.7984472314610719	 0.5696800728987821	 -0.1947989556290983	 1.8954726487653597	 
0.0	 0.0	 0.0	 1.0	 
33	 34	  37
0.9321018837559528	 0.18822100339115816	 -0.30944940164917156	 0.07581575584676009	 
0.0051296589014544975	 0.8474237545197935	 0.5308923307744542	 0.09666963527111239	 
0.36215986097048286	 -0.4964331114641762	 0.7889197683819551	 0.2333601607923269	 
0.0	 0.0	 0.0	 1.0	 
33	 35	  37
0.8458867693061876	 0.014889516632427617	 -0.5331546453020848	 0.21123171455733075	 
-0.06887315516775262	 0.9942904709486856	 -0.08150428134692134	 0.07805930783508311	 
0.5288970240131602	 0.10566343584746832	 0.8420826422121105	 0.1053562976834929	 
0.0	 0.0	 0.0	 1.0	 
33	 36	  37
0.8622471340920881	 0.19528383896244472	 -0.46732654749122865	 -0.0044047146748110826	 
-0.1276440404313919	 0.9766829084296538	 0.17261951026388073	 -0.038543959393859795	 
0.49013965223426936	 -0.0891892292907776	 0.8670688569463134	 0.07262816902629893	 
0.0	 0.0	 0.0	 1.0	 
34	 35	  37
0.9841764693082496	 0.0765303046150837	 -0.15981173215840824	 -0.0018687237130013152	 
-0.15666472768372383	 0.7971989406688373	 -0.5830351722634476	 0.025157538804906485	 
0.08278188424850538	 0.5988463588200283	 0.7965740380958075	 -0.20479852000345067	 
0.0	 0.0	 0.0	 1.0	 
34	 36	  37
0.9866856855339171	 0.09925175245836883	 -0.12884272426647217	 -0.06965680350733347	 
-0.14574853847487973	 0.8911438456696299	 -0.4296743067226377	 0.04095114074901548	 
0.07217147286081929	 0.44273212663989664	 0.8937446741357479	 -0.15774717000072527	 
0.0	 0.0	 0.0	 1.0	 
35	 36	  37
0.9999955145966791	 0.0009600882687609725	 0.0028370789626972	 -0.05891545697997311	 
-0.0014311744601684525	 0.9852646997448355	 0.17103047440846397	 0.045238375472771736	 
-0.0026310694002540515	 -0.17103376762275893	 0.9852616544890886	 0.03344505713069525	 
0.0	 0.0	 0.0	 1.0	 
