0	 1	  37
0.9999636804481942	 0.003136443221332562	 -0.007924677180803445	 -0.1850089090992766	 
-0.002687742178089775	 0.9984265722856157	 0.056010318656298776	 0.01196168509471487	 
0.008087881458373544	 -0.055986984897522137	 0.998398739830735	 0.4860699899094172	 
0.0	 0.0	 0.0	 1.0	 
0	 6	  37
0.07259983802261061	 0.9253917627352581	 -0.37199374857761036	 0.10059686231219958	 
0.8335604883625991	 0.1484988644304683	 0.5320949158783297	 -0.44350538910740767	 
0.5476369013861249	 -0.3487092954376087	 -0.7605890161681347	 4.775551792905675	 
0.0	 0.0	 0.0	 1.0	 
0	 8	  37
-0.8411572183995181	 0.21487638047020585	 -0.4962687528450765	 -0.12254513608617838	 
-0.2218868043301443	 -0.9740038073707095	 -0.04563802462329471	 1.5634134364686607	 
-0.4931741882930824	 0.07172673381232103	 0.8669685667070491	 0.11096916285570713	 
0.0	 0.0	 0.0	 1.0	 
0	 9	  37
0.9473817600220723	 -0.29688063474472387	 -0.11970668106271787	 -0.4095100931119286	 
-0.24532120529897153	 -0.4331420820265944	 -0.8672977821995902	 3.6905267861098867	 
0.20563391502410652	 0.8510286866441326	 -0.48318202315547865	 3.4326943342891827	 
0.0	 0.0	 0.0	 1.0	 
0	 10	  37
-0.8692110003238293	 0.10594920345291473	 0.4829565230988623	 -1.629698079923185	 
0.14355122543968601	 0.9887746501636914	 0.041445589251863285	 -0.013497994486693813	 
-0.4731440400034787	 0.10535396281755433	 -0.8746629407536507	 5.440923725911976	 
0.0	 0.0	 0.0	 1.0	 
0	 11	  37
0.40207384993670703	 -0.09109189575808604	 0.9110646989782184	 -2.469820883563251	 
0.09665546155437917	 0.9937016954883976	 0.056697990574562755	 0.1427339885701929	 
-0.9104912635213933	 0.06526259963165154	 0.4083459956220145	 2.123104494597298	 
0.0	 0.0	 0.0	 1.0	 
0	 27	  37
0.9720422005896601	 -0.08980658064801467	 -0.21695330913614072	 0.9696270365896225	 
0.12659732155505776	 0.9786170843507891	 0.1621163791596777	 0.27379410985770997	 
0.1977550971476982	 -0.18504966978914256	 0.9626263767750355	 0.26527290741849124	 
0.0	 0.0	 0.0	 1.0	 
0	 28	  37
0.992261444963436	 -0.08144236936333969	 0.09372494498029399	 0.4786599659620749	 
0.06208582991583061	 0.9791305609532023	 0.19351665130197457	 0.07526223740051415	 
-0.10752941254715535	 -0.18620012105246547	 0.9766099223115184	 0.6134610215853304	 
0.0	 0.0	 0.0	 1.0	 
1	 2	  37
0.9996642574571404	 -0.02459839434239258	 0.008141950530438289	 -0.08254777932604998	 
0.024449413778783714	 0.9995404835843572	 0.01791780795251168	 0.03201806037613585	 
-0.008578958476282079	 -0.0177127262646222	 0.9998063116422782	 0.8734803665363101	 
0.0	 0.0	 0.0	 1.0	 
1	 6	  37
0.3859272520629671	 0.8891587622278412	 0.24587975042402663	 -0.7528850844088113	 
0.8680910359356697	 -0.44021948785133136	 0.22940086277964974	 0.04486259086807586	 
0.31221484500783014	 0.12491396266777308	 -0.9417634482646753	 4.44935628589515	 
0.0	 0.0	 0.0	 1.0	 
1	 8	  37
-0.5420317501885359	 -0.6685992137204854	 0.5090939728575676	 -0.8392502221633269	 
0.7026564832696583	 -0.028287883469001816	 0.7109667096059843	 -0.4637993867354737	 
-0.46095059204503586	 0.7430847105553936	 0.48512850321552825	 0.40199933865367277	 
0.0	 0.0	 0.0	 1.0	 
1	 9	  37
-0.6883637225470467	 0.4779234658578567	 -0.5456597348747528	 1.4022588541922012	 
0.03077011696324691	 0.7708169418189011	 0.6363131635500119	 -1.7433579116803832	 
0.724712760604669	 0.4212248841027434	 -0.5453081804167165	 3.7842900998953315	 
0.0	 0.0	 0.0	 1.0	 
1	 10	  37
0.9938861915802424	 -0.09868548810245312	 -0.04951174228505591	 -0.3517361183009813	 
0.09185948417406807	 0.9878868360081101	 -0.12506572035997626	 0.33213572226208116	 
0.061254170089842165	 0.11975296939895187	 0.9909122831849138	 -0.27250171308957877	 
0.0	 0.0	 0.0	 1.0	 
1	 27	  37
0.9732291219808077	 -0.03871566515652688	 -0.22655280488211185	 1.2164157598752814	 
0.07289034527168713	 0.9868185456925489	 0.14448583128949444	 0.1506374515981636	 
0.2179726443722668	 -0.15713133089466827	 0.9632225449794201	 -0.18417756553106576	 
0.0	 0.0	 0.0	 1.0	 
1	 28	  37
0.9812598573330648	 0.08381499870777469	 -0.17350544192707273	 1.2864930666205654	 
-0.05325221490933341	 0.983331522572235	 0.17384854995949792	 -0.12959326548784572	 
0.18518448637492085	 -0.16135105424937798	 0.9693670838741485	 0.40120357021109265	 
0.0	 0.0	 0.0	 1.0	 
2	 3	  37
0.9986155201107244	 0.019874494985935076	 -0.04870366970815838	 0.28989232111029845	 
-0.020725453855179935	 0.9996401549864361	 -0.017029859106595064	 0.013562876623363238	 
0.04834768408604645	 0.01801568726825896	 0.998668081224071	 0.7559656361507924	 
0.0	 0.0	 0.0	 1.0	 
2	 5	  37
0.8275091536104214	 0.008970903919134302	 -0.5613805514745216	 0.9625316077976757	 
0.028813558418972943	 0.9978762398071475	 0.05841907975640636	 -0.0942754561576451	 
0.5607123857577971	 -0.06451769455911058	 0.8254932389466169	 1.7730587972096867	 
0.0	 0.0	 0.0	 1.0	 
2	 8	  37
0.03274986951995676	 0.3082361952225043	 0.9507459671232793	 -2.3247779186581927	 
-0.4508812865466558	 0.8535161055167086	 -0.2611825473986029	 0.4414375333363027	 
-0.8919829098634446	 -0.4201198704873949	 0.16693047335102293	 2.2252185692177786	 
0.0	 0.0	 0.0	 1.0	 
3	 4	  37
0.9836222485015347	 0.007181974778055441	 -0.1800991157420604	 0.4257510432081073	 
-0.0012104599035248143	 0.9994465048888106	 0.03324482895672196	 -0.04632275737516417	 
0.1802381952850358	 -0.03248235065119364	 0.9830865118882296	 0.5025294181804008	 
0.0	 0.0	 0.0	 1.0	 
3	 5	  37
0.8465114992003073	 0.03991504936065107	 -0.5308719907437042	 0.7578790623932881	 
0.003411508885874665	 0.9967581446875258	 0.08038384543055048	 -0.11277665441427581	 
0.5323595057184278	 -0.06985692402058509	 0.8436310608539813	 1.0048701577908103	 
0.0	 0.0	 0.0	 1.0	 
3	 6	  37
0.5971479374737244	 0.1122489210074819	 -0.7942383272692979	 1.1671691610157908	 
-0.05202937272161254	 0.9934953385476958	 0.10129144415099649	 -0.16875957583134701	 
0.8004419311512061	 -0.019162254999217712	 0.5991039332522132	 0.9900777265644449	 
0.0	 0.0	 0.0	 1.0	 
4	 5	  37
0.9666910118346547	 0.04940250297747883	 -0.25113319242515836	 0.227835284327017	 
-0.05006751653884458	 0.9987388157989803	 0.0037445432408493586	 -0.017545669360767718	 
0.2510014570191252	 0.008953798970844232	 0.967945297038147	 0.36690662760555426	 
0.0	 0.0	 0.0	 1.0	 
4	 6	  37
0.7716700912663211	 0.1795852383634188	 -0.6101429442409214	 0.7277301918654375	 
-0.14476490969305708	 0.9837229989032833	 0.10645272354567217	 -0.1989170200978497	 
0.6193289846007428	 0.0061809053288561545	 0.7851072571583625	 0.2750348616104313	 
0.0	 0.0	 0.0	 1.0	 
4	 7	  37
0.5742274999481397	 0.11351725735484751	 -0.8107876482692252	 1.0371173817689054	 
-0.115339623724348	 0.9916803540475085	 0.05715633469119873	 -0.293550251435575	 
0.8105304124475733	 0.06069520309579546	 0.5825431682019157	 0.15447078938235245	 
0.0	 0.0	 0.0	 1.0	 
5	 6	  37
0.9253834375737551	 0.10072397892392422	 -0.3654041235863554	 0.3680851808950689	 
-0.09231888995115939	 0.9949075349002325	 0.04045021083910717	 -0.042220320393621905	 
0.3676176220237073	 -0.0036982520838078625	 0.9299696806397282	 -0.19832343513805273	 
0.0	 0.0	 0.0	 1.0	 
5	 7	  37
0.7991605050108649	 0.03445643914006388	 -0.600129353583514	 0.609919914065598	 
-0.09351907401616402	 0.993326527361002	 -0.06750253947883753	 0.0005417923111171534	 
0.5937985096191626	 0.11006890497647294	 0.7970496635287798	 -0.4465443554013851	 
0.0	 0.0	 0.0	 1.0	 
5	 8	  37
0.7053156249259245	 -0.0027321669785129454	 -0.708888146676861	 0.7627994353354857	 
-0.11918250558264523	 0.9853013843033436	 -0.12237937919828587	 0.060383589565644956	 
0.6988028331356391	 0.1708031538160712	 0.694622835104122	 -0.7260967402921279	 
0.0	 0.0	 0.0	 1.0	 
6	 7	  37
0.9545779882564033	 0.03929737449003161	 -0.29535839364160243	 0.22589842278593428	 
-0.06032366349044117	 0.996225631994602	 -0.062414307494746066	 -0.06180273260700662	 
0.2917908839553587	 0.07739642443386437	 0.9533456212336654	 -0.30108783509111914	 
0.0	 0.0	 0.0	 1.0	 
6	 8	  37
0.9002264057488186	 -0.014692901594849045	 -0.4351741456420484	 0.30361180377281655	 
-0.034651894263034944	 0.993843119123635	 -0.10523830478769243	 -0.05138799197501391	 
0.434041086323111	 0.10981790934691775	 0.8941746821343837	 -0.6005321508418155	 
0.0	 0.0	 0.0	 1.0	 
7	 8	  37
0.9847644583288336	 -0.0035108817049422287	 -0.17385808960750615	 0.06672304587566714	 
-0.006903212763230574	 0.9982187684654159	 -0.059259057847152186	 0.00687949252703457	 
0.17375645963780229	 0.05955639338509669	 0.9829861284581259	 -0.32765572661888065	 
0.0	 0.0	 0.0	 1.0	 
9	 10	  37
0.9943442075670993	 0.012291817626710529	 -0.10549174421341694	 0.06842006251959404	 
-0.01016899997590275	 0.9997353090510498	 0.020637424163212605	 -0.003156610641431698	 
0.1057174929576338	 -0.01944795763143171	 0.9942060091483652	 -0.034621688024925074	 
0.0	 0.0	 0.0	 1.0	 
9	 11	  37
0.9976878618085567	 -0.062473611452220294	 0.026757770310446117	 -0.06600885052697068	 
0.059346858457962635	 0.9927050991469066	 0.10495016207181265	 -0.04005785968458254	 
-0.033119190676102694	 -0.10311951318662389	 0.9941174403505413	 0.329038140377741	 
0.0	 0.0	 0.0	 1.0	 
10	 11	  37
0.994744804147723	 -0.05519171764882517	 0.08623600712046531	 -0.007683482337323581	 
0.04561324463998709	 0.9929567785740822	 0.10934472002431174	 -0.12021565920940061	 
-0.09166355074140045	 -0.10483658801560977	 0.9902560695490452	 0.3807832636714096	 
0.0	 0.0	 0.0	 1.0	 
14	 15	  37
0.9959197949672536	 0.03672496177746019	 -0.0824320276035104	 0.13988115338056947	 
-0.03376531173548931	 0.9987440747877822	 0.03701589928261075	 -0.06348436177333518	 
0.08368790662806115	 -0.03408152371504537	 0.9959090239702985	 0.12490234280565045	 
0.0	 0.0	 0.0	 1.0	 
14	 16	  37
0.9938591563542417	 -0.001827251782147014	 -0.11063741899447145	 0.08818504384566263	 
0.006286993358068322	 0.999180937264871	 0.03997409562465589	 0.02849805232661668	 
0.11047375726999276	 -0.040424197671916545	 0.9930566112751241	 0.18243032184169766	 
0.0	 0.0	 0.0	 1.0	 
14	 17	  37
0.8392319582845769	 0.33629381291087745	 -0.42731275617713327	 0.24869294227332595	 
-0.37418051875019387	 0.9273420474106753	 -0.005066210814101792	 0.11956422246128344	 
0.39456135084631677	 0.16414383479753597	 0.9040896758155627	 0.658362976875852	 
0.0	 0.0	 0.0	 1.0	 
15	 16	  37
0.9984026568243008	 -0.0512354677206594	 -0.023813057208671235	 -0.05535386459039671	 
0.051695885872323856	 0.9984794698227871	 0.01913854033834579	 0.05177060885712777	 
0.022796276670847878	 -0.020339006609274114	 0.9995332183474913	 0.04126173483678895	 
0.0	 0.0	 0.0	 1.0	 
15	 17	  37
0.9533792195345239	 0.050461538715828105	 -0.29752595999370046	 0.21240112146999676	 
-0.06421536939540633	 0.9972635994449132	 -0.036629217239628066	 0.06213606227734265	 
0.2948634431277531	 0.05402727396979549	 0.9540107984578784	 0.5648989405055052	 
0.0	 0.0	 0.0	 1.0	 
16	 17	  37
0.9591972397652194	 0.10922059149760624	 -0.2607901793007116	 0.23980869046599226	 
-0.12239850538115825	 0.9918712727224026	 -0.034784827561742296	 -0.02573422939823186	 
0.2548710676150647	 0.06528583874742352	 0.9647686241538966	 0.5132393630441774	 
0.0	 0.0	 0.0	 1.0	 
17	 18	  37
0.9725419395954631	 0.024564122130844423	 -0.23142769849746977	 0.23437063846889888	 
-0.009886554909272384	 0.9978771580058639	 0.06436950801555692	 -0.02821149724127189	 
0.2325175945168897	 -0.060314023527533754	 0.9707202412672763	 0.5840699118437938	 
0.0	 0.0	 0.0	 1.0	 
18	 19	  37
0.8956716180725245	 0.0035544658076017916	 -0.44470183083968506	 0.29060204474872525	 
-0.017236747562245178	 0.999494137907904	 -0.026727566690807763	 0.06609602735569517	 
0.44438187081925457	 0.031604336103749055	 0.8952797991838194	 0.5288655957241298	 
0.0	 0.0	 0.0	 1.0	 
19	 20	  37
0.929657497318826	 0.0669643790032165	 -0.3622881582713006	 0.2532692909835739	 
-0.0655011359740141	 0.9977187816260813	 0.016335053617355433	 -0.05730855101125578	 
0.36255556658946936	 0.008544280852224057	 0.9319229884489959	 0.15010480497576972	 
0.0	 0.0	 0.0	 1.0	 
19	 21	  37
0.7182327229269987	 0.08715408841500669	 -0.690323055235313	 0.7181872330706709	 
-0.08725192223172577	 0.995574302072814	 0.03491290762879115	 0.06178074887466211	 
0.6903106965589749	 0.03515642081863325	 0.7226584035984676	 -0.03035512454764447	 
0.0	 0.0	 0.0	 1.0	 
20	 21	  37
-0.7133670235225843	 0.28441014874559956	 -0.6404829092497586	 0.9664781890778829	 
0.4437542013011041	 0.890692865247609	 -0.09873413100150988	 0.7718957295881329	 
0.5423925686973848	 -0.3546506549937702	 -0.761599116553021	 4.949880299037631	 
0.0	 0.0	 0.0	 1.0	 
21	 22	  37
0.8855906235212341	 0.10759916744736531	 -0.4518314582849503	 0.22724174446613976	 
-0.10631328328084265	 0.9939293017735533	 0.028320114300307283	 0.018477849354653436	 
0.45213574657321404	 0.022955658138441876	 0.8916536908632817	 0.013663273841808175	 
0.0	 0.0	 0.0	 1.0	 
22	 23	  37
0.9948035622953189	 0.022002820006826178	 -0.09940698343824139	 -0.03353725836747163	 
-0.012039561676628015	 0.9949410380663557	 0.09973655160509724	 0.08070847959828699	 
0.10109857268615781	 -0.09802146031960918	 0.9900357932507453	 -0.028348709258328168	 
0.0	 0.0	 0.0	 1.0	 
22	 24	  37
0.9981063124667621	 -0.0480526389904281	 -0.038402251236849566	 -0.35538733714955106	 
0.047284391550235436	 0.9986675870674893	 -0.020669708670472978	 0.3276054439425839	 
0.03934431762944383	 0.018814739616954405	 0.9990485625050561	 0.1845877271706676	 
0.0	 0.0	 0.0	 1.0	 
23	 24	  37
0.9852547399177115	 0.024160903705053687	 -0.16937930275520283	 0.14203473390293583	 
-0.020309284153356307	 0.9994950895678983	 0.024435607355615556	 -0.10764725439416795	 
0.1698841677345532	 -0.020635325580535546	 0.9852479651799966	 0.41283995308490173	 
0.0	 0.0	 0.0	 1.0	 
23	 25	  37
0.9704990336639648	 0.03454949384000916	 -0.2386167599577003	 0.30904363443816835	 
-0.04669139721675615	 0.9978762392849927	 -0.04541942862242877	 -0.06378709051993592	 
0.23654077678755212	 0.05522086150939734	 0.9700510900828381	 0.6760923909616321	 
0.0	 0.0	 0.0	 1.0	 
24	 25	  37
0.9664031929509276	 0.07854142498303504	 -0.2447368243969191	 0.5003459763141332	 
-0.06618977843003801	 0.996102150041816	 0.05830454453516922	 -0.2053288885922035	 
0.24836219898695652	 -0.04014662182183382	 0.967834937822901	 0.39353097599413084	 
0.0	 0.0	 0.0	 1.0	 
25	 26	  37
0.964861079087033	 -0.26274562805491647	 -0.002798749905581153	 0.03028635300070741	 
0.26257814615724806	 0.9645334436223829	 -0.026980609603370936	 0.035205305763467525	 
0.009788525099810163	 0.025297649534569224	 0.999632039154606	 0.25825455729826424	 
0.0	 0.0	 0.0	 1.0	 
26	 27	  37
0.6659067841037997	 0.14295625094153822	 -0.7322101236675678	 1.657875887686045	 
-0.10854498211185183	 0.9895905344647395	 0.0944910628373341	 -0.18744603175300362	 
0.7380962957113884	 0.016555494995053877	 0.6744922340862017	 0.40063792982019203	 
0.0	 0.0	 0.0	 1.0	 
26	 28	  37
0.9988899796552879	 0.009798542697108163	 -0.04607382234275843	 0.5352121549418875	 
-0.013035198583597722	 0.9974278552233778	 -0.07048231850882285	 0.23340797331142835	 
0.04526468979398084	 0.07100466312507882	 0.9964484159615835	 -0.815787085709061	 
0.0	 0.0	 0.0	 1.0	 
27	 28	  37
0.9772114959021593	 -0.04745970547393389	 0.20689434171333057	 -0.1381211708565255	 
0.050454572118374175	 0.998683798434729	 -0.009219918455968094	 -0.15370068985608878	 
-0.20618445244250727	 0.01944857579131112	 0.9783198477342031	 0.409130414463557	 
0.0	 0.0	 0.0	 1.0	 
29	 30	  37
0.8857995949275826	 0.08004276098392613	 0.45711293357353255	 -0.31073902926854513	 
-0.13413744598739444	 0.9871290960994006	 0.08708210618697741	 0.25859314773175973	 
-0.4442591847222852	 -0.13845325582322476	 0.8851352849942423	 0.5624898697111406	 
0.0	 0.0	 0.0	 1.0	 
30	 31	  37
0.9639985780462722	 -0.008835036483510758	 0.2657605758104481	 -0.000679597796226269	 
0.014257547176628292	 0.9997275430974046	 -0.01848139391210661	 0.010144071926833148	 
-0.26552488371765154	 0.021605131398889713	 0.9638618959290612	 0.6353539486017462	 
0.0	 0.0	 0.0	 1.0	 
31	 32	  37
0.8400535047549785	 -0.032461916808024543	 0.5415314700975609	 -0.3875980879928088	 
0.023604110908615472	 0.9994499273109442	 0.02329568085207247	 -0.026361094353579997	 
-0.5419898108794023	 -0.006787249464748209	 0.8403576489493106	 0.24845478739058263	 
0.0	 0.0	 0.0	 1.0	 
31	 33	  37
0.5697832182019257	 -0.12288158702968244	 0.812555967195198	 -1.2395144022539597	 
0.11972986746199271	 0.9906201074923654	 0.06585257374885321	 0.031054162435508757	 
-0.8130263483387179	 0.059765526860231025	 0.5791513089911207	 0.3884573720139901	 
0.0	 0.0	 0.0	 1.0	 
31	 34	  37
0.505081165083728	 -0.08928073123201963	 0.8584415924850904	 -1.2408150054913032	 
0.1724021299389165	 0.9850261347089789	 0.0010097191755278252	 0.005702832797553581	 
-0.845677552185339	 0.14748716883500088	 0.512910335983637	 0.22385682425975834	 
0.0	 0.0	 0.0	 1.0	 
31	 35	  37
0.3840633778749383	 0.12880446266167192	 0.9142782575199578	 -1.524078654400063	 
0.11474516926679279	 0.9758865432569865	 -0.18568521971299592	 0.13992019337107478	 
-0.9161489332555198	 0.17622390612049907	 0.36002259235554385	 0.4632025736965872	 
0.0	 0.0	 0.0	 1.0	 
31	 36	  37
0.5610358041753866	 0.11241189310090319	 0.8201234009115628	 -1.3837220216279569	 
0.0909704324173755	 0.9763632913917286	 -0.19605892902009364	 -0.005226320476903087	 
-0.8227777384318756	 0.18460305932508722	 0.5375486058290404	 0.22945769211062406	 
0.0	 0.0	 0.0	 1.0	 
31	 37	  37
0.2721190355198522	 0.06946546351187019	 0.9597529785766891	 -1.7778661099696154	 
-0.055524642360679874	 0.9968626268526545	 -0.05640848584340305	 0.1499086927120378	 
-0.9606603169687322	 -0.0379401181272265	 0.275122341582846	 0.7615717662507673	 
0.0	 0.0	 0.0	 1.0	 
32	 33	  37
0.957366547441252	 -0.06201553821314715	 0.2821406862906358	 -0.47452987179871037	 
0.05242306223639732	 0.9977652250884967	 0.041429194414828084	 -0.0009268415693849183	 
-0.2840794191527717	 -0.024872246063362975	 0.9584780931192888	 -0.4043592064710399	 
0.0	 0.0	 0.0	 1.0	 
32	 34	  37
0.8590305010338235	 -0.02378539344564007	 0.5113715413984384	 -0.8965000463633371	 
0.07197688610838075	 0.9946089244246039	 -0.07464861231847421	 0.0922126036120213	 
-0.5068391521574865	 0.10093236603572124	 0.8561114012362601	 -0.4330457225207844	 
0.0	 0.0	 0.0	 1.0	 
32	 35	  37
0.8564905471834793	 0.06552541078170378	 0.5119866825682419	 -0.9185223850163002	 
0.051682886770484854	 0.9760376525879366	 -0.21137497473849626	 0.1445355313819095	 
-0.5135687118589041	 0.20750161751783944	 0.8325804807507001	 -0.4925665056354344	 
0.0	 0.0	 0.0	 1.0	 
32	 36	  37
0.9176781413629722	 0.035269083932863037	 0.39575613777064444	 -0.8555625997780463	 
0.07812841513468151	 0.9605882554033095	 -0.26676985273783954	 0.15283788394684558	 
-0.38956742627322355	 0.2757286624559774	 0.8787553272026823	 -0.5378472102228319	 
0.0	 0.0	 0.0	 1.0	 
32	 37	  37
0.8934272339762663	 0.01911891770883855	 0.4488008963618049	 -0.853666831319932	 
-0.014550832000123984	 0.9998012936488923	 -0.013625215818663218	 0.030688482726027297	 
-0.4489722161533172	 0.005642712436731778	 0.8935279004702285	 -0.5351014365753454	 
0.0	 0.0	 0.0	 1.0	 
33	 34	  37
0.9788663016550027	 0.00048628667235818014	 0.20450067728379193	 -0.28427555851615977	 
0.028021116416145027	 0.9902463006777859	 -0.13648106472603677	 0.13256893541997358	 
-0.20257240808918195	 0.13932705235966236	 0.9693051077765543	 -0.1731485617740665	 
0.0	 0.0	 0.0	 1.0	 
33	 35	  37
0.9729229784084734	 0.03365825314379053	 0.22866569502243833	 -0.3250829917598249	 
0.022678325402453153	 0.9706641633729695	 -0.23936744870678262	 0.09775307580594181	 
-0.23001428573400948	 0.23807184616993712	 0.9436181560459247	 -0.22170927620086647	 
0.0	 0.0	 0.0	 1.0	 
33	 36	  37
0.993763971826008	 -0.0157677196717873	 0.11038363699819198	 -0.2878524385069289	 
0.044871475201941416	 0.9628070413007532	 -0.2664378950804293	 0.05155444589015665	 
-0.10207702490667601	 0.2697294574903532	 0.9575104703073284	 -0.23959877169833554	 
0.0	 0.0	 0.0	 1.0	 
33	 37	  37
0.9805799867945414	 0.042547043660206514	 0.1914487883842382	 -0.37424088821817825	 
-0.03218530394853216	 0.9978602741509548	 -0.056912032832448646	 0.04533003620825182	 
-0.1934605792086774	 0.04964496295856796	 0.9798512039820559	 -0.24557884168991717	 
0.0	 0.0	 0.0	 1.0	 
34	 35	  37
0.9998848543669493	 -0.000390259258406952	 -0.015169894702895616	 0.07277384278661272	 
-0.0016345915785635472	 0.991082933531912	 -0.133236432600667	 0.0450949405823901	 
0.015086620494895241	 0.1332458875894185	 0.9909681767456263	 -0.03568243150511688	 
0.0	 0.0	 0.0	 1.0	 
34	 36	  37
0.9924754064533537	 0.002092313038243038	 -0.12242626275191086	 0.05092539208438534	 
-0.02133003065037031	 0.9875204880800035	 -0.15603946749039174	 -0.049212108138554825	 
0.12057195933426733	 0.1574766898572	 0.9801344268894525	 -0.06598819579818495	 
0.0	 0.0	 0.0	 1.0	 
34	 37	  37
0.9949624851896945	 0.08563687569673815	 -0.052115051434757864	 0.03884352106846051	 
-0.08347127102464667	 0.9956075371161935	 0.04240494017158979	 0.005746739573625964	 
0.05551756459604519	 -0.037841215074671045	 0.9977403682637064	 -0.044468738183969646	 
0.0	 0.0	 0.0	 1.0	 
35	 36	  37
0.9886490016685469	 -0.0008834276050052888	 -0.15024104317879483	 0.07456568795529578	 
-0.004236485116640709	 0.9994211750507658	 -0.033754511609603875	 -0.07622801917181103	 
0.15018389958195336	 0.03400785814797984	 0.9880730043324449	 0.004504621728772525	 
0.0	 0.0	 0.0	 1.0	 
35	 37	  37
0.9965510598528332	 0.0716028141690009	 -0.04194069752965517	 -0.03380182189279438	 
-0.06428133399591356	 0.9857406919400779	 0.1555094799464066	 0.012746821548027334	 
0.052477568597452284	 -0.15227713307182897	 0.9869436557055947	 -0.022329766245870845	 
0.0	 0.0	 0.0	 1.0	 
36	 37	  37
0.9933025752935104	 0.06842130159470754	 0.09310488388568841	 -0.07309273726628637	 
-0.08653889788288088	 0.9744800010119157	 0.20712254049483456	 0.006002593878217989	 
-0.07655725353288094	 -0.21379254691383448	 0.9738745986088756	 -0.005240570409559672	 
0.0	 0.0	 0.0	 1.0	 
