0	 1	  37
0.8253021451230502	 -0.34352050400910406	 0.4481852659120143	 -0.19494699247117867	 
0.23023754110674508	 0.9294161561109701	 0.28840298789199137	 -0.07079984115650413	 
-0.5156229668279059	 -0.13483053098330303	 0.8461404635132094	 -0.03451957693773832	 
0.0	 0.0	 0.0	 1.0	 
0	 14	  37
0.9543318832561505	 0.06076937766525815	 -0.2925025458674611	 0.7142384127315976	 
-0.046190646114007854	 0.9973335822457849	 0.05649911447412835	 -0.05215592751308941	 
0.29515602791123813	 -0.040408024734789584	 0.9545942125975273	 0.11974286996980263	 
0.0	 0.0	 0.0	 1.0	 
0	 24	  37
0.4790860107341041	 -0.36917674468790906	 0.7963574106521019	 -1.328784792732623	 
0.30933010080025997	 0.9200587423468488	 0.24043044601305494	 -0.3220562478874156	 
-0.8214569270861275	 0.13115045487063284	 0.5549847521594112	 1.1322816649969463	 
0.0	 0.0	 0.0	 1.0	 
0	 25	  37
0.5964023112248641	 -0.39012021368773836	 0.7015058816844478	 -1.2828998283445898	 
0.3371524374084789	 0.9148680897685859	 0.22213647218028065	 -0.08321988449765974	 
-0.72844527393289	 0.10403171245063841	 0.6771594241309984	 0.4103012356861734	 
0.0	 0.0	 0.0	 1.0	 
0	 26	  37
0.8395973840430259	 -0.31681734367195585	 0.441251632809165	 -1.9243073176034564	 
0.26829964534748624	 0.9481682370609548	 0.17027123813238246	 0.060913004845984484	 
-0.47232566414977	 -0.02457162952201745	 0.8810815524161831	 -0.05676673440345137	 
0.0	 0.0	 0.0	 1.0	 
1	 2	  37
0.6935455005358628	 -0.04856376472783259	 0.7187740948600739	 -0.5039746637326699	 
0.4409031331879818	 0.8176608319744527	 -0.3701826454601375	 -0.04583127088782306	 
-0.5697359615045196	 0.573648258613504	 0.5884969070081977	 -0.11533335465025724	 
0.0	 0.0	 0.0	 1.0	 
1	 14	  37
0.601906135708341	 0.30686700944306183	 -0.7372527669070656	 0.6933931807186693	 
-0.39125586338487817	 0.9181414757928247	 0.06273021437814487	 -0.4094178326033197	 
0.6961521767283401	 0.25069676692060927	 0.6726985044519933	 0.5844020768961549	 
0.0	 0.0	 0.0	 1.0	 
1	 15	  37
0.8997825060439941	 -0.26706455741635987	 0.34506226103298343	 0.07759644465628486	 
0.28188430589371605	 0.9594189919582891	 0.00751238714112393	 -0.29486485900448944	 
-0.3330655789900975	 0.090508121413186	 0.9385497323265544	 0.4693589173603474	 
0.0	 0.0	 0.0	 1.0	 
1	 16	  37
0.5356018210458995	 -0.2818841888057017	 0.7960351709526831	 -0.5727205298530453	 
0.4233807688630015	 0.9052484951717198	 0.03569154726696626	 -0.08753203666909189	 
-0.7306705234572489	 0.3179095250078052	 0.604197087099915	 0.09719073079451021	 
0.0	 0.0	 0.0	 1.0	 
1	 23	  37
0.21935617190244322	 -0.34604392558092156	 0.9122151453559906	 -1.8363276384343823	 
0.5625056022097225	 0.8088001862006269	 0.17155088540869554	 -0.17485861568482075	 
-0.7971639212426651	 0.47549538417357534	 0.3720669594288657	 0.771498061516845	 
0.0	 0.0	 0.0	 1.0	 
1	 24	  37
0.9004584472200814	 -0.16579912839823963	 0.40210102443588175	 -1.5493625860683289	 
0.2048743725884001	 0.9771927415419641	 -0.055864455015774986	 -0.14154930819276423	 
-0.3836679244952731	 0.13268381551675534	 0.9138894510899035	 0.3600262254512048	 
0.0	 0.0	 0.0	 1.0	 
1	 25	  37
0.954006244018192	 -0.1575130136583886	 0.25507202297106857	 -1.0467016545719656	 
0.18563735335112944	 0.97848107370744	 -0.09007530980863566	 0.21661008082083943	 
-0.23539511340528874	 0.1332833032475788	 0.9627173529444273	 -0.16602550768523613	 
0.0	 0.0	 0.0	 1.0	 
2	 15	  37
0.9444970722586296	 0.19453338923480418	 -0.26473012856057293	 -0.09820881823093701	 
-0.020238039830123133	 0.8387504442593195	 0.544139792699108	 0.07296061869764936	 
0.32789587103028855	 -0.5085808222176824	 0.7961343134381748	 0.8543403081065807	 
0.0	 0.0	 0.0	 1.0	 
2	 16	  37
0.9697391531043433	 0.015167157551677631	 0.2436717715868508	 -0.2531995876258852	 
-0.0970195301672893	 0.939818615828538	 0.3276097985534779	 0.10985132259506673	 
-0.22403835765910793	 -0.3413369693923213	 0.9128504190848997	 0.07008787629148198	 
0.0	 0.0	 0.0	 1.0	 
2	 23	  37
0.8380798506502529	 -0.16744104445063487	 0.5192163908885485	 -1.56817685985802	 
-0.0011168623199143983	 0.951205787164701	 0.30855518644634866	 0.49150662268454975	 
-0.5455464384931934	 -0.2591737777971819	 0.7969993954512953	 -0.35897664133440793	 
0.0	 0.0	 0.0	 1.0	 
3	 4	  37
0.962508426588785	 0.0449817725755641	 0.26749611003067425	 0.040618539161968545	 
0.14793040845499003	 0.7395482519812003	 -0.6566467674830136	 0.2950036427384351	 
-0.22736341614235644	 0.6715988558116457	 0.7051672524107784	 -0.5072378573934745	 
0.0	 0.0	 0.0	 1.0	 
3	 12	  37
0.8126231310918058	 0.295843230509802	 -0.5021159525210028	 0.006774472510583838	 
-0.3905996381388293	 0.9159012851356905	 -0.0925027490002677	 0.04053150919604809	 
0.4325223341058411	 0.2712961828856348	 0.859838828880925	 -0.07839710456988679	 
0.0	 0.0	 0.0	 1.0	 
3	 16	  37
0.8003507003708799	 0.3118724685896773	 -0.5120296082763395	 -0.007805469280907472	 
-0.3861742988482066	 0.9214517953347502	 -0.04237923764604965	 -0.11062125553829609	 
0.4585936843491603	 0.23165092749683724	 0.8579217216418509	 0.03552082792031236	 
0.0	 0.0	 0.0	 1.0	 
3	 17	  37
0.9662499309769998	 -0.046286940238964965	 0.25341387106916363	 -0.24731886529536787	 
0.07955646246517811	 0.9892558707862247	 -0.12265231915873494	 0.3857142638399468	 
-0.2450139591267623	 0.1386735060431656	 0.95955084208953	 -0.5724297484043733	 
0.0	 0.0	 0.0	 1.0	 
4	 17	  37
0.9975367311025913	 0.07006529827387349	 0.0033651268845577517	 -0.2310958433743317	 
-0.05996207383353655	 0.8268352997144095	 0.5592387118644084	 0.030242357209667933	 
0.036400821456906055	 -0.5580629365259577	 0.8289998426256103	 -0.1916953164471258	 
0.0	 0.0	 0.0	 1.0	 
5	 6	  37
0.8701510284391478	 -0.027035276592166542	 0.4920429671541688	 -0.007348683281584503	 
0.2967568240410547	 0.8258886541152588	 -0.4794197726301592	 -0.029284095956635593	 
-0.39341145775302516	 0.5631847164326035	 0.726670764573179	 -0.12420809658629295	 
0.0	 0.0	 0.0	 1.0	 
5	 11	  37
0.6523376857151435	 -0.11919046982554492	 0.7484979463556172	 -1.7368849198122427	 
0.4512185527631863	 0.8545553595796714	 -0.257171061855633	 0.5125135302731099	 
-0.608980592004463	 0.5054985354246081	 0.6112396168815221	 -0.2976213091045025	 
0.0	 0.0	 0.0	 1.0	 
5	 13	  37
0.5743882135890149	 -0.36006158261820276	 0.7351420521317605	 -1.6282701028131445	 
0.5133670835402533	 0.8579564226604084	 0.019105348809446226	 0.2619140927881056	 
-0.6375989473229984	 0.36642384411802564	 0.6776438215127284	 -0.07089524984152784	 
0.0	 0.0	 0.0	 1.0	 
5	 17	  37
0.5726735674962379	 0.4703533636056148	 -0.6714258696505634	 0.19122817801233688	 
-0.46990271604662665	 0.8594618224070825	 0.20128788656225882	 -0.00591678069579511	 
0.6717413360387573	 0.20023258768138208	 0.7132113910246269	 -0.05310211794569584	 
0.0	 0.0	 0.0	 1.0	 
5	 18	  37
0.8844030415374894	 -0.22497375066455233	 0.4089230632174725	 0.10856905012178197	 
0.24789119842953525	 0.9687827819180341	 -0.0031424831458617135	 0.10478972892889804	 
-0.39545064655454243	 0.10414764985863602	 0.9125634515848841	 -0.265985176476553	 
0.0	 0.0	 0.0	 1.0	 
5	 22	  37
0.9819646918839934	 -0.10090470599293931	 0.15988616013167892	 0.3438851249616736	 
0.10738457168890324	 0.9936895686868625	 -0.0323974512285707	 0.44073312485322935	 
-0.1556081542091073	 0.04898246003821362	 0.9866036797783793	 -0.6433773009893061	 
0.0	 0.0	 0.0	 1.0	 
5	 32	  37
-0.4393977472294634	 0.7531629891405688	 -0.48956626877116094	 1.782505201219124	 
-0.26672660930774117	 0.4110273624178708	 0.8717301321114258	 -0.9983366045813777	 
0.8577800042067131	 0.5136166071425768	 0.020284113253466268	 1.2362236855653745	 
0.0	 0.0	 0.0	 1.0	 
6	 18	  37
0.999761107395121	 0.017327697367092908	 -0.013322126107938127	 0.21676079726299663	 
-0.008391397374622255	 0.8670953132561985	 0.4980715833886089	 0.03582066742207243	 
0.020181986774907335	 -0.49784080651659013	 0.867033574192331	 -0.12999818653304035	 
0.0	 0.0	 0.0	 1.0	 
7	 8	  37
0.7885440497066712	 -0.02464027562278614	 0.614484449347123	 -0.18468419013320528	 
0.36419169014335373	 0.8238524621770765	 -0.43431731878350893	 0.24005986432323476	 
-0.4955428281215771	 0.5662684675858284	 0.6586177405105846	 -0.431687009843578	 
0.0	 0.0	 0.0	 1.0	 
7	 19	  37
0.9397958753380183	 -0.24995749844965517	 0.2330342499857861	 -0.9512778373498642	 
-0.32619594436794597	 -0.8594378276732302	 0.3936531801500184	 -2.5307509800872956	 
0.10188188541419459	 -0.44596846226287074	 -0.8892312478154032	 5.472024091717644	 
0.0	 0.0	 0.0	 1.0	 
8	 9	  37
0.9619666521683504	 -0.1633052706679612	 0.21897842059910722	 0.3845088118967356	 
0.08871091671460615	 0.9449391441034065	 0.31499267800502306	 -0.013515614449843975	 
-0.2583612458780724	 -0.2835866754859719	 0.9234869052212623	 0.20159330268976536	 
0.0	 0.0	 0.0	 1.0	 
9	 10	  37
0.8194951146250792	 0.274766002769556	 -0.502922857730357	 1.1361758155969166	 
-0.32184612814329233	 0.9467647396591244	 -0.007183142582605427	 -0.16372091152284632	 
0.47417594509295746	 0.16775032476937565	 0.8643014529867286	 -0.02406571074293783	 
0.0	 0.0	 0.0	 1.0	 
9	 25	  37
0.20588751690036833	 -0.39404400150626795	 0.8957341431817416	 -0.8258257986875222	 
0.4546402041074156	 0.8490768136213512	 0.26901830677442923	 -0.29469838367535933	 
-0.8665521422244408	 0.351849242499599	 0.3539625620862901	 0.7405639433682744	 
0.0	 0.0	 0.0	 1.0	 
9	 26	  37
-0.5210253502255562	 0.5513134881511362	 -0.6516026566896138	 0.9837391257349841	 
-0.2312383919739042	 0.643688050065997	 0.7295166209755313	 -1.6601323501805818	 
0.8216211964766118	 0.530772203477971	 -0.20789294724804896	 3.067506339918325	 
0.0	 0.0	 0.0	 1.0	 
10	 26	  37
-0.9605463069059093	 -0.1794413782220113	 0.21248902106038947	 -0.9447225544770964	 
-0.042519788506959345	 -0.6602899731136483	 -0.7498061209345385	 1.7610124342644553	 
0.27485061374270414	 -0.7292584885946557	 0.6266092857099204	 1.4262434790904104	 
0.0	 0.0	 0.0	 1.0	 
10	 29	  37
0.7583806810550815	 0.5925705484172427	 -0.2715122239438208	 0.4506500379908218	 
-0.5317743294019915	 0.8033654008467311	 0.26799271503425803	 -0.9867584512241769	 
0.3769281167430908	 -0.05885726693331243	 0.9243706058381821	 0.6692278371569257	 
0.0	 0.0	 0.0	 1.0	 
11	 13	  37
0.9912864604673923	 -0.0787116593726912	 0.10562020627146458	 -0.2404964551145741	 
0.052850088717074896	 0.9721226029176162	 0.22843929832512297	 -0.027867008386348775	 
-0.12065662607841574	 -0.22086674619660285	 0.9678118923674677	 0.23844453101810303	 
0.0	 0.0	 0.0	 1.0	 
12	 16	  37
0.5439882484417483	 0.3387840815060639	 -0.767660166789557	 1.217319015294514	 
-0.2847069210194052	 0.9351194631517847	 0.2109349633379134	 -0.1446979555946694	 
0.789315370863211	 0.10381202123458214	 0.6051481715797064	 0.19633151167973117	 
0.0	 0.0	 0.0	 1.0	 
12	 17	  37
0.8969802754810686	 0.23720672791911432	 -0.3730406862901329	 1.8799590328013418	 
-0.17023305101237188	 0.9641140082150153	 0.20372748343460237	 -0.1065058205886806	 
0.4079792810191775	 -0.11923568003531591	 0.905171673698194	 -0.17367254858018588	 
0.0	 0.0	 0.0	 1.0	 
13	 18	  37
0.873882986001742	 0.27365053921379395	 -0.4018008327077966	 1.149428492562646	 
-0.22281730260115268	 0.9600561737977723	 0.16924713532089064	 -0.7832640935305422	 
0.4320659399191579	 -0.05837401425961221	 0.899950830890774	 1.2483341382179072	 
0.0	 0.0	 0.0	 1.0	 
13	 22	  37
0.7365824269881003	 0.4026151015910152	 -0.5434587456497284	 1.589311977830555	 
-0.29818375492965643	 0.9145249888711208	 0.2733687857571262	 -0.7730918535450975	 
0.6070690047666495	 -0.03930807424857663	 0.79367631862775	 1.0813671034799095	 
0.0	 0.0	 0.0	 1.0	 
13	 27	  37
-0.1710591150541238	 0.5753359865684624	 0.7998295329107289	 -1.6978178713945447	 
-0.9270574897125674	 0.18089569851081302	 -0.3283917736913003	 1.3124399577876273	 
-0.3336213271431142	 -0.7976623651768834	 0.5024256773451051	 2.2996740565186076	 
0.0	 0.0	 0.0	 1.0	 
13	 29	  37
-0.7964854439224881	 -0.4171950195981351	 0.4376748259177218	 -0.10830081834656224	 
-0.12515931506031294	 -0.5944100493341888	 -0.7943625363171152	 1.4847226288832653	 
0.5915624087729289	 -0.6874772788049349	 0.4212231091164531	 1.5235244329273943	 
0.0	 0.0	 0.0	 1.0	 
13	 32	  37
0.9697552613113981	 -0.1873609830755921	 0.1564307999717749	 -1.468092901066168	 
0.17771236742451657	 0.9813212827956452	 0.07366718670264133	 0.25559666731649056	 
-0.16731122981807134	 -0.04363945408980041	 0.9849378408932756	 0.7666686442713988	 
0.0	 0.0	 0.0	 1.0	 
14	 15	  37
0.23033418701691868	 -0.46921687165647447	 0.8525149204818452	 -0.45912428165188635	 
0.48185469711537043	 0.8161225912357604	 0.31899838078348103	 -0.042797475785192565	 
-0.8454361082654971	 0.33731208609763685	 0.41407528713188196	 0.34576073157010695	 
0.0	 0.0	 0.0	 1.0	 
14	 23	  37
-0.6360824421950348	 -0.1983412713669981	 0.7456942180302337	 -1.4332423148531355	 
0.4258298746354853	 0.7156827949046967	 0.5535946666518093	 -0.5746732885330994	 
-0.6434811921098597	 0.6696707229302498	 -0.3707736212986963	 1.9393305469223043	 
0.0	 0.0	 0.0	 1.0	 
14	 24	  37
0.1892153365198899	 -0.3384464231929269	 0.9217654664032381	 -1.6504204545801298	 
0.35862598884388686	 0.8976947170759902	 0.25599139645621677	 -0.4315977886732078	 
-0.9141033620720417	 0.28213155364434805	 0.2912332911719008	 1.5622266767137882	 
0.0	 0.0	 0.0	 1.0	 
14	 25	  37
0.3365444698283822	 -0.36350070272363433	 0.8686800670830181	 -1.8649935440342948	 
0.4101564332454776	 0.8869727520266539	 0.21225229664154843	 -0.11384234475551681	 
-0.8476494087152313	 0.2848623813031267	 0.4475979262943818	 0.8604662445453692	 
0.0	 0.0	 0.0	 1.0	 
14	 26	  37
0.9303716977263834	 -0.17664925989871827	 0.3212530825485734	 -2.1492347619209657	 
0.15470867757752893	 0.9835915375412214	 0.09280577761921405	 0.3190670053926926	 
-0.33237588533456747	 -0.03664322931361055	 0.9424349020455107	 -0.25783423870749633	 
0.0	 0.0	 0.0	 1.0	 
15	 16	  37
0.8449317671142913	 -0.11006713173922479	 0.5234267240329075	 -0.41386394260902104	 
0.2240890579122463	 0.9614175856971184	 -0.15956290307062765	 0.4382375755887773	 
-0.48566902623610186	 0.25211396713197914	 0.8369970994763674	 -0.5758997953445151	 
0.0	 0.0	 0.0	 1.0	 
15	 23	  37
0.6263792222279693	 -0.28733164965051267	 0.72463065976413	 -1.7721713890271933	 
0.4295054315532977	 0.9029674542555275	 -0.013223495056360678	 0.5701648111412044	 
-0.6505183734740312	 0.31951572678728246	 0.6890105558758116	 -0.419263862598122	 
0.0	 0.0	 0.0	 1.0	 
16	 17	  37
0.6433758275865041	 -0.3276823184897476	 0.6918755976521811	 -0.6145198574386835	 
0.3010240499494059	 0.9392477400474879	 0.16491878051860173	 0.2907497743410837	 
-0.7038835598516537	 0.10216643756571309	 0.7029295506704024	 -0.46168706128158554	 
0.0	 0.0	 0.0	 1.0	 
16	 23	  37
0.9464394024582706	 -0.2404249964565971	 0.21551862692880452	 -1.0269344356702599	 
0.2347700712878777	 0.970666537325022	 0.05186026364121902	 0.44030899305250487	 
-0.2216652230322042	 0.001514726476017341	 0.9751216511296352	 -0.621830583380903	 
0.0	 0.0	 0.0	 1.0	 
18	 22	  37
0.9498849287331173	 0.16977767081408277	 -0.2624769792927132	 0.49215446989653927	 
-0.16149288489088487	 0.9854503783816349	 0.0529867896471675	 0.17088909064634314	 
0.2676540122906846	 -0.007943188304371017	 0.9634823482888829	 -0.22455512553282897	 
0.0	 0.0	 0.0	 1.0	 
19	 21	  37
0.890422405038664	 -0.13331056381792394	 0.4351737976713529	 0.2885380986963351	 
0.07745017853236907	 0.9865780773253366	 0.14375384233593594	 -0.05533350113039021	 
-0.4484968343817653	 -0.09429735370405766	 0.8887961513383967	 0.05791146463151349	 
0.0	 0.0	 0.0	 1.0	 
19	 31	  37
0.7011554965182205	 -0.26097077665439417	 0.6635323831092879	 -3.2813640809769686	 
0.13195504779800935	 0.9620283422644811	 0.23893374403896997	 -0.5985799728732376	 
-0.7006916833122211	 -0.0799732606078882	 0.7089678712923668	 1.74081937692731	 
0.0	 0.0	 0.0	 1.0	 
20	 21	  37
0.9793744297589454	 0.04235519574729536	 -0.19756458115651215	 0.035221160768629786	 
-0.11379291389478872	 0.9235950339376429	 -0.3660920458478404	 0.038136782391386126	 
0.16696376577471203	 0.38102263801371794	 0.9093650808335417	 -0.17288416151570787	 
0.0	 0.0	 0.0	 1.0	 
20	 30	  37
0.5481683746665736	 -0.5103494573785651	 0.6626121522948473	 -2.288230813731724	 
0.5998317595260222	 0.791996225483094	 0.11377099403823378	 0.3726555447635725	 
-0.5828492886495812	 0.33509015230820377	 0.7402710966576648	 0.27538969129969637	 
0.0	 0.0	 0.0	 1.0	 
20	 31	  37
-0.4051123231527352	 -0.7916157434674387	 0.4574150416463012	 -0.13120196135830828	 
-0.5442706741315873	 -0.19318254922330255	 -0.8163638502260698	 2.7543957358228814	 
0.7346110800349664	 -0.5796766489777555	 -0.35259260304178147	 1.6321534453001285	 
0.0	 0.0	 0.0	 1.0	 
21	 30	  37
0.5064179956315086	 -0.6233732090887131	 0.5957739973270115	 -2.1924629296913203	 
0.4590313890011703	 0.7797787019003579	 0.4257174649626788	 0.17113913226415925	 
-0.7299527365605415	 0.05788798021207024	 0.6810418372866277	 0.5027450408470083	 
0.0	 0.0	 0.0	 1.0	 
21	 31	  37
-0.7932464820348056	 -0.007849362930744438	 0.6088500687697963	 -0.7455763130457741	 
0.28722228546237427	 0.8768588951725085	 0.3855150278401835	 -1.0447462708567865	 
-0.5369016459959632	 0.4806837478617606	 -0.6933107218761267	 2.684247713978009	 
0.0	 0.0	 0.0	 1.0	 
24	 25	  37
0.9903990954749979	 0.023830426935952834	 -0.13616806686722058	 0.6754711697072452	 
-0.016322189031040095	 0.9982977682408531	 0.05599242868967291	 0.07564978568520882	 
0.1372706007400732	 -0.05323228980030222	 0.9891021714135882	 -0.31882167509840986	 
0.0	 0.0	 0.0	 1.0	 
24	 26	  37
0.8696301182689944	 0.18829322354773825	 -0.45638702804248943	 0.8337762500478131	 
-0.1506052180805426	 0.9815288397880446	 0.11797968024726556	 0.394687119667798	 
0.4701718044357474	 -0.03386441539929796	 0.8819249830248019	 -1.0134299754043343	 
0.0	 0.0	 0.0	 1.0	 
25	 26	  37
0.9307415428622982	 0.15554343577131416	 -0.3309477601960218	 0.03659388839413363	 
-0.14087532549065007	 0.9876881618006058	 0.0680164517366453	 0.3527247058720344	 
0.33745269751212803	 -0.016683363791368172	 0.9411946357233408	 -0.7018002037048797	 
0.0	 0.0	 0.0	 1.0	 
25	 29	  37
0.9638819232100326	 -0.06587057614537481	 0.25805562444404323	 -0.13093342276671543	 
0.0918095259064033	 0.9917209838307506	 -0.0897802939548008	 0.75033027594487	 
-0.2500052980674011	 0.11022956694120382	 0.9619494755496176	 -1.5446529901446282	 
0.0	 0.0	 0.0	 1.0	 
26	 29	  37
0.8299168425027014	 -0.18541433178339362	 0.5261744578556273	 -0.3403366536606446	 
0.25872030067329066	 0.9635172234513035	 -0.06854462876266867	 0.40979561065631515	 
-0.49426899614467806	 0.1930183558162474	 0.8476096234518129	 -0.7149983314499245	 
0.0	 0.0	 0.0	 1.0	 
27	 28	  37
0.9488988983571809	 -0.00687988299347676	 0.3155052264329761	 -0.02164105254560906	 
0.13762805154063026	 0.9087006424598866	 -0.3941086929035168	 0.0860890692690247	 
-0.2839883802652093	 0.4173916740939917	 0.8632119034578694	 -0.2933600378506275	 
0.0	 0.0	 0.0	 1.0	 
27	 29	  37
0.9491825459780519	 0.1067464563777595	 -0.29607041132375206	 0.2323197378834271	 
-0.15333564672314595	 0.9783722499472598	 -0.13883774694632234	 0.08464252080816248	 
0.27484663697163825	 0.17718051412028238	 0.9450219000433023	 -0.22951441378338522	 
0.0	 0.0	 0.0	 1.0	 
27	 32	  37
0.9931467849980656	 0.008073626630443427	 -0.11659451102447917	 0.024935960219018782	 
0.009325644400457226	 0.9889559576697776	 0.14791601044501115	 0.4281429987001429	 
0.11650105495025129	 -0.14798962917206246	 0.9821031380934455	 -0.5490972035777327	 
0.0	 0.0	 0.0	 1.0	 
28	 29	  37
0.8257647703536946	 0.15264804828806824	 -0.5429651161875448	 0.07398947792840588	 
-0.02687341151224378	 0.9722342420321972	 0.23246160623589548	 0.09738317911763537	 
0.5633740886803401	 -0.1773672798853341	 0.8069389594199017	 0.14112096934928064	 
0.0	 0.0	 0.0	 1.0	 
28	 32	  37
0.9238697695058224	 0.1882769550211023	 -0.333191292205005	 0.05929127970393514	 
0.013780632700818928	 0.8536865164324774	 0.5206048653477483	 0.26073671615716504	 
0.3824588123649709	 -0.4855626837694221	 0.7861005896035269	 -0.3493371674619939	 
0.0	 0.0	 0.0	 1.0	 
29	 32	  37
0.9615093721754532	 -0.246232433185083	 0.12193980509464437	 -0.3445802909904273	 
0.19909750543364857	 0.930184548292918	 0.30841026157895374	 0.2641400204874449	 
-0.18936713164872215	 -0.27226144597583785	 0.9434054242404382	 -0.26770486624401213	 
0.0	 0.0	 0.0	 1.0	 
30	 31	  37
0.9753096240355144	 0.03629684048825739	 -0.2178386481648129	 -0.05386122282844393	 
-0.17670987980697614	 0.7198892328798492	 -0.6712176329345535	 0.09106688551415082	 
0.13245661796341887	 0.6931392585579255	 0.7085289073873139	 -0.22126408108260576	 
0.0	 0.0	 0.0	 1.0	 
33	 35	  37
0.9499148688427369	 -0.1876181857823768	 0.24992230455726314	 -0.09131666571766366	 
0.24407775164700227	 0.9448421222483969	 -0.21840195781193752	 -0.045987860760214994	 
-0.19516094153910016	 0.2684637412926981	 0.9433130055865325	 -0.009084856573487177	 
0.0	 0.0	 0.0	 1.0	 
36	 37	  37
0.9381343355980237	 -0.14976478533739626	 0.31220902844872683	 -0.23644368125822593	 
0.20039988888144786	 0.9701150637701821	 -0.13680879936056572	 0.16575905573451957	 
-0.28238954107466185	 0.19091168670099726	 0.9401110971436422	 -0.21239141041491308	 
0.0	 0.0	 0.0	 1.0	 
38	 39	  37
0.7650033726077394	 0.44448615128360075	 -0.46604924762934186	 0.5394669812494162	 
-0.3936644764615827	 0.8954513574568398	 0.20783442063558763	 -0.28483126410988285	 
0.5097039531640027	 0.02447300034311922	 0.8600017165001437	 0.32541157700788254	 
0.0	 0.0	 0.0	 1.0	 
38	 40	  37
0.6767888238617087	 0.11281554576794936	 -0.7274816427436255	 0.654836946670714	 
-0.437407967366935	 0.8564683678609634	 -0.274109841008131	 -0.47367317095867095	 
0.5921411638957477	 0.5037207435540613	 0.6289946379211292	 0.04618976646084621	 
0.0	 0.0	 0.0	 1.0	 
38	 41	  37
0.9621756599933262	 -0.27000700315709464	 0.03625213873044209	 0.24696907454804054	 
0.2586908982528888	 0.9472518584286261	 0.1891902108054952	 -0.3576580993269827	 
-0.08542258763067462	 -0.17265611761428712	 0.9812710362447481	 0.5622072151372879	 
0.0	 0.0	 0.0	 1.0	 
38	 56	  37
0.2429926826338338	 0.1741226423026389	 -0.9542724252664747	 2.25251206144431	 
-0.5634607203196071	 0.8261109565391404	 0.007259761903491149	 -0.0337472794019555	 
0.7895989949609371	 0.5359309591015743	 0.29885018693844595	 -0.36428710739971726	 
0.0	 0.0	 0.0	 1.0	 
39	 40	  37
0.9949213790184489	 -0.027437672529133265	 -0.09684329454439204	 0.02630474340712496	 
-0.048184196236774335	 0.7148981700242735	 -0.697566405246813	 0.1514857463554444	 
0.08837269264339434	 0.6986900461736443	 0.7099454109808918	 -0.30030023725218075	 
0.0	 0.0	 0.0	 1.0	 
39	 41	  37
0.5947901187362238	 -0.6535652551559599	 0.4680568041452605	 -0.09530088070675163	 
0.6401460950652761	 0.7372646112415376	 0.21599506935007473	 -0.1817210972696328	 
-0.48624859035932283	 0.17115300249715137	 0.8568949516187983	 0.32101831461336416	 
0.0	 0.0	 0.0	 1.0	 
39	 56	  37
0.8412127399532161	 0.08619748359328067	 -0.5337893966374655	 0.6912315390233317	 
-0.3556129237478213	 0.8318576439606612	 -0.42608955472734306	 0.989257918506176	 
0.4073089424551461	 0.5482543698014682	 0.7304221870874855	 -1.3843001139913589	 
0.0	 0.0	 0.0	 1.0	 
40	 56	  37
0.8921246696865689	 0.11849779968432586	 -0.43597229866885234	 0.4838028862766644	 
-0.0035501601449752867	 0.9667992200368005	 0.25551255252761973	 -0.2782028058086372	 
0.45177535357694604	 -0.2264012800454275	 0.8629261209942694	 -1.4162211617128757	 
0.0	 0.0	 0.0	 1.0	 
41	 56	  37
0.1883530762710494	 0.37322381741401917	 -0.9084201124887863	 1.7810609953835166	 
-0.733993995275252	 0.668056592393348	 0.12228329509651434	 0.1285750576338414	 
0.6525150830127264	 0.643742472946049	 0.3997745551760389	 -1.0295525611193936	 
0.0	 0.0	 0.0	 1.0	 
42	 43	  37
0.7622449421863084	 -0.4586579172724723	 0.4567445270987603	 -0.09884763621467157	 
0.5265050483601178	 0.8497951525051386	 -0.025310725593672416	 -0.2329133772568535	 
-0.3765303203763298	 0.2597712718951942	 0.8892377658057777	 0.2461279778636018	 
0.0	 0.0	 0.0	 1.0	 
43	 44	  37
0.9319181666700551	 0.12365948387876416	 -0.3409352763753867	 -0.08182430000477472	 
-0.3451396424567166	 0.591126297205985	 -0.7290050260158643	 -0.277718703279832	 
0.11138742224853498	 0.7970433067270427	 0.5935611252149582	 0.036423372439607346	 
0.0	 0.0	 0.0	 1.0	 
44	 48	  37
0.9903681893375225	 -0.06406518709250236	 0.12274567752519704	 0.26560422919678334	 
0.06284651362744509	 0.9979280867563829	 0.013778584383756436	 -0.019859602496935413	 
-0.12337408671675114	 -0.005931733772477789	 0.9923425060236314	 0.4164219816634189	 
0.0	 0.0	 0.0	 1.0	 
45	 47	  37
0.6859991750053782	 -0.3625943613189989	 0.6308172960783541	 -0.07166132604848761	 
0.4766157697626337	 0.8790148486861468	 -0.013050049917191693	 0.010126120886769318	 
-0.5497658955460136	 0.3096097946269406	 0.77582165164782	 0.07399486391726064	 
0.0	 0.0	 0.0	 1.0	 
46	 47	  37
0.9517894525440506	 0.11772448959136389	 -0.2832627447730294	 -0.0018716054714379743	 
-0.08621718246981189	 0.9888672604112435	 0.12127711545765518	 -0.0804169494740158	 
0.29438654091663974	 -0.09100816357456706	 0.9513433022258162	 0.0975333639063852	 
0.0	 0.0	 0.0	 1.0	 
46	 56	  37
0.7102813042033062	 0.024377902854350254	 0.7034956906418647	 -0.9409387923275584	 
0.3832177798391534	 0.8249266310903943	 -0.4154999236257478	 0.4255179405043693	 
-0.5904613468419423	 0.5647138843434577	 0.5765879175939467	 -0.5183224120414782	 
0.0	 0.0	 0.0	 1.0	 
49	 50	  37
-0.3993805824846702	 -0.1385631224363926	 0.9062535028538555	 -2.2527214969603078	 
0.6670401663053068	 0.6342167788722465	 0.3909302929325137	 -0.849339910654287	 
-0.6289296994653656	 0.7606374553606929	 -0.1608666983337957	 2.0335632251306204	 
0.0	 0.0	 0.0	 1.0	 
49	 51	  37
0.7247337188767438	 0.2529355960793652	 -0.6409248169317989	 0.20530923311721475	 
-0.4732004608300293	 0.858841904002355	 -0.1961425700857844	 -0.3010956768416829	 
0.5008416522148803	 0.4454370529778425	 0.7421209276398847	 0.1351520804472418	 
0.0	 0.0	 0.0	 1.0	 
49	 52	  37
0.9733804874329296	 0.17430529644682455	 -0.14882234481225629	 0.1469084819731601	 
-0.22273621449475575	 0.872469026446637	 -0.4349556030720881	 -0.14022017237146664	 
0.054027820957167	 0.4565254226457078	 0.8880684281297129	 -0.03913374359669956	 
0.0	 0.0	 0.0	 1.0	 
49	 53	  37
0.4884778017479307	 0.6924828169413558	 -0.5309020488192474	 0.0072911058036660885	 
-0.4795096430953559	 0.7213583301156767	 0.499712579140537	 -0.33396895304147506	 
0.7290129898555124	 0.010474149783552747	 0.6844197197686799	 0.41796923662708	 
0.0	 0.0	 0.0	 1.0	 
49	 55	  37
0.21065607355810537	 0.8435898590113967	 -0.4939434870976768	 -0.02820558866243929	 
-0.5660069471424132	 0.5172247480996444	 0.6419615998950274	 -0.26403142925592266	 
0.797032091235733	 0.1443423351840682	 0.5864342553210914	 0.2987611342588247	 
0.0	 0.0	 0.0	 1.0	 
50	 51	  37
-0.9311959281641	 0.22603881481413038	 -0.2859730714036272	 0.48667068926623536	 
-0.024903569077486535	 0.7432387439171282	 0.6685626236843434	 -1.61903117547304	 
0.3636673694707894	 0.6296845430355691	 -0.686471718750513	 2.4996785127826775	 
0.0	 0.0	 0.0	 1.0	 
50	 52	  37
-0.5880278769109486	 0.25477479359107846	 -0.7676672589906544	 0.7681712758301479	 
-0.3671740323000831	 0.7615881434125924	 0.534010046551427	 -1.6258784152638506	 
0.7206985819190287	 0.5958802768711036	 -0.3542883707602006	 2.476088257250885	 
0.0	 0.0	 0.0	 1.0	 
50	 53	  37
0.9989969664747491	 -0.025457805663030405	 -0.03683695298300779	 0.02726254213634928	 
0.034206854095563746	 0.9647494836789061	 0.2609373964654525	 -0.08274479983980755	 
0.0288955378412264	 -0.26193574378482054	 0.9646526390472164	 0.2184620516453911	 
0.0	 0.0	 0.0	 1.0	 
50	 54	  37
0.9246724923874339	 0.15990476939553974	 -0.34555932420724544	 0.1738158357300723	 
-0.20677757743734204	 0.9729417257964448	 -0.10308943531409094	 -0.11187824317683107	 
0.3197245928782346	 0.16677788501115312	 0.9327171713762172	 0.08083141686868481	 
0.0	 0.0	 0.0	 1.0	 
51	 52	  37
0.8616522564797076	 -0.05159876859567769	 0.5048692464221196	 -0.14553059174823074	 
0.07124571514092634	 0.9972648048920218	 -0.019671222578586216	 0.06164925868948935	 
-0.5024733196673105	 0.05291952383655764	 0.8629716606119957	 -0.138719526336818	 
0.0	 0.0	 0.0	 1.0	 
51	 53	  37
-0.8967890367109702	 -0.012636102804772816	 0.4422779132411171	 -0.5208570635032186	 
0.37949725332216955	 0.4919713168239614	 0.7835471001435882	 -0.4007428095090253	 
-0.22748902908918203	 0.8705197024355071	 -0.43639911699687983	 2.67719576835326	 
0.0	 0.0	 0.0	 1.0	 
51	 54	  37
0.6554124137342752	 -0.2101694396713199	 0.7254401247182671	 -0.8594579025871124	 
0.1123952535448465	 0.9769488119739249	 0.1814891891086796	 -0.006864532410982151	 
-0.7468613491831003	 -0.037414240751081365	 0.663926426409899	 0.45722968650304796	 
0.0	 0.0	 0.0	 1.0	 
53	 54	  37
0.9328349460942935	 0.21583101947951544	 -0.28850638532914513	 0.09008519019461324	 
-0.3069203805702308	 0.8954270285066326	 -0.32250630476070785	 -0.007691727852146074	 
0.18872955077539122	 0.3893936409986877	 0.9015285625058719	 -0.16883807519230418	 
0.0	 0.0	 0.0	 1.0	 
53	 55	  37
0.9474211792734104	 0.28431684637886034	 -0.14682315869562348	 -0.10462461981139819	 
-0.275908741966978	 0.9582375174514706	 0.0752012383850308	 0.1065984323273641	 
0.16207243803429433	 -0.030737452946239016	 0.9863000222123068	 -0.0338599570920436	 
0.0	 0.0	 0.0	 1.0	 
