0	 1	  37
0.9973583642609605	 0.05735564893510253	 -0.04457154668545888	 -0.11860646938355945	 
-0.056649353395172804	 0.9982502073836477	 0.016952115455420726	 -0.03796431106472334	 
0.04546585530493744	 -0.014382384841827437	 0.9988623543850537	 0.12914873568181104	 
0.0	 0.0	 0.0	 1.0	 
0	 2	  37
0.9577465445337837	 0.08805613874424677	 -0.2738022513841884	 -0.348469761799038	 
-0.07460812015089573	 0.9954560609138187	 0.05916805892956321	 -0.18371089543980018	 
0.277768221438569	 -0.03624013271770292	 0.9599643055548766	 0.3599922482034487	 
0.0	 0.0	 0.0	 1.0	 
0	 3	  37
0.9290316318049899	 0.10566842885102523	 -0.35459048245816205	 -0.2752352713603893	 
-0.13588569022735547	 0.9888230627477298	 -0.06135168921580679	 -0.5235814388584743	 
0.3441443102786845	 0.10518143240303161	 0.9330067309405942	 0.6039401764724482	 
0.0	 0.0	 0.0	 1.0	 
0	 4	  37
0.9809491457681109	 -0.08626871789049367	 0.17405884559637755	 -0.08344570029072963	 
0.09738358949101228	 0.9936506707819851	 -0.056345194580872254	 -0.5048972945579979	 
-0.16809286098659623	 0.07222224565908196	 0.9831219341044627	 0.5010415650575935	 
0.0	 0.0	 0.0	 1.0	 
0	 5	  37
0.9501633304534665	 -0.19114548166851894	 0.24627839998523382	 0.12421530855561247	 
0.2221853461908885	 0.9693488722824812	 -0.10486389151045783	 -0.22503777417918588	 
-0.2186854302408186	 0.1543572759619451	 0.963509477876578	 0.32769206345445406	 
0.0	 0.0	 0.0	 1.0	 
0	 6	  37
0.9603095430353197	 -0.15365337022274933	 0.23280082339735128	 0.43316398306244436	 
0.17338096041653772	 0.982595794139938	 -0.06666744260538751	 0.004714107143872077	 
-0.21850543270210296	 0.10438461169010659	 0.97023668695941	 0.3062697317515631	 
0.0	 0.0	 0.0	 1.0	 
0	 10	  37
0.9997719131730826	 -0.02104522884566338	 -0.0036359280888926785	 0.6950058959698023	 
0.020737723417039125	 0.997309972896282	 -0.07030479918964222	 -0.1633930823832634	 
0.005105727931680886	 0.07021336272000615	 0.9975189297641601	 0.18685434889810582	 
0.0	 0.0	 0.0	 1.0	 
0	 11	  37
0.9761043366904483	 -0.208075363353115	 0.06264955753689934	 0.454465170929442	 
0.21011670544354208	 0.9772779366713331	 -0.02790707059105818	 -0.23338946358498316	 
-0.05541925646967751	 0.04040393125540735	 0.9976453419685057	 0.37102963027102326	 
0.0	 0.0	 0.0	 1.0	 
0	 12	  37
0.9839969479053946	 -0.16543715456976615	 -0.06618575678141335	 0.16002913555332857	 
0.16467874459019533	 0.986204294197869	 -0.01679289093281524	 -0.349265344539316	 
0.06805084564549072	 0.005624766087883216	 0.9976659984250198	 0.659495464157549	 
0.0	 0.0	 0.0	 1.0	 
0	 13	  37
0.9774804120176371	 -0.1213551326515567	 -0.17264117672488447	 -0.12363662463688595	 
0.11579013583611336	 0.99238591751793	 -0.04198613050937336	 -0.37651745761024774	 
0.17642190500299018	 0.021050474845447902	 0.9840895228300609	 0.6944170457410688	 
0.0	 0.0	 0.0	 1.0	 
0	 14	  37
0.9726369343675408	 -0.22607505171766615	 -0.053548715157010575	 -0.2848724901932456	 
0.2277773243482079	 0.9733081116157091	 0.028085768208009933	 -0.5386483527819903	 
0.0457699073287612	 -0.039514438549944346	 0.9981701882590963	 0.9637285146406815	 
0.0	 0.0	 0.0	 1.0	 
0	 15	  37
0.8866974804376728	 -0.41477363896518443	 0.2042802158924384	 -0.02854819281546143	 
0.3728153172403547	 0.9027304469452444	 0.2146776173452006	 -0.6576933615457262	 
-0.2734525871452962	 -0.11419530891248471	 0.9550827786144642	 1.0296915813288468	 
0.0	 0.0	 0.0	 1.0	 
0	 19	  37
0.8159110352989503	 -0.36881208806077004	 0.44527163190309915	 0.12578397054959184	 
0.40769033359206724	 0.9130735170639022	 0.009238199615973105	 -0.17881864007258377	 
-0.4099728946808358	 0.1739953911366915	 0.895347881825945	 0.28960520945176293	 
0.0	 0.0	 0.0	 1.0	 
0	 26	  37
0.6811552451504264	 0.16048532463690812	 -0.7143332503672555	 1.3546457453973013	 
-0.1812142372187916	 0.9822771509703572	 0.04788526820191448	 -0.39858805513699724	 
0.7093581128268527	 0.09683005348415322	 0.698165459263763	 0.7204346269197773	 
0.0	 0.0	 0.0	 1.0	 
0	 27	  37
0.12528887145251075	 0.22068601419013975	 -0.9672643805242838	 2.1581727844235843	 
0.19023549073650556	 0.9515122476250937	 0.241733118715007	 -0.5445399274285011	 
0.9737110232273213	 -0.2142944837374777	 0.07723158347004545	 1.8753300340029304	 
0.0	 0.0	 0.0	 1.0	 
0	 28	  37
0.2015393021916972	 0.31968719567974613	 -0.9258412426493555	 1.571317955248418	 
-0.2647451901398114	 0.9278335860268101	 0.2627447828948546	 -0.9332024791958436	 
0.9430227430820103	 0.19215861562534606	 0.2716305808833607	 1.687648968056088	 
0.0	 0.0	 0.0	 1.0	 
0	 29	  37
0.9362814215601014	 0.17990969424320272	 0.3016779765888025	 -1.677232322355743	 
-0.07926502590007233	 0.9449333964478405	 -0.3175183962333681	 -0.23476602516229875	 
-0.34219023263450593	 0.2733740627690684	 0.8989841302796598	 1.4752685210071044	 
0.0	 0.0	 0.0	 1.0	 
0	 31	  37
-0.022705026509096064	 0.8205226541009982	 -0.5711628978481322	 -0.41942945192191006	 
-0.6977988471481189	 0.3961190637307894	 0.5967968299746574	 -1.1907121697272214	 
0.7159338312232343	 0.41210709949732444	 0.5635658682478253	 1.3250104943831467	 
0.0	 0.0	 0.0	 1.0	 
0	 32	  37
-0.5498294718465899	 0.5836043766263778	 -0.5975729942621553	 0.23607734493992283	 
-0.4240621911390832	 0.42132558176403895	 0.8016582889221037	 -1.2743582902190669	 
0.7196240754277334	 0.6941834669118333	 0.015827328613761727	 1.9040864611113661	 
0.0	 0.0	 0.0	 1.0	 
0	 37	  37
0.37365546565634733	 -0.6591862927447745	 0.6525756848385779	 -0.2743662797400491	 
0.47877658707761594	 0.7396335285721015	 0.47298543643360985	 -1.1155515189042815	 
-0.7944523728024537	 0.13570436569758115	 0.5919710740223445	 1.1937525745161337	 
0.0	 0.0	 0.0	 1.0	 
0	 38	  37
0.636768130729468	 -0.6092678486717509	 0.47256643581849406	 -0.4263513974459731	 
0.4537510501453386	 0.7916210376368831	 0.40920180505797715	 -0.8162211129530446	 
-0.6234070357152707	 -0.04613915198181101	 0.7805349745367581	 0.693484204442195	 
0.0	 0.0	 0.0	 1.0	 
0	 39	  37
0.7002700497843187	 -0.4557868830512344	 0.5494362334370647	 -0.36790941880982175	 
0.2897547708212399	 0.8848727112629063	 0.36474985626942175	 -0.6567559959388405	 
-0.6524293296299596	 -0.09622163010816853	 0.7517162814106979	 0.38523464727317147	 
0.0	 0.0	 0.0	 1.0	 
0	 41	  37
0.9698307286324169	 -0.005465957688326874	 -0.24371803607214468	 -0.5396549288101898	 
-0.07959564029802813	 0.9378571932499812	 -0.33776977235213534	 -0.32767260630700057	 
0.23041894853909226	 0.34697839756361765	 0.909127658680739	 -0.0007067049969845272	 
0.0	 0.0	 0.0	 1.0	 
1	 2	  37
0.9685340456312787	 0.042701934365318925	 -0.2451904305933827	 -0.1987734167501316	 
-0.03534170116552811	 0.9987850459294839	 0.034342338102773234	 -0.17957292563797525	 
0.24635901974929794	 -0.02459627673243766	 0.9688664802536349	 0.2386643195509455	 
0.0	 0.0	 0.0	 1.0	 
1	 3	  37
0.9397924119536493	 0.08319913276330465	 -0.33146361299813326	 -0.08527759812890323	 
-0.12057024679605194	 0.9882641736129527	 -0.09379093101492819	 -0.47900458864605505	 
0.3197702894608586	 0.1281086549009936	 0.9387945113375857	 0.47160177905260514	 
0.0	 0.0	 0.0	 1.0	 
1	 4	  37
0.9683998190942625	 -0.15372858958054292	 0.19639071038054787	 0.12152811080832335	 
0.1692502896828807	 0.9834430512135696	 -0.06476190594789547	 -0.45953424652824426	 
-0.18318332298672885	 0.09595460262707564	 0.9783846812037784	 0.3648311449575224	 
0.0	 0.0	 0.0	 1.0	 
1	 5	  37
0.9179570346400818	 -0.2882206436524891	 0.2725504414366861	 0.2814594931637164	 
0.32742096315455677	 0.9384065249102086	 -0.11040247684218221	 -0.15129746517446524	 
-0.22394283967506062	 0.19058345830236914	 0.9557863516392031	 0.18901570145820204	 
0.0	 0.0	 0.0	 1.0	 
1	 10	  37
0.9974922112404878	 -0.0667479226531123	 0.023537275459471287	 0.8649345461491452	 
0.06817931030282143	 0.9954592566581898	 -0.06642627477252741	 -0.11378412661704584	 
-0.01899658288199367	 0.06786444691455093	 0.9975136824544257	 0.03812257530806998	 
0.0	 0.0	 0.0	 1.0	 
1	 11	  37
0.9580723414948288	 -0.2761369817430504	 0.07645754231240852	 0.638394325612464	 
0.2796941365415055	 0.9592407038199683	 -0.04035420819782833	 -0.15425436883350385	 
-0.06219789744772086	 0.06004697701641792	 0.9962558818417451	 0.22665113090348996	 
0.0	 0.0	 0.0	 1.0	 
1	 12	  37
0.974603132923631	 -0.22158182886229127	 -0.032407196939665345	 0.3406248174939719	 
0.22029778572239492	 0.9746541198343852	 -0.03896450045451861	 -0.3019639261725288	 
0.040219633280947104	 0.030835690488500118	 0.998714944962197	 0.5224848093206824	 
0.0	 0.0	 0.0	 1.0	 
1	 13	  37
0.9753526857318672	 -0.1779610129767919	 -0.13044928629895247	 0.049079852587045364	 
0.17769085641655125	 0.9839895583338777	 -0.013802486582240509	 -0.452459207103277	 
0.13081704010404993	 -0.009717353043622257	 0.9913589032576648	 0.5515037140076601	 
0.0	 0.0	 0.0	 1.0	 
1	 14	  37
0.9582562486709232	 -0.2857950164718524	 -0.008134521681319931	 -0.09781235362477861	 
0.28590309324889984	 0.9580509835651311	 0.019943273567689077	 -0.5253109235758848	 
0.002093598299840258	 -0.021436451425981096	 0.9997680207910331	 0.8345094687549582	 
0.0	 0.0	 0.0	 1.0	 
1	 26	  37
0.7662457489978101	 0.102985607077994	 -0.6342408193088507	 1.4265413487401275	 
-0.1341965951675652	 0.9909539778494231	 -0.0012196843192688867	 -0.27880587686995095	 
0.628377852878519	 0.08604753639229396	 0.7731345908007216	 0.416820946727137	 
0.0	 0.0	 0.0	 1.0	 
1	 27	  37
0.19026978398141497	 0.35762466039697455	 -0.914276769681705	 2.341827895296365	 
-0.4148176915384661	 0.8733571461119026	 0.2552911634231994	 -0.8124450616631869	 
0.8897885659471932	 0.330683984509715	 0.3145225115924371	 1.3377746820541794	 
0.0	 0.0	 0.0	 1.0	 
1	 28	  37
0.21923778095406324	 0.3064428297825802	 -0.9262977855296757	 1.7615921761572901	 
-0.31754068598710844	 0.9201173674672831	 0.229242105268452	 -0.8680151708660473	 
0.9225522793561202	 0.2438787037851397	 0.299032556245813	 1.4879239508231112	 
0.0	 0.0	 0.0	 1.0	 
1	 29	  37
0.9318781512491707	 -0.15127563309330774	 0.32972533123290043	 -0.05422980055120599	 
0.11006576885461432	 0.9839630669462238	 0.14036455896066932	 -0.8978599064506587	 
-0.3456712856904224	 -0.09451119361218237	 0.9335839525886953	 0.69715003274139	 
0.0	 0.0	 0.0	 1.0	 
1	 31	  37
0.3764702654639102	 0.3499471793978707	 -0.857791997428868	 0.7656670895588379	 
-0.23197721165277863	 0.9320240051433912	 0.2784202347356847	 -0.9892784749486853	 
0.8969151088566493	 0.09417125606014895	 0.43205909553754207	 1.7493449151873435	 
0.0	 0.0	 0.0	 1.0	 
1	 32	  37
0.7512471914837939	 -0.49094156047683957	 0.4411394807589508	 -0.7754167274127952	 
0.3316695694275206	 0.8586575311879431	 0.39077172473195726	 -0.5542637051787569	 
-0.5706338177881449	 -0.14725361907535986	 0.8078944347287793	 0.4593653520576657	 
0.0	 0.0	 0.0	 1.0	 
1	 40	  37
0.9808942342959542	 -0.08986214636597599	 -0.17254360543193825	 -0.3034903739308827	 
0.01738852531480393	 0.9238714163852486	 -0.3823077885339115	 -0.02637603560625426	 
0.19376310358870952	 0.37200322664839025	 0.9077827157700552	 -0.36138467595575924	 
0.0	 0.0	 0.0	 1.0	 
1	 41	  37
0.9625842311354157	 -0.16569513202064912	 -0.21442183003159979	 -0.29763544740181896	 
0.06740871530009585	 0.9128158529624447	 -0.40276951682325096	 -0.22577219252399283	 
0.2624645939379848	 0.3732456855813663	 0.8898314419730653	 -0.08778906345676249	 
0.0	 0.0	 0.0	 1.0	 
2	 3	  37
0.9976527861254297	 0.026961919498495673	 -0.06294420730395187	 0.15638657929304883	 
-0.03496183328552604	 0.9909403514857419	 -0.12967224070952477	 -0.32783499421785117	 
0.05887774239456998	 0.1315685171090349	 0.9895570406784278	 0.20348600875361514	 
0.0	 0.0	 0.0	 1.0	 
2	 11	  37
0.8849655961511306	 -0.33094498495593944	 0.32758405114014344	 0.7506528188455063	 
0.3662040354614424	 0.9291574450266575	 -0.05060678574350703	 0.08660995217081673	 
-0.28762909804230397	 0.16474786579512338	 0.9434657612628682	 -0.2062439688712013	 
0.0	 0.0	 0.0	 1.0	 
2	 12	  37
0.9413150407723818	 -0.2744156024799889	 0.1965249885669353	 0.6119798096135253	 
0.2918022768465001	 0.9542529557965912	 -0.0652129402854028	 -0.07808149063097268	 
-0.16963910292997905	 0.1187323606647051	 0.9783277575986985	 0.152469878169366	 
0.0	 0.0	 0.0	 1.0	 
2	 13	  37
0.9689049346167089	 -0.2360232854045234	 0.07427137013847396	 0.39599841520706774	 
0.24182994525716828	 0.9668139887512538	 -0.08239531984163831	 -0.19546615089297148	 
-0.052359385522618894	 0.09779427335864707	 0.9938283427463458	 0.23553472231026	 
0.0	 0.0	 0.0	 1.0	 
2	 14	  37
0.9143343989944042	 -0.33192241673615885	 0.23199162933944353	 0.23094946784116435	 
0.3407763407352423	 0.9401422063725574	 0.002029135786123697	 -0.375229630229339	 
-0.21877863792116484	 0.07720194987801884	 0.9727156658162712	 0.5277291289006537	 
0.0	 0.0	 0.0	 1.0	 
2	 26	  37
-0.5772539030718687	 0.39005921898378515	 -0.7173783778969461	 1.4169273295333138	 
-0.40330684030147135	 0.6277047288215776	 0.6658305835428965	 -1.558076803235899	 
0.7100151575525256	 0.6736769100249689	 -0.20503145355011423	 2.0820038916522314	 
0.0	 0.0	 0.0	 1.0	 
2	 27	  37
0.5564979457597526	 0.234392607630178	 -0.7971010863457031	 2.7465696088235094	 
-0.24119120434886246	 0.9636426159121851	 0.11497700527786335	 -0.25119346636599954	 
0.7950703360772052	 0.12826930375676726	 0.5927985715264785	 0.3007937259086179	 
0.0	 0.0	 0.0	 1.0	 
2	 28	  37
0.4380663857193393	 0.26561862818247034	 -0.8588041604843664	 2.343653785638824	 
-0.29957101992346197	 0.9438761049473238	 0.13912261689417982	 -0.5630327614271999	 
0.8475582845591275	 0.1963278963161643	 0.4930520372164151	 0.8189332549270021	 
0.0	 0.0	 0.0	 1.0	 
2	 29	  37
0.5019833356553528	 0.262876806853782	 -0.8239590494330921	 1.9083233681959606	 
-0.29180871899123845	 0.9483040269514057	 0.12476836132786337	 -0.834132634645132	 
0.8141623930427011	 0.1778067965126958	 0.5527425629249791	 1.0308893985207432	 
0.0	 0.0	 0.0	 1.0	 
2	 30	  37
0.3001086873021397	 0.34903108337075406	 -0.8877567677279763	 1.4418523326573898	 
-0.41959013835667375	 0.8840887797195653	 0.20574534105976128	 -1.0519481047101897	 
0.856667316756986	 0.31074802077407865	 0.4117727237025036	 1.3334351312086017	 
0.0	 0.0	 0.0	 1.0	 
2	 31	  37
-0.02288234046312722	 0.5781418186156553	 -0.8156153726253027	 0.9405689962530474	 
-0.619550470893269	 0.6320855481793296	 0.46542998807421543	 -1.1414144521471357	 
0.7846232296528425	 0.5159650156266592	 0.34372443925115853	 1.3453908510228296	 
0.0	 0.0	 0.0	 1.0	 
2	 40	  37
0.993700129513503	 -0.06260420596855042	 0.09295572064103234	 -0.2892665264631482	 
0.0969690026317079	 0.896126608647965	 -0.43307518262041717	 0.22117473297847276	 
-0.05618776675984022	 0.43936068857846544	 0.8965517944873004	 -0.5377303274540389	 
0.0	 0.0	 0.0	 1.0	 
2	 41	  37
0.9950352434453528	 -0.09375105601286425	 0.03340065565402328	 -0.20064644679240592	 
0.09872475960942002	 0.887380070659066	 -0.45034434829047465	 -0.01784532024756354	 
0.012581182047330693	 0.451405969935692	 0.892229995104798	 -0.3106407155633997	 
0.0	 0.0	 0.0	 1.0	 
2	 42	  37
0.9854578059712142	 -0.09027930326675704	 0.1439533259500084	 -0.11888896951638091	 
0.1441267016960415	 0.8928286833390622	 -0.42671352927374695	 -0.23069522189884978	 
-0.09000225835289263	 0.44125569640368995	 0.8928566536027347	 0.1398015092671416	 
0.0	 0.0	 0.0	 1.0	 
3	 4	  37
0.8476429509663076	 -0.18214763503883932	 0.49832084717266856	 0.1700445680083656	 
0.17671922655938208	 0.9825192500588618	 0.058534077493591664	 0.0371565830332658	 
-0.5002716688374248	 0.03844687651201153	 0.8650145056847814	 -0.15750431910171794	 
0.0	 0.0	 0.0	 1.0	 
3	 5	  37
0.7893825441899255	 -0.19921117946887287	 0.5806807254445948	 0.22594962961417447	 
0.2415517082555069	 0.9703773529611514	 0.004534875847830421	 0.3095561555188872	 
-0.564382823238879	 0.13668466934784287	 0.8141187444090595	 -0.40236082281111674	 
0.0	 0.0	 0.0	 1.0	 
3	 10	  37
0.9355207794338207	 -0.12327519271741341	 0.3310650964810711	 0.7625990834390897	 
0.11593382598678377	 0.9923721770781594	 0.04191431919070231	 0.4026137202581925	 
-0.3337067863253645	 -0.0008300732729897047	 0.942676557329585	 -0.7684189461537033	 
0.0	 0.0	 0.0	 1.0	 
3	 11	  37
0.863689971511027	 -0.3567803652065377	 0.3560160166542665	 0.6462716404230815	 
0.3431495930392253	 0.9336019160118592	 0.1031301081934793	 0.31395625750278494	 
-0.36917203294439266	 0.03309431102280242	 0.9287716493679328	 -0.5130666943507206	 
0.0	 0.0	 0.0	 1.0	 
3	 12	  37
0.9210987947680387	 -0.2867923125033547	 0.2633005502573903	 0.447296752033701	 
0.2745967414715785	 0.9579844205705286	 0.08284008400128379	 0.2129413796427034	 
-0.27599572433292774	 -0.004002428403712446	 0.961150529686592	 -0.11352967073249935	 
0.0	 0.0	 0.0	 1.0	 
3	 13	  37
0.9542339408877788	 -0.2500047181009145	 0.1641195508922128	 0.19390597770162452	 
0.24500856535899462	 0.9682129693125209	 0.0503433109336134	 0.14195679065545813	 
-0.17148874294981103	 -0.00782860027805725	 0.9851549746406298	 0.011074912976496017	 
0.0	 0.0	 0.0	 1.0	 
3	 14	  37
0.8940357357506057	 -0.354704550487986	 0.2736508451731665	 0.12996777024390374	 
0.3277633160701097	 0.9342982623376473	 0.14020686727681575	 -0.00204627052411991	 
-0.3054035229652695	 -0.03565724128377047	 0.9515551740726508	 0.3237633709889723	 
0.0	 0.0	 0.0	 1.0	 
3	 26	  37
0.967281216077468	 0.1550217118390173	 -0.20083654518586938	 2.3166364879024695	 
-0.13182097042499014	 0.9834585358067213	 0.12422777509524022	 0.19795507405078527	 
0.2167724170181923	 -0.09368872508151838	 0.9717160809684541	 -1.012113768962367	 
0.0	 0.0	 0.0	 1.0	 
3	 27	  37
0.623166792348971	 0.20974706596871892	 -0.7534383300781881	 2.5438183293446275	 
-0.1590702681415227	 0.9772217587109945	 0.14047876741762638	 0.20923790023520666	 
0.7657413392960302	 0.03230793430885871	 0.6423366708150916	 -0.11115118779139026	 
0.0	 0.0	 0.0	 1.0	 
3	 28	  37
0.5046158475612397	 0.2531771645956578	 -0.8253872846835933	 2.223814112582771	 
-0.15619466930268622	 0.9670310762057608	 0.20113210319029623	 -0.14989820844161977	 
0.8490972097890065	 0.027426647254650393	 0.5275241296366382	 0.48582382780970207	 
0.0	 0.0	 0.0	 1.0	 
3	 29	  37
0.5607446149855978	 0.21578544549058448	 -0.7993760806273131	 1.797645602679971	 
-0.16335552147043933	 0.9752989213196217	 0.14868418771982378	 -0.2891386766751313	 
0.8117145128490534	 0.04720863890447159	 0.5821433621050851	 0.7784879509606719	 
0.0	 0.0	 0.0	 1.0	 
3	 30	  37
0.386858542512776	 0.2873088889999585	 -0.8762385921576955	 1.3522624848603964	 
-0.2179666447100994	 0.9517877635331671	 0.21584854639851606	 -0.47919102041152556	 
0.8960083760092379	 0.10748793183488302	 0.43083098151264315	 1.1150036730821142	 
0.0	 0.0	 0.0	 1.0	 
3	 40	  37
0.9851268277121692	 -0.06521282602293646	 0.1589730186033541	 -0.4994300478787025	 
0.10996704638540487	 0.95017649559839	 -0.29167083488349416	 0.39365117131971733	 
-0.13203174630001024	 0.3048145576157187	 0.9432156187396942	 -0.7869056453152032	 
0.0	 0.0	 0.0	 1.0	 
3	 41	  37
0.9903793276945431	 -0.10109002137900601	 0.09449653354962947	 -0.3632221287380177	 
0.12698796001049012	 0.9352639767704828	 -0.3303866700819421	 0.25090594103038427	 
-0.0549804082167299	 0.33920805021852335	 0.9391033241232131	 -0.521173402817937	 
0.0	 0.0	 0.0	 1.0	 
3	 42	  37
0.9731584127067161	 -0.0987034356140478	 0.20789501094573454	 -0.26667292033386086	 
0.15810857878269471	 0.9431604826777634	 -0.29231828754007927	 0.057112724159461684	 
-0.16722553959685738	 0.3173419854242923	 0.933450418176299	 -0.06281214052531034	 
0.0	 0.0	 0.0	 1.0	 
3	 43	  37
0.9861167807553718	 -0.1176769376619654	 0.11715730047745593	 -0.12395464356439291	 
0.14803455044369995	 0.9426404461268575	 -0.29919017564200084	 -0.1049216842865109	 
-0.07522942634099081	 0.3123797811451015	 0.9469738147088033	 0.33643784621521805	 
0.0	 0.0	 0.0	 1.0	 
3	 44	  37
0.915759631027071	 -0.13456121328348064	 0.37852024788753225	 -0.0768047967266138	 
0.21809918534341086	 0.9578130085028013	 -0.1871549788152895	 -0.2891514331604952	 
-0.33736781638695396	 0.25394393204502586	 0.9064741782554031	 0.6746214679430692	 
0.0	 0.0	 0.0	 1.0	 
3	 45	  37
0.8521746953110199	 -0.12070520109001784	 0.5091449136556204	 0.11939505829589388	 
0.22557002519880928	 0.9627174564574641	 -0.14930928559161633	 -0.3311619234930278	 
-0.47214028890085125	 0.24208542595928542	 0.8476309303787422	 0.893164276386998	 
0.0	 0.0	 0.0	 1.0	 
4	 5	  37
0.988278441115876	 -0.13559411235484004	 0.07014242311381456	 0.2480806256894786	 
0.13825859782789515	 0.9897909788999083	 -0.03461759978719178	 0.21256366409202124	 
-0.06473239492123475	 0.04390962062082606	 0.9969361375056564	 -0.1564105640301512	 
0.0	 0.0	 0.0	 1.0	 
4	 6	  37
0.9962672599682433	 -0.060259385429585824	 0.061809005678923244	 0.5822706767477753	 
0.060616510923465976	 0.9981534412923795	 -0.003917427682131678	 0.4273676148865672	 
-0.06145880993668756	 0.0076494512109058655	 0.998080307679366	 -0.14775038410936206	 
0.0	 0.0	 0.0	 1.0	 
4	 7	  37
0.9974874541115614	 -0.07005994525800048	 -0.010506329543781084	 0.9874219677542551	 
0.07024270275560494	 0.9973644000475042	 0.018171852615268633	 0.5390835923065418	 
0.009205520062672813	 -0.018864187984891315	 0.9997796761347214	 -0.29171725431812384	 
0.0	 0.0	 0.0	 1.0	 
4	 9	  37
0.9863233451211392	 0.119058835212306	 0.11397917628644441	 1.3286910398163247	 
-0.12213524846032967	 0.9923043220233353	 0.02037433624299224	 0.2174733236600533	 
-0.11067628450838442	 -0.03401655849285885	 0.9932741986962716	 -0.27847973943574555	 
0.0	 0.0	 0.0	 1.0	 
4	 10	  37
0.9787303119429545	 0.06631699845798313	 -0.19413663281196503	 0.8789914884354127	 
-0.06532418241137694	 0.9977976110874002	 0.011518615392505238	 0.23122865760427838	 
0.19447294844355406	 0.0014081987782812416	 0.9809068708597518	 -0.18868504565498406	 
0.0	 0.0	 0.0	 1.0	 
4	 11	  37
0.9835886834781706	 -0.13175765456083835	 -0.1232607893788856	 0.5944182728681531	 
0.13754100487264725	 0.9897036278264542	 0.03961314233658397	 0.22311971678748033	 
0.11677231569298246	 -0.05591645135184157	 0.991583368535352	 -0.04260024769086885	 
0.0	 0.0	 0.0	 1.0	 
4	 12	  37
0.9701298982888529	 -0.045462398184738455	 -0.23828795772625702	 0.24681518014169115	 
0.05960213963951435	 0.9968422543581942	 0.05247003789271997	 0.16338722237756348	 
0.23515009121080516	 -0.0651052246548919	 0.9697761310355003	 0.19035520425081023	 
0.0	 0.0	 0.0	 1.0	 
4	 13	  37
0.9441645670352192	 0.008941440545505776	 -0.3293528821737699	 -0.058414829226363554	 
0.012049878888302014	 0.9980257917575287	 0.06163861943242664	 0.11658485539656402	 
0.32925380905006274	 -0.062165662770772845	 0.942192846289068	 0.166224698168885	 
0.0	 0.0	 0.0	 1.0	 
4	 14	  37
0.9706964386609733	 -0.0936684780249032	 -0.22130214683866367	 -0.2691057135386555	 
0.12251473590719303	 0.9851344315388585	 0.12041715526535922	 0.006280275350365132	 
0.20673307296244148	 -0.14400127784540326	 0.9677422531451221	 0.39386044314930085	 
0.0	 0.0	 0.0	 1.0	 
4	 15	  37
0.9510861595486194	 -0.29589113884679624	 0.0887893634789851	 -0.09555273097311415	 
0.2677119178727922	 0.9328510833191277	 0.2410792097614384	 -0.08207140079224458	 
-0.15416045583718493	 -0.2055171289753589	 0.9664353385269997	 0.531872987329805	 
0.0	 0.0	 0.0	 1.0	 
4	 18	  37
0.7466144167367197	 -0.3437389498972014	 0.5695704056957814	 0.03197731005625671	 
0.3089204943657524	 0.9373993572467609	 0.16078113444735487	 -0.006145624938878664	 
-0.589181670524217	 0.05591045838596319	 0.8060638806951742	 0.14601410518213728	 
0.0	 0.0	 0.0	 1.0	 
4	 19	  37
0.9035499067497472	 -0.31671502198473184	 0.28859861548824794	 0.260629605085111	 
0.31494211782728965	 0.9475807920944541	 0.05387118777332476	 0.271993528556231	 
-0.29053231908168886	 0.042216552474805664	 0.955933436106384	 -0.20876920098989374	 
0.0	 0.0	 0.0	 1.0	 
4	 20	  37
0.8915032900527534	 -0.2711073071002624	 0.36293623663387375	 0.20652393383322137	 
0.20708077444292539	 0.9564377722827148	 0.20577740548222279	 0.1080124370260097	 
-0.40291368390913884	 -0.1082941170503777	 0.9088085318322255	 -0.849862588741041	 
0.0	 0.0	 0.0	 1.0	 
4	 25	  37
0.8806715580499559	 0.04192022378464802	 -0.47186894544958985	 2.4849101008106658	 
0.03448176822181396	 0.9877624308065606	 0.15210650198926587	 0.18713349584822117	 
0.4724707551819057	 -0.1502267457044806	 0.868448795481277	 0.15795204887189304	 
0.0	 0.0	 0.0	 1.0	 
4	 26	  37
0.6433706276926983	 0.1837597455840172	 -0.7431733252244734	 2.4181701249581065	 
-0.14165045701857498	 0.9825764199040876	 0.12032758235290707	 0.04634506653123	 
0.7523359511871897	 0.02785560897492576	 0.6581904599733299	 0.6524870292621032	 
0.0	 0.0	 0.0	 1.0	 
4	 27	  37
0.12950342004648074	 0.3311247839947993	 -0.934657820606377	 1.992841052929628	 
-0.22735562097552228	 0.9273994605016209	 0.29705161550164483	 -0.26519213900492283	 
0.9651623106022633	 0.17403050906579576	 0.19538448276974463	 1.2052156313977	 
0.0	 0.0	 0.0	 1.0	 
4	 37	  37
0.5443789385679384	 -0.6099812364671388	 0.5758250275922933	 -0.3656335996566005	 
0.41050729081485937	 0.7923614815529497	 0.4512726966470032	 -0.527818321191077	 
-0.7315294494628971	 -0.009282979545083642	 0.6817466471199373	 0.6611409303573927	 
0.0	 0.0	 0.0	 1.0	 
4	 38	  37
0.7788411762884113	 -0.504879370793151	 0.37216023842586454	 -0.4309321767387041	 
0.314162724548188	 0.8275667802328929	 0.4652257589164873	 -0.3248033570188565	 
-0.5428703386833208	 -0.24541810284181315	 0.8031573632703505	 0.15625541329179266	 
0.0	 0.0	 0.0	 1.0	 
4	 39	  37
0.8222004339588089	 -0.3869524189133039	 0.4174377461311913	 -0.24304090196337486	 
0.2292169139915722	 0.8963739538020616	 0.3794381916537117	 -0.14078134622793967	 
-0.5210048490543312	 -0.2162904538864386	 0.8256950931303101	 -0.19471679742929504	 
0.0	 0.0	 0.0	 1.0	 
4	 41	  37
0.8715468029085633	 -0.0667924994718511	 -0.4857416312754802	 -0.10445594032150395	 
-0.0940696319744529	 0.9494958114414178	 -0.2993469699118313	 0.3033442358722166	 
0.48120377666852665	 0.30658843107577727	 0.8212468929928681	 -0.5378391804458873	 
0.0	 0.0	 0.0	 1.0	 
5	 6	  37
0.9974486893935018	 0.07059440862545252	 0.010608557772325717	 0.3301752712296536	 
-0.07093437735270759	 0.996827593811415	 0.036097954592049085	 0.14825080305737795	 
-0.00802658936098323	 -0.036758368937816026	 0.9992919474189023	 0.02906489412869013	 
0.0	 0.0	 0.0	 1.0	 
5	 7	  37
0.9937816651828578	 0.08664515201335377	 -0.06993296489473388	 0.8044668724248256	 
-0.0808844643373769	 0.993395395069926	 0.0813836131092746	 0.1687675169151491	 
0.07652258081926439	 -0.0752210521492971	 0.9942263766056052	 -0.09702066171081575	 
0.0	 0.0	 0.0	 1.0	 
5	 8	  37
0.9888292148665602	 0.13459934279523786	 0.06402968643895995	 1.146472435835289	 
-0.14467991782104347	 0.9700372363916894	 0.19518063785342393	 0.11648134703143842	 
-0.035839994498848976	 -0.2022641266578516	 0.9786749807069035	 -0.08439688040485714	 
0.0	 0.0	 0.0	 1.0	 
5	 9	  37
0.964355339541831	 0.26226197102084964	 0.03517723203180796	 1.1261359450971178	 
-0.263682499930753	 0.9635680618608793	 0.044812156742761775	 -0.14960551390988716	 
-0.02214313273746791	 -0.05249046311405911	 0.9983758976230559	 -0.03275063887787185	 
0.0	 0.0	 0.0	 1.0	 
5	 10	  37
0.9479514252817549	 0.206707423555839	 -0.24219854738044144	 0.6034553394872261	 
-0.18897643582416107	 0.9774193610947037	 0.09454786756144876	 -0.10085979491495711	 
0.25627329554498224	 -0.04385696756648157	 0.9656089086096851	 0.009394630138845107	 
0.0	 0.0	 0.0	 1.0	 
5	 11	  37
0.9851122349934293	 0.026404544496177466	 -0.16987255368716914	 0.32030029683300126	 
-0.0038998030812878197	 0.9913122752571523	 0.13147153479143542	 -0.1008508328720926	 
0.1718681936897515	 -0.12885174796811205	 0.976656823578981	 0.13773796540279556	 
0.0	 0.0	 0.0	 1.0	 
5	 12	  37
0.9551557089977777	 0.08263194645835278	 -0.2843405229534762	 -0.057679047208302095	 
-0.041766202764818496	 0.9882693032583171	 0.14689917815947237	 -0.08065059889734078	 
0.2931435755317868	 -0.12843576473017262	 0.9474022896650689	 0.35604143525001763	 
0.0	 0.0	 0.0	 1.0	 
5	 15	  37
0.984302698852888	 -0.16712611418050768	 0.05671912366957385	 -0.41785030394467465	 
0.14218037765364608	 0.9412950744181375	 0.30618347944724067	 -0.25893817423691734	 
-0.10456068688176724	 -0.2933128787405628	 0.9502813361966743	 0.6860641417045384	 
0.0	 0.0	 0.0	 1.0	 
5	 16	  37
0.851966797930354	 -0.3368436185786675	 0.4008602647396323	 -0.358536848366216	 
0.22632096966014026	 0.927287005745657	 0.2981905895016596	 -0.24398337512951038	 
-0.4721561118066703	 -0.16332539789659947	 0.8662525154281079	 0.5920839108595342	 
0.0	 0.0	 0.0	 1.0	 
5	 17	  37
0.6107727701635431	 -0.3111328165997264	 0.7281160578242114	 -0.38985395478765067	 
0.2371099034444605	 0.9492338746837183	 0.20672190218138747	 -0.2575984432983433	 
-0.7554703944664596	 0.04638341931825663	 0.653538875276013	 0.5447909406083185	 
0.0	 0.0	 0.0	 1.0	 
5	 18	  37
0.8149992985296002	 -0.22846796213508794	 0.5325209232265901	 -0.27177930772580117	 
0.19904161675174123	 0.9734524104354982	 0.113016987299131	 -0.15777495273559755	 
-0.5442045370971403	 0.013885060142430303	 0.8388376642162226	 0.29509016964990764	 
0.0	 0.0	 0.0	 1.0	 
5	 19	  37
0.9558446671447935	 -0.18213090307160287	 0.23062806949107512	 0.019710654136367408	 
0.173513695045963	 0.9831637759924923	 0.057288630701735656	 0.046199032688950536	 
-0.2371791936961472	 -0.014741903625568136	 0.971354058186374	 -0.05283276379114792	 
0.0	 0.0	 0.0	 1.0	 
5	 20	  37
0.9635020406180114	 -0.0667576263316086	 0.2592435863266405	 0.28971660317561904	 
0.022703862613529174	 0.9852958271455352	 0.16934186615253316	 -0.08794060220849512	 
-0.2667364848447902	 -0.15727540283262942	 0.9508501960437721	 -0.7091230075594991	 
0.0	 0.0	 0.0	 1.0	 
5	 21	  37
0.8609045294653997	 -0.22421980504385983	 0.45669340938101116	 0.4018416353908529	 
0.12332389116674819	 0.9628461674259805	 0.24024669766844164	 -0.10715166091193881	 
-0.4935935666248606	 -0.1505082618967909	 0.8565702855500863	 -0.577921458321433	 
0.0	 0.0	 0.0	 1.0	 
5	 25	  37
0.8395290142019985	 0.2374955626373536	 -0.4886582569041336	 2.19364796877839	 
-0.0911482494158791	 0.94822003024833	 0.3042544508536826	 -0.48846207491416604	 
0.5356146291331487	 -0.21089009451233606	 0.817705532019404	 0.47767683705730524	 
0.0	 0.0	 0.0	 1.0	 
5	 26	  37
0.5796625777949713	 0.3690292512460059	 -0.7265044443283882	 2.0180017453520716	 
-0.2071772708850135	 0.9290194985976775	 0.3065947645573167	 -0.5582341619585216	 
0.7880792309994763	 -0.027206303499948365	 0.6149723105288097	 0.9253993484678998	 
0.0	 0.0	 0.0	 1.0	 
5	 36	  37
0.4695959191402104	 -0.5339712461983254	 0.7031033927953052	 -0.45638235148781925	 
0.40800393017380737	 0.8374854334473318	 0.36352570985593474	 -0.7760811193946988	 
-0.7829511259903703	 0.11615875772812759	 0.6111421089349599	 1.272600633806959	 
0.0	 0.0	 0.0	 1.0	 
5	 37	  37
0.6264741157440342	 -0.5027912648291718	 0.5955930878663813	 -0.7385094150414456	 
0.2908665135976526	 0.8597335575153895	 0.4198272041560417	 -0.6425581489387018	 
-0.7231368152502512	 -0.08977279149839129	 0.6848459624881416	 0.8279586019148961	 
0.0	 0.0	 0.0	 1.0	 
5	 38	  37
0.8468308466909739	 -0.3696634070208381	 0.38239571467576944	 -0.7537671891295552	 
0.18161117064293686	 0.8767386611380134	 0.4453613170939126	 -0.42456009112773513	 
-0.49989488874197147	 -0.3076983678469363	 0.8095843468311263	 0.2783001409329101	 
0.0	 0.0	 0.0	 1.0	 
5	 39	  37
0.8685279422802665	 -0.22164941366343696	 0.4433178892184021	 -0.5805922699824113	 
0.05924223955451797	 0.93444733327276	 0.3511389160887656	 -0.28292552167993656	 
-0.4920869542377339	 -0.2787108156532188	 0.824724627198041	 -0.04077087824948671	 
0.0	 0.0	 0.0	 1.0	 
6	 7	  37
0.9967140018804506	 0.016702611454664847	 -0.07926046445770835	 0.47006893558880347	 
-0.014480469492824166	 0.9994880920569884	 0.02852840408345424	 0.07410831952919027	 
0.07969638924521358	 -0.027286931063715436	 0.9964456377215971	 -0.11711459983253306	 
0.0	 0.0	 0.0	 1.0	 
6	 8	  37
0.9948402212880005	 0.06905484456551148	 0.07432605565799119	 0.7668341327818436	 
-0.08042585733103184	 0.9833658984660805	 0.16285942160822936	 0.03425200756665623	 
-0.061843476456374946	 -0.16799683977989552	 0.9838457431141117	 -0.10258996736275906	 
0.0	 0.0	 0.0	 1.0	 
6	 9	  37
0.9803260825087126	 0.19296823987879597	 0.04152144447390021	 0.7746293131106641	 
-0.19422258542825224	 0.9805398405795416	 0.028621815906947592	 -0.27452045129958635	 
-0.03519032910737164	 -0.0361231149587798	 0.998727571113859	 -0.07161465770672726	 
0.0	 0.0	 0.0	 1.0	 
6	 10	  37
0.9567243339316158	 0.14286169611685304	 -0.25351348020513825	 0.2995163699210779	 
-0.1398639409210059	 0.989718990414598	 0.02990648830529067	 -0.20276779355669428	 
0.25517959732931333	 0.006845129313977319	 0.9668694417094394	 -0.010926088421309921	 
0.0	 0.0	 0.0	 1.0	 
6	 11	  37
0.9816148116404151	 -0.05731672301661852	 -0.18206360105959882	 0.004635361396261592	 
0.07138780136561022	 0.9948687754105451	 0.07169310656755475	 -0.2291475025087652	 
0.17702017790166424	 -0.08337213548757662	 0.9806696404191906	 0.10880629201300938	 
0.0	 0.0	 0.0	 1.0	 
6	 12	  37
0.9527534817203379	 -0.027829961368352054	 -0.30246701691260297	 -0.3778660313666629	 
0.05515837389757256	 0.9950893194505737	 0.08218759093907563	 -0.268583596255248	 
0.29869442053501505	 -0.09498810223196001	 0.9496098691439661	 0.3188034788864845	 
0.0	 0.0	 0.0	 1.0	 
6	 15	  37
0.9709096097527216	 -0.2384104377863443	 0.02224843464921056	 -0.7112917568533609	 
0.22369063940057007	 0.9362474542527554	 0.2709302534782668	 -0.4976088074429397	 
-0.0854226406427512	 -0.2580720201024463	 0.9623418337087198	 0.6313404706213852	 
0.0	 0.0	 0.0	 1.0	 
6	 16	  37
0.8330567754379509	 -0.38425473313281205	 0.3979506363381703	 -0.6597227896979507	 
0.28872440438014424	 0.9156390406996879	 0.27972015562323216	 -0.4377012948307069	 
-0.47186293265338664	 -0.11812471041905455	 0.8737230256644035	 0.5804339477381018	 
0.0	 0.0	 0.0	 1.0	 
6	 17	  37
0.6153868323375925	 -0.3878897577939935	 0.6861782438871256	 -0.6084794539622115	 
0.322605815461862	 0.9182287183829372	 0.22974226552163526	 -0.4533381929189511	 
-0.7191832411949607	 0.0799847268879734	 0.6902013539895192	 0.45152586353644253	 
0.0	 0.0	 0.0	 1.0	 
6	 18	  37
0.7981943723505164	 -0.29603049511920726	 0.5246443461121468	 -0.588841252541382	 
0.266292570569837	 0.954602985594546	 0.13349684173525636	 -0.3803592044361194	 
-0.5403461953296921	 0.033152463761485944	 0.8407894524429227	 0.2620290564652745	 
0.0	 0.0	 0.0	 1.0	 
6	 19	  37
0.942916064549179	 -0.2417910726007035	 0.22901172988667928	 -0.3137227187612158	 
0.23828224203292594	 0.9702308461593918	 0.0432860057361754	 -0.13957359163743832	 
-0.23266041422392905	 0.013754358270429064	 0.972460770047675	 -0.07776356138795845	 
0.0	 0.0	 0.0	 1.0	 
6	 20	  37
0.9614080375586681	 -0.13688988678507308	 0.2386540261834273	 -0.004181175012614573	 
0.10016952700357318	 0.9820586244972688	 0.1597714740196504	 -0.22840406350145187	 
-0.256243343674466	 -0.1296997183747953	 0.9578712501563177	 -0.7523907255254804	 
0.0	 0.0	 0.0	 1.0	 
6	 21	  37
0.8419132258056362	 -0.25875164989703686	 0.4735289894917819	 0.02093845113370507	 
0.16588787064942734	 0.9591471332923739	 0.22916804111485414	 -0.2304530051335217	 
-0.5134815815440174	 -0.11438688898899871	 0.8504424172408568	 -0.5877060349945935	 
0.0	 0.0	 0.0	 1.0	 
6	 24	  37
0.997342642868788	 -0.06363306307322394	 0.03547514622125641	 1.5365053621706308	 
0.059326287913963355	 0.9919936564146308	 0.1114853227805348	 -0.24428794621086578	 
-0.04228527258810073	 -0.10908445772450606	 0.9931326884183703	 -0.09740877960313471	 
0.0	 0.0	 0.0	 1.0	 
6	 25	  37
0.8476937789069244	 0.16073750265134593	 -0.5055479328846149	 1.8635434063143033	 
-0.0589473417494044	 0.9756297997782732	 0.21135681840263645	 -0.43854452039224384	 
0.5272005956969107	 -0.14936515331902125	 0.8365103602889851	 0.4248373372161798	 
0.0	 0.0	 0.0	 1.0	 
6	 26	  37
0.5922651479313388	 0.3342438084759879	 -0.7331460093605738	 1.7189529982674965	 
-0.20024226767407183	 0.9424121189638017	 0.2678851102000655	 -0.6881972874965943	 
0.7804646236586339	 -0.011852194970687529	 0.6250875912156333	 0.8814964597393616	 
0.0	 0.0	 0.0	 1.0	 
6	 35	  37
-0.28002303594174827	 -0.015394267679452468	 0.9598698431894703	 -0.8996849653569557	 
0.3550870580573596	 0.9272971774538299	 0.1184614953743529	 -0.054846795429141795	 
-0.891908224282148	 0.37400930631305424	 -0.25419826562959186	 2.197661213634607	 
0.0	 0.0	 0.0	 1.0	 
6	 36	  37
0.4129799181123578	 -0.5952862931101387	 0.6892617909554399	 -0.7907184724004662	 
0.4752276893473178	 0.7864662592700785	 0.3944990067254151	 -1.0197168100938223	 
-0.7769209937397237	 0.16463612077827958	 0.6076913009263507	 1.2487999798898832	 
0.0	 0.0	 0.0	 1.0	 
6	 37	  37
0.6252181869343365	 -0.5471228040808909	 0.5565598404315593	 -1.0113142764490741	 
0.3473326139365137	 0.8336737897622877	 0.4293577384412821	 -0.9003212024489676	 
-0.6989007612118964	 -0.07513088258530332	 0.7112616090155461	 0.7582695057901919	 
0.0	 0.0	 0.0	 1.0	 
6	 38	  37
0.8291495430533374	 -0.443980937982249	 0.3396939239416041	 -1.0295727822498681	 
0.269339303158386	 0.8497460083777661	 0.45319759600003173	 -0.6927571110963964	 
-0.48986464970295274	 -0.28427565487472806	 0.8241480310095678	 0.2344625022087826	 
0.0	 0.0	 0.0	 1.0	 
6	 39	  37
0.8629103394462186	 -0.29534376310337596	 0.4100704911021362	 -0.8743024566165741	 
0.1448013831245105	 0.9219239910105524	 0.3592891791362521	 -0.5182500950716404	 
-0.4841676419609626	 -0.2506555732376805	 0.8383039294210958	 -0.07683129060644617	 
0.0	 0.0	 0.0	 1.0	 
6	 53	  37
0.7412496076764239	 -0.24481522758915034	 0.6249916187118196	 -0.9133960932197984	 
0.28719346044868055	 0.9572564669149909	 0.0343507325240786	 -0.7079343875768624	 
-0.6066868511802938	 0.15403103872239818	 0.7798753129283157	 1.5200235354227074	 
0.0	 0.0	 0.0	 1.0	 
6	 54	  37
0.49543373761297854	 -0.33023768635439016	 0.8034229783533291	 -0.7330427677358393	 
0.27341850330788103	 0.937187320408621	 0.2166154392331893	 -0.7142880971999759	 
-0.824492409718678	 0.1123521115805514	 0.5546073109324094	 1.2987439853342289	 
0.0	 0.0	 0.0	 1.0	 
6	 59	  37
0.4733215583912131	 -0.4811305491848996	 0.7378889462535336	 -1.0079186692624351	 
0.26487629341542057	 0.8766328125446228	 0.4016907531380477	 -0.35531311959969114	 
-0.8401233549596276	 0.005320395769205407	 0.5423692854875153	 0.8487930585276826	 
0.0	 0.0	 0.0	 1.0	 
7	 8	  37
0.9888881218485287	 0.041242205675937484	 0.14282633838992287	 0.3134995864937194	 
-0.059434140267968366	 0.9903058677756362	 0.1255462911429492	 -0.013916153534034716	 
-0.13626395501928068	 -0.13263999668322637	 0.9817529046773307	 -0.01585785857345052	 
0.0	 0.0	 0.0	 1.0	 
7	 9	  37
0.9778220045363389	 0.17655798440955184	 0.11265613869546105	 0.33674597197780654	 
-0.17967060344941935	 0.983561748702784	 0.018021119411482652	 -0.387400241328609	 
-0.10762249625731632	 -0.03786244352861978	 0.9934706003045005	 0.01057355009385209	 
0.0	 0.0	 0.0	 1.0	 
7	 10	  37
0.9793537162735891	 0.12156271849517483	 -0.16152028941644714	 -0.19720448782105773	 
-0.11819486325918686	 0.9925269618122337	 0.03033487060988031	 -0.3594083617008554	 
0.16400083146207553	 -0.010617699743303797	 0.9864030574424986	 0.11095174058463449	 
0.0	 0.0	 0.0	 1.0	 
7	 11	  37
0.9906774630537735	 -0.05974066196544037	 -0.12243045987527144	 -0.3993128729987423	 
0.06381186665106559	 0.9975227862989353	 0.0296029810815607	 -0.30025832278382153	 
0.12035867177667792	 -0.037139522376298854	 0.9920355064239458	 0.24255526239047986	 
0.0	 0.0	 0.0	 1.0	 
7	 15	  37
0.9612922132028975	 -0.26396250665169685	 0.07900048048985324	 -1.082766981189764	 
0.2384385353742709	 0.9406356249616867	 0.2415609362076354	 -0.5960720375087183	 
