0	 1	  37
0.9960140710914572	 -0.016564359846440422	 0.08764469276972096	 0.044115298087892926	 
0.02672447613645239	 0.9928833657940104	 -0.11605354068183356	 -0.054464862366103844	 
-0.08509860494187466	 0.11793321801950245	 0.9893684771229126	 -0.03469008231447582	 
0.0	 0.0	 0.0	 1.0	 
0	 2	  37
0.9467565758212448	 -0.15520438572487943	 0.28207017706768206	 0.10122081825997221	 
0.1447033782011356	 0.9877842218230416	 0.057820960339900994	 -0.08933661371895474	 
-0.2875985369858647	 -0.0139258669106141	 0.9576498064294576	 -0.19224752261649694	 
0.0	 0.0	 0.0	 1.0	 
1	 2	  37
0.9775928620928859	 -0.10425358064734067	 0.18287533159846386	 0.1308310588753367	 
0.08035568308882743	 0.9877780741327474	 0.13355688098308152	 -0.0022786164450082414	 
-0.19456402591529492	 -0.11586918134175929	 0.9740221622914047	 -0.1506845123111866	 
0.0	 0.0	 0.0	 1.0	 
1	 34	  37
0.39961345999400677	 -0.21478807951591036	 0.8911650596211027	 -2.7773318612011684	 
-0.7372595832012915	 -0.6530296334239304	 0.17320682679405117	 -0.20691858639308927	 
0.5447544305184455	 -0.7262357597695621	 -0.4193140012716607	 2.7065344676317173	 
0.0	 0.0	 0.0	 1.0	 
1	 37	  37
0.12131885780471068	 -0.5788549515948264	 0.8063551821344678	 -1.729366197287592	 
0.15287922558737496	 0.8135592043549463	 0.5610252787470018	 -0.5806475222204657	 
-0.9807699409773756	 0.0552120097759284	 0.18719497015608597	 2.163621786540501	 
0.0	 0.0	 0.0	 1.0	 
1	 38	  37
-0.6510104819850907	 -0.757387352908385	 0.05049504926198252	 0.07194334713777424	 
0.34004902164721484	 -0.35046871215621883	 -0.8726616438668163	 2.3634626083595656	 
0.678639827318079	 -0.5509410852840724	 0.4857076335859837	 0.6845831178189984	 
0.0	 0.0	 0.0	 1.0	 
1	 50	  37
-0.7476937424390494	 0.2913901936323489	 0.5966957537743928	 -1.561439016124203	 
-0.15344620349448404	 -0.9500751830034205	 0.2716825523918423	 0.31716611018872065	 
0.6460714590125601	 0.11157464629528974	 0.7550779881266988	 0.6444264710670419	 
0.0	 0.0	 0.0	 1.0	 
2	 34	  37
0.6004671838781633	 -0.11190408222983582	 0.7917806751024713	 -2.881787029773642	 
-0.11586814978885292	 0.9675342569773632	 0.22461530099209243	 -0.6029327467853519	 
-0.7912102962866037	 -0.2266162791053605	 0.5680064516310577	 1.277320825626512	 
0.0	 0.0	 0.0	 1.0	 
2	 36	  37
0.3133732571992555	 -0.5498428350845813	 0.7742545178289112	 -2.2437102453603686	 
0.3176998151424229	 0.8290442226176911	 0.46016573579820047	 -0.7542026643511834	 
-0.8949100676217691	 0.10177688170885671	 0.434485255467688	 0.9395127774238315	 
0.0	 0.0	 0.0	 1.0	 
2	 37	  37
0.2698236223753645	 -0.6054462168651604	 0.748752356451653	 -2.212941422111255	 
0.42327445586741064	 0.7730149621399424	 0.4725321188214956	 -0.9305369278474426	 
-0.8648895581624196	 0.18942741826739287	 0.46484761523553725	 1.630825062823993	 
0.0	 0.0	 0.0	 1.0	 
2	 38	  37
-0.058223429645122816	 -0.4919861563354916	 0.8686539323658116	 -2.235638639507746	 
0.31663235724107336	 0.8161031518181723	 0.48344554599293316	 -0.9351879713562213	 
-0.9467597280135652	 0.30319179996608203	 0.1082624119674336	 1.691304478420826	 
0.0	 0.0	 0.0	 1.0	 
3	 4	  37
0.8202239262756608	 0.251436982517335	 -0.5138211309274038	 -0.3175269023686922	 
-0.302732166060995	 0.9529249941363862	 -0.016946715970528624	 0.37223515583246997	 
0.48537196704894	 0.16945028584438865	 0.8577299424820711	 -0.029753818880103016	 
0.0	 0.0	 0.0	 1.0	 
3	 6	  37
0.6281669317044464	 0.06673908062686097	 -0.7752110686968444	 0.4257048093015284	 
-0.16049165240320418	 0.9860034302803656	 -0.04516265032348933	 0.14755356693502533	 
0.7613466591651343	 0.15278458885775784	 0.6300858147789515	 0.5147775326665275	 
0.0	 0.0	 0.0	 1.0	 
3	 31	  37
-0.5262643588211173	 -0.7198515207920204	 0.4526141984604699	 -2.2230862603682024	 
0.7923945912182045	 -0.22206692016609667	 0.5681523517297793	 -0.7608058380189487	 
-0.30847469335868155	 0.6576473758644217	 0.6872723569123869	 1.1786322948082328	 
0.0	 0.0	 0.0	 1.0	 
3	 47	  37
-0.36288549806504844	 -0.563012588602741	 0.7425166263249072	 -1.4257758235864213	 
-0.6216457664101701	 0.7398704360999865	 0.25719307706376526	 0.15977632452457238	 
-0.6941690402188744	 -0.36825067937487455	 -0.6184826438482732	 4.240505172103351	 
0.0	 0.0	 0.0	 1.0	 
4	 6	  37
0.9963236983578325	 0.00797492117194815	 -0.08529647544225478	 0.24515061872350313	 
-0.010296325690321809	 0.9995875061285676	 -0.026810506689541158	 -0.06347011985284552	 
0.08504747949145097	 0.027590183471161298	 0.995994833324038	 -0.03069421840366207	 
0.0	 0.0	 0.0	 1.0	 
4	 7	  37
0.9981189927127836	 -0.05185265265304708	 0.032707473134754445	 0.3975242571272499	 
0.05056570313190007	 0.9979582519171204	 0.03901841997444036	 -0.12243724844179883	 
-0.03466390129219103	 -0.03729114966540616	 0.9987030510135823	 0.5061248930537054	 
0.0	 0.0	 0.0	 1.0	 
6	 7	  37
0.9934245951053362	 -0.0410906554627174	 0.10686033816829212	 0.2793211888257262	 
0.03429702551584676	 0.9973181904101058	 0.06465401084136838	 -0.049032545023855074	 
-0.10923043477237869	 -0.060563892797232566	 0.9921697067582141	 0.540669532160452	 
0.0	 0.0	 0.0	 1.0	 
8	 9	  37
0.9640276190915301	 0.10130837138350857	 -0.24573840464269583	 0.3369807327977732	 
-0.08405012914805524	 0.9932645129226532	 0.07975702576400197	 -0.07757214638322754	 
0.2521632911803606	 -0.05623363100623686	 0.9660494052194961	 0.5837140842365703	 
0.0	 0.0	 0.0	 1.0	 
8	 10	  37
0.9996725771215723	 0.016002488066519417	 -0.019966445021463317	 0.6364008670639689	 
0.016964534459474163	 0.16966550288428578	 0.9853556828382306	 -0.8575630850314755	 
0.019155759491273926	 -0.9853717762888806	 0.1693384757567199	 2.2408983972573253	 
0.0	 0.0	 0.0	 1.0	 
8	 24	  37
-0.9216753863799635	 -0.22741886385092797	 0.3143169459416707	 -1.2406454916005156	 
-0.04334407838717673	 0.8654634446819723	 0.4990934950367327	 -1.0106515289968285	 
-0.3855331023532385	 0.446378411534393	 -0.8075336158364682	 3.4677943057029084	 
0.0	 0.0	 0.0	 1.0	 
8	 26	  37
0.9475086105143585	 0.27524739372744295	 -0.1626846804324213	 -0.18342107960941523	 
-0.2459202834931343	 0.9525540178418197	 0.1793434059564572	 0.061651810790330455	 
0.20432975105893292	 -0.1299219586507844	 0.9702420509813718	 -0.3171422319352985	 
0.0	 0.0	 0.0	 1.0	 
8	 28	  37
0.2413174931450261	 -0.242259289613526	 0.9397213970630606	 -2.0684094513835927	 
0.2841618469475145	 0.9435358521241476	 0.17027078579643798	 -0.5798046172843344	 
-0.9279105087461708	 0.22594364862130853	 0.29653255370382825	 2.441297481642422	 
0.0	 0.0	 0.0	 1.0	 
8	 29	  37
-0.5490246627858822	 -0.348253032232721	 0.7597971737204371	 -1.8614125848916239	 
0.3547959644661468	 0.7259815597884615	 0.5891269798996217	 -0.6775656339311785	 
-0.7567639944205756	 0.5930182125262499	 -0.27502301060236056	 2.674913511841939	 
0.0	 0.0	 0.0	 1.0	 
9	 10	  37
0.8665711475973963	 0.15605565312925113	 -0.47402645419652856	 0.25845203413582457	 
-0.17124773087547693	 0.9851635473782056	 0.0112694093541222	 0.017638836004795478	 
0.46875223820450257	 0.07141020965935715	 0.8804384823113287	 0.011777438270464588	 
0.0	 0.0	 0.0	 1.0	 
9	 29	  37
-0.5236041123134277	 -0.4471704014828659	 0.7251740243597535	 -1.8638119878376624	 
0.4766819523774234	 0.5517111817622387	 0.6843895734128056	 -1.1024261613367285	 
-0.70612537827649	 0.7040265648085778	 -0.07572018355576039	 1.9796159472611292	 
0.0	 0.0	 0.0	 1.0	 
10	 11	  37
0.9097904561863991	 0.1257214457535933	 -0.39556977122850273	 0.0980899421222507	 
-0.11861465882142838	 0.9920311152403989	 0.04248328032963807	 -0.23922148869495335	 
0.3977585807305987	 0.00826949046294319	 0.9174528472802641	 0.6549163869124113	 
0.0	 0.0	 0.0	 1.0	 
11	 12	  37
0.9938814337615325	 0.04860035481614297	 -0.09918518607063001	 0.18438556164889183	 
-0.029992593557527307	 0.9830021602978197	 0.18112757156632125	 -0.29887509991572087	 
0.10630211642207978	 -0.1770445095493354	 0.9784452471562328	 0.8805975710797094	 
0.0	 0.0	 0.0	 1.0	 
11	 15	  37
0.2969893428414706	 0.4402235575833611	 -0.8473491308706471	 1.408535118846553	 
-0.31262675177962407	 0.8833073598288853	 0.3493316792732164	 -0.7954345157331887	 
0.9022537582688769	 0.1611562205463178	 0.3999585331867717	 2.3250970288648847	 
0.0	 0.0	 0.0	 1.0	 
11	 17	  37
0.36898256039172544	 0.540334187477955	 -0.7562346434601538	 1.2052068108698812	 
-0.24016178765576565	 0.8414451035494767	 0.48403765707080915	 -0.9883100654191956	 
0.8978720320161188	 0.003017209828611801	 0.44024619313299745	 2.2319972110437054	 
0.0	 0.0	 0.0	 1.0	 
12	 13	  37
0.9722692784730602	 0.14815244075846687	 -0.1809511106204759	 0.5515465052071897	 
-0.1324619051959427	 0.98652986537795	 0.0959826462920505	 -0.20735899014879025	 
0.19273373811903255	 -0.06935184939619647	 0.9787972349654406	 0.4245003989077733	 
0.0	 0.0	 0.0	 1.0	 
12	 14	  37
0.8377513496981558	 0.20283683129749747	 -0.5069811593620693	 1.056373997808878	 
-0.24073344615400175	 0.9705448469777882	 -0.009492518510884276	 -0.3052073599224885	 
0.4901225193579008	 0.12999969182291052	 0.8619048649034373	 0.8240992543746091	 
0.0	 0.0	 0.0	 1.0	 
12	 15	  37
0.40711179094939043	 0.40767418270378397	 -0.8173504452967407	 1.3269044377347472	 
-0.4280215465046462	 0.8756780259932048	 0.22357448539673203	 -0.6350000678444204	 
0.8068813700896496	 0.2588237924717203	 0.5309921836080123	 1.1867079846459905	 
0.0	 0.0	 0.0	 1.0	 
12	 16	  37
0.6479559775937694	 0.36089918691062617	 -0.6707494524692142	 1.135606734245885	 
-0.3139544436493703	 0.9288807983870323	 0.1965020857413027	 -1.0041486510043787	 
0.6939637298975462	 0.08326007011237153	 0.7151797692269871	 1.1930139730093883	 
0.0	 0.0	 0.0	 1.0	 
12	 17	  37
0.5158926635728043	 0.5209738920323221	 -0.6800301195479885	 1.0474354783567807	 
-0.35368886553593576	 0.8525388566273666	 0.38481383074989056	 -0.8937416385631838	 
0.7802300597052513	 0.041996449387980105	 0.6240812063915575	 1.0002208355342928	 
0.0	 0.0	 0.0	 1.0	 
12	 18	  37
0.7037765778092969	 0.5207174598213263	 -0.48327203060415086	 0.8669359055787442	 
-0.3535697033781795	 0.846759781768822	 0.39747495120055404	 -0.9589455843004038	 
0.6161874661011044	 -0.10886321240916318	 0.7800396192526744	 1.16880117666813	 
0.0	 0.0	 0.0	 1.0	 
12	 21	  37
0.05349581284542948	 0.7126146964970271	 -0.6995130394384776	 0.5524683757889131	 
-0.552542163789707	 0.6046257247859038	 0.5736940736679342	 -1.2006376787905029	 
0.8317664066566983	 0.35582021761497884	 0.4260946109654909	 1.802287067747491	 
0.0	 0.0	 0.0	 1.0	 
13	 14	  37
0.9403357348515965	 0.13309182368189124	 -0.3131377847372249	 0.5685198137819036	 
-0.16497585122899683	 0.9832474632865261	 -0.07750738320881954	 -0.20063792204856237	 
0.2975763335219658	 0.12454313473507579	 0.9465396628340432	 0.27211509924848365	 
0.0	 0.0	 0.0	 1.0	 
13	 15	  37
0.6130072417102314	 0.3141234211207192	 -0.7249473069914998	 0.9940731399134586	 
-0.43034847854093145	 0.9022572896503769	 0.02705494945957864	 -0.31212212251441357	 
0.6625875856279815	 0.2953950906433119	 0.6882727887949006	 0.5968147528576744	 
0.0	 0.0	 0.0	 1.0	 
13	 16	  37
0.8299848566204502	 0.23737561803445487	 -0.5047553404804068	 0.738746387230892	 
-0.24886082029667075	 0.9674574221071508	 0.04576492686603377	 -0.7499617647370498	 
0.4991927782951182	 0.08762963181792893	 0.8620485007964779	 0.5001498252414057	 
0.0	 0.0	 0.0	 1.0	 
13	 17	  37
0.6851052525664375	 0.44210403314801544	 -0.5789428441393284	 0.6649189274434149	 
-0.3512763857343315	 0.8967625614556173	 0.2691130045110873	 -0.708294283534495	 
0.6381502125137168	 0.01899821691153622	 0.7696774480409824	 0.4329346566704437	 
0.0	 0.0	 0.0	 1.0	 
13	 18	  37
0.8094627252911059	 0.40219460923834555	 -0.42779620459268863	 0.6321916105031825	 
-0.32170268556869686	 0.9132681138702331	 0.24989744753757342	 -0.7446132901128912	 
0.4912000391512435	 -0.06465948103349176	 0.8686435822880957	 0.6588162163025343	 
0.0	 0.0	 0.0	 1.0	 
14	 15	  37
0.8573080961261658	 0.21815760101381118	 -0.4662939946390344	 0.4826606548139061	 
-0.20947636127204985	 0.9752232830837311	 0.0711280689995945	 -0.12041430101468267	 
0.4702578892318031	 0.036698899864820764	 0.8817656765626353	 0.17238412670488204	 
0.0	 0.0	 0.0	 1.0	 
14	 16	  37
0.969221768563803	 0.0871053479709927	 -0.23026467748420776	 0.33470367597700906	 
-0.07069378337683883	 0.994396349300654	 0.07860209596060787	 -0.4829212172446526	 
0.23582101758308682	 -0.05990458123035582	 0.9699483949229947	 0.23372584769191287	 
0.0	 0.0	 0.0	 1.0	 
14	 17	  37
0.8957323885173754	 0.2573866727102877	 -0.36251288097402024	 0.27251405226799524	 
-0.1625205533722596	 0.9485094542907127	 0.2718765985749927	 -0.4594244600886324	 
0.41382430800103076	 -0.18461288100308823	 0.8914412635026531	 0.15698461201957895	 
0.0	 0.0	 0.0	 1.0	 
14	 18	  37
0.9700737330442146	 0.1875996329037385	 -0.15415359286128905	 0.23665908612383943	 
-0.13154146071456374	 0.9396728179448068	 0.31577181528557047	 -0.49779501018789757	 
0.20409261762920414	 -0.28604435486484947	 0.9362290480855694	 0.3962897544596357	 
0.0	 0.0	 0.0	 1.0	 
14	 20	  37
0.9864614587525634	 0.10776689278327657	 -0.12361264990122672	 0.35772750843330864	 
-0.0945120317933987	 0.9895926848215097	 0.10850711494662814	 -0.7903610153147216	 
0.13401964871633235	 -0.09535520419775181	 0.9863803114368999	 0.9177867574527093	 
0.0	 0.0	 0.0	 1.0	 
14	 21	  37
0.6337314363688903	 0.5354434418835982	 -0.5582873696418957	 0.2421682630630551	 
-0.41206732466757856	 0.8444677208961334	 0.3421619328706695	 -0.6617569510767864	 
0.6546640256644058	 0.013213209615150162	 0.7558044883384446	 1.065839029797447	 
0.0	 0.0	 0.0	 1.0	 
15	 16	  37
0.9558772652417398	 -0.1765982995866493	 0.2347588004251926	 -0.034485642948728024	 
0.16254625370188086	 0.983607050443958	 0.07807615336592924	 -0.4191183026423746	 
-0.24469852717467513	 -0.03647205642735628	 0.9689130094587979	 0.10655558944809117	 
0.0	 0.0	 0.0	 1.0	 
15	 17	  37
0.9971883233569104	 -0.07080359874599393	 0.024541763694776942	 -0.08836894202202326	 
0.06390669297309552	 0.9745423071606798	 0.21490282954670695	 -0.3890130089511546	 
-0.039132880725504506	 -0.2127302093228767	 0.9763270331643841	 0.06762107686143781	 
0.0	 0.0	 0.0	 1.0	 
15	 18	  37
0.9582468874150621	 -0.19433689155493863	 0.20975241438445888	 0.0053365195042070395	 
0.1210578702980884	 0.9402857303300487	 0.31813163529674005	 -0.44985508946514285	 
-0.2590519152568399	 -0.2794564687361002	 0.924551884581559	 0.28736332319370067	 
0.0	 0.0	 0.0	 1.0	 
15	 21	  37
0.9574785468555729	 0.24635992803519222	 -0.1501386631412254	 0.29368845946733785	 
-0.2061108298314005	 0.9482499786634954	 0.24153737555685184	 -0.5580179340385045	 
0.2018741145802289	 -0.2003216509096685	 0.9587064608310897	 0.8223119215441412	 
0.0	 0.0	 0.0	 1.0	 
16	 17	  37
0.9727591374732795	 0.1584801149545655	 -0.16918544153156156	 -0.0660778218706896	 
-0.12242071229995817	 0.9709429647830161	 0.20562813119400344	 -0.013311888557801497	 
0.19685738406829617	 -0.17931484127744468	 0.9638948895161918	 -0.03920821201454581	 
0.0	 0.0	 0.0	 1.0	 
16	 18	  37
0.9976588914941106	 0.05960449732038791	 0.03352670759150248	 -0.04822124656770004	 
-0.06595474429002271	 0.9681951633108759	 0.24134642621564326	 -0.039134897562948606	 
-0.018075063717175256	 -0.2429926534704478	 0.9698597127579895	 0.1795205260989399	 
0.0	 0.0	 0.0	 1.0	 
16	 19	  37
0.9537613338660855	 -0.12889111390859054	 0.27152605543002295	 0.29432794103578236	 
0.07564711895749501	 0.9772438454407324	 0.1981715921660839	 -0.43447562019346236	 
-0.29088972380511463	 -0.16846823826351556	 0.9418076349663825	 0.7569416525457918	 
0.0	 0.0	 0.0	 1.0	 
16	 20	  37
0.9950689879549611	 0.004541867215132116	 0.09908118213106512	 0.2210233690724779	 
-0.007074773299174618	 0.9996566991949829	 0.02522759079572907	 -0.33172436402821387	 
-0.09893258711392555	 -0.025804170143439407	 0.9947595126512503	 0.6322821176396263	 
0.0	 0.0	 0.0	 1.0	 
16	 21	  37
0.8391395803031035	 0.44313657440961335	 -0.31539616546376276	 0.03899318371332849	 
-0.3517860474945948	 0.8844214667779753	 0.3066679733692855	 -0.31955458297491374	 
0.4148389344756145	 -0.14638526402205762	 0.8980423224549775	 0.8013470928109278	 
0.0	 0.0	 0.0	 1.0	 
17	 18	  37
0.9710200678383096	 -0.13171290681176598	 0.19942852863740182	 0.052584589229272775	 
0.1155520079403286	 0.9891550003193774	 0.09066487083832823	 -0.10825871736940919	 
-0.2092074599918518	 -0.06499304210734798	 0.975709046366482	 0.2096495308876397	 
0.0	 0.0	 0.0	 1.0	 
17	 21	  37
0.9382505085566181	 0.2751497663671737	 -0.20971072757810305	 0.4101326703844165	 
-0.26052704819294403	 0.9607826980231938	 0.09498560069370578	 -0.43205732549513276	 
0.2276217044860158	 -0.034484971326107484	 0.9731388114752795	 0.7335057883767824	 
0.0	 0.0	 0.0	 1.0	 
17	 22	  37
0.5913634674012268	 0.6516190406238692	 -0.47505986498506253	 0.356176256880631	 
-0.5816953423308578	 0.7526996893884345	 0.3083402443813314	 -0.2621143604597902	 
0.5584977870446608	 0.09399895473345161	 0.8241628591335786	 0.7731017194804284	 
0.0	 0.0	 0.0	 1.0	 
18	 19	  37
0.9577346587546984	 -0.15982461031604064	 0.23916608738980222	 0.33930581296245255	 
0.17043116585831541	 0.9850722457254274	 -0.024205131803784856	 -0.5018132453163691	 
-0.2317272990482477	 0.06394344875582617	 0.9706769257775806	 0.47705208253605685	 
0.0	 0.0	 0.0	 1.0	 
18	 20	  37
0.9971253364351474	 -0.0349312257787052	 0.06723743677961153	 0.2732691654799035	 
0.047012896414517134	 0.9811441157866421	 -0.18747269568650882	 -0.40894792951233605	 
-0.05942096439652415	 0.1900948014093115	 0.9799658746442864	 0.3708732525218538	 
0.0	 0.0	 0.0	 1.0	 
18	 21	  37
0.8749034602334779	 0.3393601132357543	 -0.3455121543681226	 0.10341316812125342	 
-0.3534364149575744	 0.9351622729886997	 0.023541957449308162	 -0.3571973044103133	 
0.33109913296990473	 0.10151963713106849	 0.9381189303192601	 0.5262921159499931	 
0.0	 0.0	 0.0	 1.0	 
19	 20	  37
0.9722396543280846	 0.08236438974316557	 -0.21901178473826802	 0.0024590061966604667	 
-0.11687915125821464	 0.9818113441948018	 -0.1496186766802695	 0.1190220973410533	 
0.2027050037694311	 0.17106312201240614	 0.9641826018624289	 -0.1168264790685543	 
0.0	 0.0	 0.0	 1.0	 
20	 21	  37
0.8093521003634593	 0.41343970565991817	 -0.4171531941878153	 -0.15832770060318316	 
-0.36079817903997463	 0.9104352635649811	 0.20231733701984336	 0.09269027110186843	 
0.4634369985647397	 -0.013237848813278993	 0.8860309857561994	 0.12322526346922065	 
0.0	 0.0	 0.0	 1.0	 
21	 22	  37
0.8385763584774126	 0.4146547201556969	 -0.3533428279381989	 -0.052621845929523986	 
-0.3917790103802359	 0.9096900332896153	 0.13774342219874486	 0.12272803841060276	 
0.37854840909485543	 0.022923926062941476	 0.9252975713712943	 0.06124844541897367	 
0.0	 0.0	 0.0	 1.0	 
22	 23	  37
0.9772163627144248	 -0.025801387365989227	 -0.2106714713794439	 -0.10786363062147811	 
-0.0706255624739496	 0.8964906723005494	 -0.4373974215783023	 -0.0999917423935679	 
0.20015046931853014	 0.4423107085388043	 0.8742431164976205	 -0.13682210075313642	 
0.0	 0.0	 0.0	 1.0	 
23	 31	  37
0.9870232635072002	 0.12938102296896017	 -0.09510850745912257	 -0.8508800475373884	 
-0.11488553437877864	 0.9827877571864321	 0.14467044727574743	 -0.30270568019279753	 
0.1121890871970134	 -0.13186650529974525	 0.984898387395336	 0.7124214186716258	 
0.0	 0.0	 0.0	 1.0	 
23	 32	  37
0.9632692333842936	 -0.1088721880748865	 0.24547755636518334	 -0.7998643056565878	 
0.03302900734191545	 0.9552210556790112	 0.294043907370114	 -0.529506958015952	 
-0.26649853412212826	 -0.2751355692222705	 0.923730994315713	 0.6724593667994989	 
0.0	 0.0	 0.0	 1.0	 
23	 42	  37
-0.7596971833082571	 0.2006262615655532	 -0.6185541955590721	 1.3704829580848992	 
-0.5536055691062	 -0.6985656958258257	 0.45335068376476545	 -1.869757145031826	 
-0.34114668916479507	 0.6868442849624723	 0.6417662071863	 1.1721215135369207	 
0.0	 0.0	 0.0	 1.0	 
24	 25	  37
0.8362491169557923	 0.1462798077877224	 -0.5284786014818823	 -0.04444571803656425	 
-0.17462198811419916	 0.9846283019249732	 -0.0037773423711560377	 -0.007493071693682258	 
0.5198024390647884	 0.09544278328889669	 0.8489382188712941	 0.08824108118154753	 
0.0	 0.0	 0.0	 1.0	 
24	 26	  37
0.7988816411508292	 0.22875402253458715	 -0.5562910394805978	 0.018084626238767134	 
-0.21189987142046177	 0.9726004064796648	 0.09563939464249693	 0.04214866479381418	 
0.5629267873570684	 0.041473443187623894	 0.82546555687443	 0.12999456021393443	 
0.0	 0.0	 0.0	 1.0	 
24	 28	  37
0.6408973549972262	 0.23295716730399785	 -0.7314243218264327	 0.02603541104401824	 
-0.23399219201246213	 0.9667792737252893	 0.1028858103550008	 -0.012514936013073994	 
0.7310938615764483	 0.10520833663212945	 0.6741164376191534	 0.11386642043612893	 
0.0	 0.0	 0.0	 1.0	 
24	 29	  37
0.9590174202419599	 0.12089638251513365	 -0.2562609068258576	 0.06990466179876463	 
-0.06622168683485706	 0.9749912969418301	 0.21214772937845727	 0.07310668922835156	 
0.2755000469422874	 -0.18648333861887892	 0.9430396007339	 0.0638952862317816	 
0.0	 0.0	 0.0	 1.0	 
24	 30	  37
0.9974715776962181	 -0.002319193973075179	 -0.07102867750093267	 -0.14478904483066915	 
-0.009570516318378656	 0.9859790271937722	 -0.16659460720990404	 0.0018590170010955166	 
0.0704191515542178	 0.16685316680644025	 0.9834638599465898	 0.3978338037777592	 
0.0	 0.0	 0.0	 1.0	 
24	 31	  37
0.9145184870756952	 -0.08705952416844574	 0.3950652807427472	 -0.4121302275405649	 
0.004961801331664001	 0.9789095350587639	 0.20423394110328452	 -0.29659544732321014	 
-0.4045136800212411	 -0.1848154793911988	 0.8956628390488656	 0.9819504367554024	 
0.0	 0.0	 0.0	 1.0	 
25	 26	  37
0.9915460617117752	 0.08712870455418234	 -0.09615090403411668	 0.14684904420151476	 
-0.07220860830602162	 0.9861952114583472	 0.14901315976494448	 -0.05836996619112081	 
0.10780688470768204	 -0.14081048874048913	 0.9841494204999	 0.050893980016681606	 
0.0	 0.0	 0.0	 1.0	 
25	 27	  37
0.880132580480962	 0.16878463548342018	 -0.4437098011095219	 0.19287700557507015	 
-0.1753571529684489	 0.9841473736072385	 0.026529529298005804	 0.01836044723705091	 
0.441153612337837	 0.05445818438676347	 0.8957777606496905	 0.14456029976955564	 
0.0	 0.0	 0.0	 1.0	 
25	 28	  37
0.963931866507044	 0.05504567148785402	 -0.26039456749843454	 0.006137369441842162	 
-0.036338002423055876	 0.9964360342602816	 0.07612344716015186	 -0.035109641973455015	 
0.2636567964459621	 -0.06391559808132691	 0.9624966961032942	 0.00438467692246649	 
0.0	 0.0	 0.0	 1.0	 
25	 29	  37
0.9587386909271707	 -0.15199952448491863	 0.24024210096403426	 0.03934527572210882	 
0.09233117142503376	 0.9657359981865843	 0.24254677196335298	 0.15050328738018576	 
-0.26887743918472556	 -0.21035714003313546	 0.9399227608343912	 -0.10088140336393109	 
0.0	 0.0	 0.0	 1.0	 
26	 27	  37
0.928023153329891	 0.06116488702036004	 -0.36746684677591207	 0.015003079545361798	 
-0.1258880647505078	 0.9798888163604667	 -0.1548228107387748	 0.1166769117506371	 
0.35060693381195	 0.1899388432297856	 0.9170594385292122	 0.03517153681472705	 
0.0	 0.0	 0.0	 1.0	 
26	 28	  37
0.9774395612698203	 0.01606697434155008	 -0.2106033152639551	 -0.026687225424150994	 
-0.027774610292437222	 0.9982213520419662	 -0.052751335059994124	 -0.005594901891066296	 
0.20938117176041418	 0.0574106668051896	 0.9761472943409816	 -0.015404320271831766	 
0.0	 0.0	 0.0	 1.0	 
26	 29	  37
0.9442136390554428	 -0.2099137115714351	 0.2537653197660799	 0.0591874710308598	 
0.1679672889539684	 0.9697377468506075	 0.1771882958170804	 0.07075385225838418	 
-0.28328006224076274	 -0.12467933279983273	 0.9508982439301572	 -0.0880945277033127	 
0.0	 0.0	 0.0	 1.0	 
27	 28	  37
0.9836802951870818	 -0.061639172923905215	 0.1690375379077477	 -0.0878763768700854	 
0.059088184789818504	 0.9980506876769744	 0.0200851000934419	 0.04227254946654137	 
-0.1699460599099037	 -0.009769195912469913	 0.9854049419057752	 -0.05133761870368343	 
0.0	 0.0	 0.0	 1.0	 
28	 29	  37
0.8396918737825451	 -0.2476989212159388	 0.4832833553227536	 -0.029150025406225296	 
0.14621571520129928	 0.9601771975920871	 0.23807711744806465	 0.08268090812677757	 
-0.5230091029147881	 -0.12924779941131198	 0.8424704651295514	 -0.06720821847039053	 
0.0	 0.0	 0.0	 1.0	 
29	 30	  37
0.9790971480657549	 -0.06653001931087786	 0.19220439948138413	 -0.031214427375471417	 
0.12039365375668763	 0.9512265172878913	 -0.2840307746415237	 -0.3012996289347143	 
-0.16393334860430353	 0.3012339113360973	 0.9393529623504342	 0.33113147674698795	 
0.0	 0.0	 0.0	 1.0	 
29	 31	  37
0.8113237280099986	 -0.17669206203475388	 0.5572555280855128	 -0.07479235844868377	 
0.21248317885749127	 0.9771646090948989	 0.00047479998842912276	 -0.4844936337253773	 
-0.5446142736566607	 0.11802220954684832	 0.8303409245503363	 0.815005644524795	 
0.0	 0.0	 0.0	 1.0	 
30	 31	  37
0.9158086356557344	 -0.12915859948528804	 0.3802796326880806	 -0.02300612630536013	 
0.016513036424747947	 0.9581852948205017	 0.285671595398953	 -0.1241895765557781	 
-0.40127529513591725	 -0.2553409426017439	 0.8796471682128213	 0.49591622620098386	 
0.0	 0.0	 0.0	 1.0	 
30	 32	  37
0.7057176990832593	 -0.4208171789007444	 0.5699784479632981	 0.0978219768177577	 
0.11591122588466632	 0.862231511707854	 0.49307343056780495	 -0.3446962490988406	 
-0.6989471488707462	 -0.28190374626813497	 0.657269473599259	 0.4688172361628273	 
0.0	 0.0	 0.0	 1.0	 
31	 32	  37
0.9169009375403754	 -0.22124718882795075	 0.33217819340424765	 0.03012913196820959	 
0.16108229037720323	 0.9666304421964599	 0.19919358409826013	 -0.18069635641440618	 
-0.3651645744926731	 -0.1291327598048042	 0.9219433626209259	 -0.06492317519929314	 
0.0	 0.0	 0.0	 1.0	 
31	 33	  37
0.9671327561503801	 -0.08737849511587022	 0.23878699833167963	 -0.0443628722240709	 
0.10456798202696396	 0.9926898942647726	 -0.06026865652560821	 -0.4832874346661068	 
-0.2317752556158144	 0.08325726644491224	 0.9691999063497385	 0.3968976004242711	 
0.0	 0.0	 0.0	 1.0	 
31	 47	  37
0.18569792851181827	 -0.46155226358542806	 0.8674593865568503	 -2.1147072706767402	 
0.6852803896483242	 0.6935207852017241	 0.22230543865732358	 -0.7641531927538716	 
-0.7042066933151516	 0.5531712469681991	 0.44507808822473804	 1.1390211313992018	 
0.0	 0.0	 0.0	 1.0	 
31	 48	  37
0.3937114511649571	 -0.33263216016861297	 0.8569405692597032	 -2.8365912489451888	 
0.5420124858050276	 0.8369406273552091	 0.07584755443468368	 -1.0277319300698327	 
-0.7424377135174617	 0.4346104374078348	 0.5098038929266159	 1.8987510916334027	 
0.0	 0.0	 0.0	 1.0	 
33	 34	  37
0.9219585944685378	 0.05555922600076618	 -0.3832825622067795	 -0.4556994546223557	 
-0.0687529182516924	 0.9974168968634686	 -0.020798319237960595	 -0.2705830318450064	 
0.3811369652991875	 0.04552698383864067	 0.9233969392547721	 0.5936978987529051	 
0.0	 0.0	 0.0	 1.0	 
33	 36	  37
0.8984456075180068	 0.10450462331442727	 -0.42646720159645185	 -0.5968020128042726	 
-0.09449768722937477	 0.9945243793268926	 0.04462562081090045	 -0.2992756224544897	 
0.42879561266400373	 0.0002064712297304266	 0.903401505383809	 0.9810048393709256	 
0.0	 0.0	 0.0	 1.0	 
33	 38	  37
0.9241332190565738	 -0.35997755387982044	 0.12803887745070042	 -0.9464984079481855	 
0.3277477455591965	 0.9191348868552489	 0.21856915392262688	 -0.840301521967614	 
-0.19636498852137177	 -0.16002256237259202	 0.9673849134727661	 1.207018976046315	 
0.0	 0.0	 0.0	 1.0	 
33	 41	  37
0.47457355953786245	 -0.4952327383602343	 0.7276843212848456	 -1.5232868016970043	 
0.39264299544241843	 0.8590082152268566	 0.3285367016069516	 -0.44537926494771807	 
-0.7877889404641119	 0.12980531972532572	 0.6021122522033897	 1.195282799149906	 
0.0	 0.0	 0.0	 1.0	 
33	 42	  37
0.16356295990630587	 -0.5308488201517164	 0.831532734346771	 -2.0191148922913498	 
0.47478534020287144	 0.7812078406178699	 0.4053309641337649	 -0.37603682754588563	 
-0.864769355883481	 0.3285024199312602	 0.3798159043854982	 1.0823108997463449	 
0.0	 0.0	 0.0	 1.0	 
33	 47	  37
0.9265065233832682	 -0.009357083870175758	 -0.37616234142946137	 1.1907869238343929	 
-0.08471006924749204	 0.9688415227235064	 -0.23274515680220018	 0.02302475421532468	 
0.36661951161433526	 0.24750464405388875	 0.8968453517053112	 1.6430637816939593	 
0.0	 0.0	 0.0	 1.0	 
33	 48	  37
0.9999227980081878	 -0.008971666437781604	 -0.0085969311272843	 -0.5502524464814728	 
0.00916737483452805	 0.9996933732278486	 0.023002581658814164	 -0.176820099537438	 
0.008387923588190994	 -0.023079617103763547	 0.9996984415373589	 0.5057965251848184	 
0.0	 0.0	 0.0	 1.0	 
34	 35	  37
0.943154527186527	 0.03301981182369791	 -0.3307101901585225	 -0.08581155638306837	 
-0.0991667533146293	 0.977684998423036	 -0.1851971892216056	 -0.1058342134069428	 
0.31721521540524183	 0.2074650232826618	 0.9253824999586551	 0.036504107276695896	 
0.0	 0.0	 0.0	 1.0	 
34	 36	  37
0.9985545250996665	 -0.03972179461347803	 -0.03620827855152165	 0.041496600936945245	 
0.04207791409701775	 0.9968776022469575	 0.0668168787328477	 -0.028800817408954765	 
0.03344113557019107	 -0.06824386544621251	 0.9971080509557302	 0.36363049425574645	 
0.0	 0.0	 0.0	 1.0	 
34	 37	  37
0.9641115362406097	 -0.2281752803023131	 0.13573867225934969	 -0.13676748639062933	 
0.1857086690441688	 0.9449485868559117	 0.2694150300945713	 -0.38795840681681476	 
-0.1897399165426551	 -0.2345382903876804	 0.9534099613557693	 0.7580509186238915	 
0.0	 0.0	 0.0	 1.0	 
35	 50	  37
0.8002364584248349	 -0.1731935374054365	 0.5741303068195142	 -1.5535047341420345	 
0.07619322506091027	 0.9789924473975732	 0.1891253034189969	 0.15266808720789704	 
-0.5948245145103684	 -0.10760012332475136	 0.796621623104723	 1.1131806941907088	 
0.0	 0.0	 0.0	 1.0	 
36	 37	  37
0.9662344057333271	 -0.1888136843874532	 0.17532959181267221	 -0.15046485870590204	 
0.15462821264144033	 0.9692150330241003	 0.19160463359586374	 -0.3726178288769525	 
-0.20610965293376396	 -0.15802408787310426	 0.9656848340009261	 0.3632246949446941	 
0.0	 0.0	 0.0	 1.0	 
36	 48	  37
0.33017991749061465	 -0.2976979398623013	 0.8957439135643807	 -1.9674290857766883	 
0.46291503412682133	 0.87807868554381	 0.12119196826943124	 -0.06717986375068491	 
-0.8226122374881468	 0.3746381702328223	 0.42773279993396374	 0.6519372509668102	 
0.0	 0.0	 0.0	 1.0	 
36	 49	  37
0.8180547688055628	 -0.18150191058179854	 0.5457503565639091	 -1.9308422757240138	 
0.28765153676291005	 0.9508102947465096	 -0.11496250172118007	 0.10845489334111133	 
-0.4980391436748853	 0.25103155152134426	 0.8300241993510633	 0.41121276055821154	 
0.0	 0.0	 0.0	 1.0	 
37	 38	  37
0.8831961396890474	 -0.15420325100442817	 0.4429288161974002	 -0.2647915354537548	 
0.23116518928845126	 0.9648465333049066	 -0.1250352847429022	 -0.012194565024482353	 
-0.4080774854112881	 0.21282040444743325	 0.8877951573145861	 0.05625709535488135	 
0.0	 0.0	 0.0	 1.0	 
37	 49	  37
0.5983912922730672	 -0.7979862277212413	 0.07173452236538631	 -1.0033570245573995	 
0.8003760336541796	 0.5913027984639838	 -0.09878869004427898	 0.07482262645031748	 
0.036415190288826706	 0.11652888438444467	 0.9925194975517332	 -0.49287438144488804	 
0.0	 0.0	 0.0	 1.0	 
38	 39	  37
0.93530926900397	 -0.1333846836623823	 0.32772716927277584	 0.1695215835478863	 
0.1855452764022541	 0.973552634165077	 -0.1332974827783781	 0.1597060645830651	 
-0.3012798063595888	 0.1854825993847603	 0.9353217005957908	 0.06764780317673556	 
0.0	 0.0	 0.0	 1.0	 
39	 40	  37
0.9501426532151437	 -0.0903700487915099	 0.2984328950077523	 -0.02848608180890372	 
0.06696272682849784	 0.9938875098818969	 0.08777021656834753	 -0.06154698321464659	 
-0.3045405256398231	 -0.06341034601847563	 0.9503863405272809	 0.03877287025743097	 
0.0	 0.0	 0.0	 1.0	 
40	 41	  37
0.9980223445610387	 -0.002731309411550714	 0.0628007938308593	 -0.21567643310496262	 
-0.0031371396883769073	 0.9956464587836783	 0.09315732642200805	 0.2807065635810925	 
-0.0627818294689105	 -0.09317010819151875	 0.9936688446500254	 -0.42177201994120334	 
0.0	 0.0	 0.0	 1.0	 
41	 42	  37
0.9698488498330786	 -0.1273250944486247	 0.20780165735889092	 -0.0785145451426027	 
0.1347995261623696	 0.9906251918252442	 -0.02215439160974046	 0.2618567802864331	 
-0.20303274667859328	 0.0494979761691922	 0.9779200653076404	 -0.352396205824406	 
0.0	 0.0	 0.0	 1.0	 
41	 43	  37
0.8658041508615051	 -0.1647709034150749	 0.4724761599686996	 0.06965841731054451	 
0.2355130171216618	 0.9672911766278172	 -0.09424117138609775	 0.18531826836798376	 
-0.4414938177565342	 0.19286868332041934	 0.8762904084132204	 -0.6128934742051911	 
0.0	 0.0	 0.0	 1.0	 
41	 44	  37
0.7294463443839233	 -0.07352680751384795	 0.6800748776728577	 -0.7345648447998744	 
0.18047290539481728	 0.9796661242654339	 -0.08765737496124579	 -0.32810145041654415	 
-0.6598011526841129	 0.18667644078341716	 0.7278834696386167	 0.410860829031034	 
0.0	 0.0	 0.0	 1.0	 
41	 45	  37
0.44799956548831626	 -0.22147775337758666	 0.8661662623775513	 -1.4148955728978265	 
-0.6135045936700261	 -0.7808784143654283	 0.11764784538575401	 -0.35265139894853564	 
0.6503141570564616	 -0.5841031644640795	 -0.485710809427784	 5.481290135603867	 
0.0	 0.0	 0.0	 1.0	 
41	 46	  37
0.9273452996792476	 -0.035536894392348826	 0.37251553564885453	 0.00411727153843981	 
0.0955296948337641	 0.9849779524233562	 -0.1438489160364443	 0.22721027795629778	 
-0.3618076458116576	 0.1689839115917226	 0.9168095031441301	 -0.5544383558507154	 
0.0	 0.0	 0.0	 1.0	 
41	 47	  37
0.9927668096840784	 -0.08672704623049374	 0.08302096748309667	 0.17564115908090525	 
0.09817838299248383	 0.984457818071658	 -0.14561527924833423	 0.5792462821298682	 
-0.06910185744737095	 0.15271288056258717	 0.9858517684761735	 -0.8603140794252324	 
0.0	 0.0	 0.0	 1.0	 
41	 48	  37
0.9280988512732189	 0.05112655871664422	 -0.36880699187939014	 0.2230227711113097	 
-0.13865615283928565	 0.9667408984721747	 -0.21491046159045243	 0.7645057154448145	 
0.3455531703589762	 0.2505955111629218	 0.9043201292904272	 -0.9046367941416492	 
0.0	 0.0	 0.0	 1.0	 
42	 43	  37
0.9331796490467886	 -0.07381682509739226	 0.35174823231603086	 -0.0486079237609901	 
0.12455291333101305	 0.9844541117475132	 -0.12384132446066458	 -0.05312749989495474	 
-0.33713842021589396	 0.15937747079168815	 0.9278666431219386	 -0.2129555702383263	 
0.0	 0.0	 0.0	 1.0	 
42	 44	  37
0.9591234825052766	 -0.06877290160236971	 0.27450397686033995	 -0.03283651281186593	 
0.13959842297326322	 0.9587639068718741	 -0.24755615763531083	 0.27158078225867016	 
-0.24615935003637224	 0.2757572462963968	 0.9291735658663022	 -0.15043744844903564	 
0.0	 0.0	 0.0	 1.0	 
42	 45	  37
0.8778928084629425	 -0.05680707744628629	 0.4754757331358339	 -0.5186841737555352	 
0.1979783385561235	 0.9471595529631878	 -0.25237543203158913	 0.19211324812743963	 
-0.43601467212882183	 0.31569247248324744	 0.842751130824403	 0.08317360246154687	 
0.0	 0.0	 0.0	 1.0	 
42	 46	  37
0.9861803188472299	 0.03474909224604523	 0.1619903679434425	 0.08069832524753655	 
0.011856431173416492	 0.960447256781367	 -0.2782094390580173	 0.309202989839782	 
-0.1652507299778311	 0.27628530096482234	 0.9467621817080418	 -0.16434952175062553	 
0.0	 0.0	 0.0	 1.0	 
42	 47	  37
0.9851844296759307	 0.026294511811689583	 -0.16947046401274585	 0.4619404469726818	 
-0.05313458634974244	 0.9863507960912478	 -0.15584871761937083	 0.36359869363928204	 
0.16305936114664593	 0.16254447298738114	 0.9731345945159396	 -0.3697569528460485	 
0.0	 0.0	 0.0	 1.0	 
42	 48	  37
0.8560512548404572	 0.15787520595837068	 -0.49219068299763646	 0.22106181253570648	 
-0.22975067383681702	 0.9691974880349693	 -0.08871785084318826	 0.3488215203961062	 
0.46302362462147256	 0.18902816861597002	 0.8659546607716171	 -0.6211613920694592	 
0.0	 0.0	 0.0	 1.0	 
43	 44	  37
0.9979714698084223	 -0.06301347916184472	 -0.009069007240983112	 -0.15601586517746358	 
0.061774091619210034	 0.992930312174836	 -0.10135756887872213	 0.25000358200933376	 
0.015391785245339766	 0.10059173230590715	 0.9948087234934455	 0.06318947020861436	 
0.0	 0.0	 0.0	 1.0	 
43	 45	  37
0.9953836261601234	 -0.06141737866504194	 0.07375189740093946	 -0.3765143701519248	 
0.07002386629509155	 0.9902487934331514	 -0.12043249251458454	 0.24654630486175808	 
-0.06563607941834296	 0.1250409241092817	 0.9899781171200128	 0.10256101107245147	 
0.0	 0.0	 0.0	 1.0	 
43	 46	  37
0.9792919655406559	 0.049666472273013136	 -0.1962663694051297	 0.14832662553259437	 
-0.07525556730169182	 0.989279301960657	 -0.1251521566028113	 0.3300202021380617	 
0.1879463908076376	 0.13733063840304588	 0.97253095063252	 0.05645970918925907	 
0.0	 0.0	 0.0	 1.0	 
43	 47	  37
0.8843180285343245	 0.09738258680324831	 -0.4566160927920446	 0.4210328537993669	 
-0.11971855999749048	 0.9926030906767993	 -0.020163600149626364	 0.4478543481409815	 
0.45127496141631046	 0.07249645623321596	 0.8894353113252997	 -0.07144097050987377	 
0.0	 0.0	 0.0	 1.0	 
44	 45	  37
0.9935983444516058	 -0.021232642789056413	 0.11095722050961618	 -0.3065220527464497	 
0.024044129643730577	 0.9994212826056371	 -0.024061997102862314	 -0.010765738079345102	 
-0.11038210784680125	 0.026575830280444964	 0.9935338522225605	 0.04749500776466229	 
0.0	 0.0	 0.0	 1.0	 
44	 46	  37
0.9616158770214438	 0.118561558924276	 -0.24746325344528297	 0.423404877043667	 
-0.11922761909140826	 0.9927901649055678	 0.012347603515224967	 -0.01836411122838106	 
0.24714303531775442	 0.017630802937488612	 0.9688185975102387	 0.032106200787026445	 
0.0	 0.0	 0.0	 1.0	 
44	 47	  37
0.8774831636334061	 0.049143740269227174	 -0.4770830015125882	 0.6559827227164478	 
0.0030572861118906094	 0.9941430815275454	 0.10802863718730293	 0.04289972039995858	 
0.4795976965557068	 -0.09625188955686358	 0.8721935698084419	 -0.11761980603436603	 
0.0	 0.0	 0.0	 1.0	 
45	 46	  37
0.9506073957126693	 0.08713298202089433	 -0.2979151266057524	 0.6107860344149628	 
-0.0755692726137751	 0.9958791843704033	 0.05013915809389188	 -0.07297974972761243	 
0.3010562476564797	 -0.02514942508062323	 0.953274693970795	 0.05606765443487807	 
0.0	 0.0	 0.0	 1.0	 
45	 47	  37
0.8121206040857383	 0.25186116362673266	 -0.5263326692083659	 0.8857761974727602	 
-0.16529833858586926	 0.964397314702181	 0.20643226166462586	 -0.005869907860487737	 
0.5595860824575306	 -0.08064597728225249	 0.8248391616964021	 -0.06539489676357603	 
0.0	 0.0	 0.0	 1.0	 
46	 47	  37
0.9655707726439079	 -0.008662957974534997	 -0.259996223385992	 0.16736419919543277	 
0.026853695118435605	 0.9974253221446466	 0.0664951562381323	 0.13020889337366912	 
0.25875077212316344	 -0.07118763870068281	 0.9633173713900771	 -0.1964323983426056	 
0.0	 0.0	 0.0	 1.0	 
46	 48	  37
0.629171477515893	 0.22279631748732318	 -0.7446509603797983	 0.6085295689904914	 
-0.08074225863365289	 0.9715893247366175	 0.2224744293814004	 -0.315134362850574	 
0.7730614073611511	 -0.07984976500861701	 0.6292853688723932	 -0.12037209549547398	 
0.0	 0.0	 0.0	 1.0	 
47	 48	  37
0.8805075269944505	 0.15375373301053694	 -0.4484041530711347	 0.0743519521544032	 
-0.16020037261586448	 0.9867978597156931	 0.02378706947618287	 0.016013367433225838	 
0.4461416092675677	 0.05088981868557705	 0.8935143484210497	 -0.16256844479097568	 
0.0	 0.0	 0.0	 1.0	 
48	 49	  37
0.8475833081880142	 0.17275001709165314	 -0.5017568806462896	 0.1125350143624564	 
-0.16663358595289054	 0.9843456805904803	 0.057418020998155614	 0.03426592194501284	 
0.5038211822795284	 0.034942992111402456	 0.8631009231768666	 -0.09307280678685977	 
0.0	 0.0	 0.0	 1.0	 
48	 50	  37
0.6446268676735609	 0.2898897376778417	 -0.7074038036810694	 0.29722327052187525	 
-0.2505132338565889	 0.9543273790970264	 0.1627954949269581	 -0.013774547942464181	 
0.7222875612497331	 0.07227166453646462	 0.6878062847699496	 -0.12702753108941933	 
0.0	 0.0	 0.0	 1.0	 
49	 50	  37
0.9654277462389628	 0.0872463812654418	 -0.24563659285220968	 0.07434399816646173	 
-0.07968362005916499	 0.995993843065635	 0.04058060213468435	 0.04480018769544984	 
0.24819304479824467	 -0.01960442632244511	 0.9685121986750321	 -0.12750030695890396	 
0.0	 0.0	 0.0	 1.0	 
49	 51	  37
