1	 2	  37
0.8855210061554665	 -0.09552247623966381	 0.45467351384312343	 -0.22146190957570266	 
0.06795588209729	 0.9947407357381254	 0.07663463154182698	 -0.04121775990897946	 
-0.45960259545153714	 -0.03696383632978789	 0.887355131307638	 0.27053778503251175	 
0.0	 0.0	 0.0	 1.0	 
2	 3	  37
0.8654250436487398	 -0.12757313840530318	 0.484525116152917	 -0.4518052188619237	 
0.10888243213797075	 0.991816888200817	 0.06666240508238523	 -0.07368046766574644	 
-0.48906452518793075	 -0.004935041749490596	 0.8722336473477933	 0.13546462818260907	 
0.0	 0.0	 0.0	 1.0	 
2	 5	  37
0.7519425078152263	 -0.1438514175787454	 0.6433422375385706	 -0.9551892513200863	 
0.07957111480261404	 0.9885715984013117	 0.12804152655816467	 -0.11541327825466977	 
-0.6544088191869194	 -0.04508840754408438	 0.7547954245194658	 0.097293419927472	 
0.0	 0.0	 0.0	 1.0	 
2	 7	  37
0.7587211621838326	 -0.4156428292153291	 0.5015807378441585	 -0.8410854139706538	 
0.4078803351638708	 0.9034864035889426	 0.1317040269563786	 -0.38140434563791004	 
-0.5079132113275081	 0.10465828706698276	 0.8550267906371025	 0.3135906134965404	 
0.0	 0.0	 0.0	 1.0	 
3	 4	  37
0.9720886222887118	 0.004043938711703984	 0.23457910601016635	 -0.25590138311436084	 
-0.019933954935752833	 0.9976595472953187	 0.06540691959661214	 0.10194020270449457	 
-0.2337655831328735	 -0.06825741168689532	 0.9698941065355292	 -0.37141738584730943	 
0.0	 0.0	 0.0	 1.0	 
3	 5	  37
0.977857770957294	 0.01068970504057227	 0.2089973922913318	 -0.434823065041523	 
-0.028006753640463147	 0.9963953175356314	 0.08007492081538341	 -0.11562346202344712	 
-0.20738804577157716	 -0.08415522205551543	 0.974632288133239	 -0.16191204757235875	 
0.0	 0.0	 0.0	 1.0	 
3	 6	  37
0.9835820297038801	 0.022163631308890916	 0.17909540555468992	 -0.49218867702459046	 
0.007813693267648152	 0.9862682637463646	 -0.16496623328502666	 -0.21771831179224352	 
-0.180292365454321	 0.1636572191317403	 0.9699025608714267	 0.017198352018095355	 
0.0	 0.0	 0.0	 1.0	 
3	 7	  37
0.998854274197355	 0.04768138780474155	 0.004077275400169979	 -0.4421134962633475	 
-0.047530954093421555	 0.9983792872940138	 -0.03129867577494345	 -0.06283723986852915	 
-0.005563031605522797	 0.031069019284647743	 0.9995017602385929	 -0.044489845595401985	 
0.0	 0.0	 0.0	 1.0	 
3	 38	  37
0.4096186416535063	 -0.5187530986262601	 0.7504050846546751	 -2.1705865149977464	 
0.35260278214917845	 0.8486827707917926	 0.39421926967339593	 -0.5735572695404448	 
-0.8413583341422347	 0.10311535883087447	 0.5305500695905944	 1.4186397279965812	 
0.0	 0.0	 0.0	 1.0	 
3	 39	  37
0.007052114943051683	 -0.32834715718101437	 0.9445307893583856	 -2.1403692972098853	 
0.21365644868995406	 0.923237100099263	 0.3193496186525055	 -0.673640057361198	 
-0.976883406353095	 0.19955300391487457	 0.07666426169032722	 1.7358199552341396	 
0.0	 0.0	 0.0	 1.0	 
3	 40	  37
-0.027397627561162544	 -0.3454446934252112	 0.9380390896910322	 -1.9586373608293148	 
0.12404106235718831	 0.9299639152483248	 0.34609381847312126	 -0.5173382113432268	 
-0.991898777523856	 0.12583751475759322	 0.017370521762821913	 2.057028555161973	 
0.0	 0.0	 0.0	 1.0	 
3	 41	  37
-0.12236946392465355	 -0.5877344054450102	 0.7997461990875565	 -1.531828802173295	 
0.2954655082555716	 0.7476927586349906	 0.5946895594476799	 -0.8605674095577008	 
-0.9474839564499603	 0.30906925978006705	 0.0821604827695873	 1.5608289219228941	 
0.0	 0.0	 0.0	 1.0	 
3	 45	  37
-0.453372319031271	 0.7403610521465086	 0.4963054027518959	 -1.2344385677164298	 
0.27617803044836786	 0.6461019439387623	 -0.7115321310638143	 1.688240029668015	 
-0.8474545626957636	 -0.1855203236927617	 -0.497396193856633	 3.0311899540683855	 
0.0	 0.0	 0.0	 1.0	 
3	 46	  37
0.25082648597884255	 -0.3499864314206011	 0.9025494843790988	 -2.370732909324167	 
0.43512816514744046	 0.8736180676067749	 0.2178415751100457	 -0.8646973919689108	 
-0.8647251319505669	 0.3380842643076971	 0.3714155037159812	 1.0583836257067423	 
0.0	 0.0	 0.0	 1.0	 
3	 47	  37
-0.09008077850072903	 -0.4161052920771891	 0.9048435440727081	 -1.7676712582845542	 
0.15535493951319548	 0.891544804305855	 0.42545587865733486	 -0.5485657613120386	 
-0.9837430030823864	 0.17889731082548563	 -0.015667037558379598	 1.7435343817598092	 
0.0	 0.0	 0.0	 1.0	 
4	 5	  37
0.9951615612757598	 0.04434195663323654	 -0.08767700862329254	 -0.09472225635525283	 
-0.0490143058596389	 0.9974500266045235	 -0.051875256604029946	 -0.09068075383221105	 
0.0851531842052342	 0.055921689071166805	 0.9947973159951413	 0.1498940088474995	 
0.0	 0.0	 0.0	 1.0	 
4	 6	  37
0.9958037698400353	 -0.0062158815412667896	 -0.09130287393636322	 -0.30239761389674435	 
-0.030379690311528266	 0.9186591668327091	 -0.3938812125639001	 0.10035680876526701	 
0.08632454105843897	 0.39500214937503525	 0.9146154249738805	 0.2935634988027088	 
0.0	 0.0	 0.0	 1.0	 
4	 7	  37
0.9295841918140897	 -7.708880123345653e-05	 -0.3686098538925167	 0.030153476843665254	 
-0.034596442405590434	 0.9955674648652908	 -0.08745575495400777	 -0.2155918100693483	 
0.3669827196234486	 0.09405007686873817	 0.9254611102249318	 0.3383982984664751	 
0.0	 0.0	 0.0	 1.0	 
4	 38	  37
0.6312948207593213	 -0.5285264231455415	 0.5675620400620862	 -2.1984846805397473	 
0.41792398075966286	 0.848315271126502	 0.3251165130834893	 -0.7311941382931693	 
-0.6533042136619465	 0.03195341625788545	 0.7564209037308504	 1.1008715118003365	 
0.0	 0.0	 0.0	 1.0	 
4	 39	  37
0.33807068195458057	 -0.36200727745035743	 0.8687110826251404	 -2.2801879657028605	 
0.35566502738519346	 0.9037503155246482	 0.23819688386750199	 -0.8175788655953491	 
-0.8713269204482632	 0.22844276802314936	 0.43428481373410627	 1.2921088403914711	 
0.0	 0.0	 0.0	 1.0	 
4	 40	  37
0.4244861320286478	 -0.43894883693593467	 0.7919188356567531	 -2.0625704860211598	 
0.25035463351491705	 0.897430562291258	 0.36323675935016236	 -0.7637611488735567	 
-0.8701345190216104	 0.044071582887234964	 0.490839703354205	 1.4014475875855834	 
0.0	 0.0	 0.0	 1.0	 
4	 41	  37
0.38487304610633766	 -0.4561605750208775	 0.8023654206017667	 -1.6263481436769816	 
0.12746341144416554	 0.8872696614656683	 0.4432895516314503	 -0.7718311136433841	 
-0.914125711882038	 -0.0683379663087751	 0.39962996038452486	 1.024729774632921	 
0.0	 0.0	 0.0	 1.0	 
4	 46	  37
0.35903804276774776	 -0.3856255591549496	 0.8499321219791256	 -2.408306570582056	 
0.40062307758889937	 0.8861666855095888	 0.23282988467151267	 -1.045346982407424	 
-0.8429666859068068	 0.2569076363586409	 0.4726580506369406	 1.0529287114139432	 
0.0	 0.0	 0.0	 1.0	 
4	 47	  37
0.9868025025529682	 -0.16058564373330997	 -0.020810381590869526	 -0.5469732092479722	 
0.15970846852356047	 0.9439953389207181	 0.2887317183438951	 -0.5046502108508103	 
-0.026721265633537303	 -0.28824477640144347	 0.9571838500728185	 0.14837649242467432	 
0.0	 0.0	 0.0	 1.0	 
5	 6	  37
0.9979062964299944	 -0.058505151969327505	 -0.027571193996916543	 -0.09528680339982937	 
0.04974932786975538	 0.9667572870314136	 -0.25080939445755696	 -0.058590712765105815	 
0.04132829444675007	 0.24891262556307725	 0.9676437758356202	 0.1375647244314044	 
0.0	 0.0	 0.0	 1.0	 
5	 7	  37
0.970816480315192	 0.008690098666041937	 -0.23966610885479203	 0.1004658787729697	 
-0.015401595203680358	 0.9995395138014673	 -0.026144812386178995	 -0.17664320272515402	 
0.23932854492016734	 0.02907305513187383	 0.970503274106633	 0.18138788857088511	 
0.0	 0.0	 0.0	 1.0	 
5	 38	  37
0.5818249982606718	 -0.6011157252904334	 0.5478499394976013	 -1.8926677472730133	 
0.5619810888168851	 0.7840676322602494	 0.26346765238638886	 -0.5071579324033523	 
-0.5879259538506173	 0.15458923911567257	 0.7940058185797378	 0.961599354642683	 
0.0	 0.0	 0.0	 1.0	 
5	 39	  37
0.34354714056678304	 -0.38870692016104225	 0.8549165412058096	 -1.9569006435409777	 
0.31849610033181963	 0.904597523933705	 0.283308231024857	 -0.6997093942908158	 
-0.8834792562826875	 0.17495785181559426	 0.43457353095450024	 1.1115183867695932	 
0.0	 0.0	 0.0	 1.0	 
5	 40	  37
0.26550512771412305	 -0.5215296226076251	 0.8108722956793218	 -1.7925362620110217	 
0.29257233051534776	 0.844981065358827	 0.44767000190081735	 -0.7477169276347972	 
-0.9186449034171602	 0.11838011626877144	 0.3769319427932143	 1.4868399545912214	 
0.0	 0.0	 0.0	 1.0	 
5	 45	  37
-0.11713281087881985	 0.09425699199931381	 0.9886331595060256	 -2.1494570622080964	 
0.045100061791919346	 0.9949636532544853	 -0.08951711081604762	 -0.7073666950744476	 
-0.9920916737086298	 0.03410202577162794	 -0.12079388559144698	 2.030766744975923	 
0.0	 0.0	 0.0	 1.0	 
5	 46	  37
0.24802337936625507	 -0.3057664799679506	 0.9192340632372982	 -2.3555248372832427	 
0.21225150935319334	 0.9429794570618053	 0.2563962564795289	 -0.9547620432201654	 
-0.9452162186849289	 0.13151655138207557	 0.2987803484962351	 1.3739030797005807	 
0.0	 0.0	 0.0	 1.0	 
6	 7	  37
0.9827017789565767	 0.0007222160793231825	 -0.18519366090531875	 0.10844051923036302	 
0.027395368175026684	 0.9884238471668108	 0.1492239664213359	 0.10846429393619564	 
0.18315760273091108	 -0.15171610578938555	 0.9713060875985332	 0.027726471496804413	 
0.0	 0.0	 0.0	 1.0	 
6	 46	  37
0.32911574686808326	 -0.08044578881455881	 0.9408566842115048	 -2.0212288585752893	 
-0.03265683088508504	 0.9947989005336332	 0.09648149508386464	 0.07115503375118912	 
-0.9437247249913541	 -0.062478976936872585	 0.3247768786119403	 1.1260144084217667	 
0.0	 0.0	 0.0	 1.0	 
7	 38	  37
0.30254239672483696	 -0.5285907534771592	 0.7931329734177243	 -1.8599452675148511	 
0.47796969940372097	 0.804076594153057	 0.3535615889588913	 -0.44446637944834544	 
-0.8246290466845726	 0.2721261583781844	 0.4959176234924741	 1.5320717749699673	 
0.0	 0.0	 0.0	 1.0	 
7	 46	  37
0.3564506993694698	 -0.48884645593219256	 0.7962236127128802	 -1.3259307673157512	 
-0.28541511062202196	 0.7544922325717105	 0.5909988880002863	 -1.703193167565325	 
-0.8896522430408602	 -0.43791621745659376	 0.1294151186719482	 1.8113827392697601	 
0.0	 0.0	 0.0	 1.0	 
8	 9	  37
-0.5584956746220856	 -0.6236594898681869	 0.546929083269279	 -1.5106202738718049	 
-0.7670963870292496	 0.13739730597351096	 -0.6266459234032347	 1.3386461624384787	 
0.31566709431787937	 -0.7695263614773533	 -0.5551427425053244	 3.76416947004307	 
0.0	 0.0	 0.0	 1.0	 
8	 35	  37
0.5231161709445304	 0.7629012102293111	 0.3799094828073992	 -1.108934862233507	 
-0.8504600042574448	 0.49624472288236915	 0.1745249442624954	 -0.07704817758227912	 
-0.05538278482308118	 -0.41439464094272854	 0.9084106057852844	 -0.10577230762237277	 
0.0	 0.0	 0.0	 1.0	 
8	 36	  37
0.5707631475056968	 -0.8211144211218903	 -0.0007327175810941745	 -1.191656028127	 
0.8211145332106068	 0.5707621254372072	 0.0012326867928868091	 -0.5673302234415208	 
-0.0005939694584353398	 -0.001305217248372089	 0.99999897180358	 0.3345364460103892	 
0.0	 0.0	 0.0	 1.0	 
8	 37	  37
0.7684814706070988	 -0.4789941070523044	 0.424265099604853	 -1.3309870690299384	 
0.3479939223485914	 0.8692767717392146	 0.35108136396438333	 -0.684001100700086	 
-0.5369697005809477	 -0.12215784675498685	 0.8347101300057352	 0.9997880836220862	 
0.0	 0.0	 0.0	 1.0	 
8	 38	  37
-0.11473767220717783	 -0.7796071880596215	 0.6156686599967934	 -0.6426805665700089	 
0.47613019183067	 0.5007778826503944	 0.7228565228836747	 -1.1286102010772912	 
-0.8718573891432977	 0.37607731196385286	 0.31373643145525143	 1.1759972757729416	 
0.0	 0.0	 0.0	 1.0	 
9	 10	  37
0.8525427748638726	 0.11810185851851109	 -0.5091392422922055	 0.2309100808406779	 
-0.18404083909487207	 0.9795799160679715	 -0.08094539876682874	 -0.21096316424091943	 
0.4891827741986247	 0.1627118282447203	 0.8568693449859184	 0.4217001338185542	 
0.0	 0.0	 0.0	 1.0	 
9	 11	  37
0.8171149763570944	 -0.4163094521671285	 -0.3987600223809425	 0.2310459336088097	 
-0.11054561351744611	 0.5657275979575253	 -0.8171486720550059	 0.7185712510111133	 
0.5657762656253759	 0.7117855891667891	 0.41624330902669215	 0.8428730142147651	 
0.0	 0.0	 0.0	 1.0	 
9	 32	  37
-0.027965270951741023	 -0.20308801767926754	 0.9787610539328282	 -2.4722057000783964	 
0.6716508375429385	 -0.7290005144947217	 -0.1320734730909296	 0.32693462582585475	 
0.740339851722481	 0.6536922111678675	 0.1567909340810186	 1.72689578798373	 
0.0	 0.0	 0.0	 1.0	 
9	 33	  37
0.6844138110559956	 -0.6290089755741121	 0.36868068010544475	 -1.7300156235367519	 
0.7138390535247777	 0.47520975220683764	 -0.5144020772414943	 0.48655262806954175	 
0.1483628690025112	 0.6152425538393138	 0.7742512893412722	 -0.27318023827652266	 
0.0	 0.0	 0.0	 1.0	 
9	 35	  37
0.45930805293532595	 -0.5901360727970076	 0.6639092770043845	 -2.1522913822698726	 
0.6336752560584081	 0.7414567878501622	 0.22067510419218062	 -0.7309658729947224	 
-0.6224883793036385	 0.3193450286674953	 0.7145117006020866	 0.5923293791899787	 
0.0	 0.0	 0.0	 1.0	 
9	 36	  37
0.5429580214453651	 -0.43857279919186637	 0.716135801895943	 -1.4324867066599658	 
0.45416542494448386	 0.8706670283364928	 0.18887215928425696	 -0.5519453097839804	 
-0.7063500221088209	 0.22269446687493524	 0.671920248757363	 0.47020081768975813	 
0.0	 0.0	 0.0	 1.0	 
9	 37	  37
0.37436379483839693	 -0.6051553347244553	 0.7025943139313948	 -0.968950871487053	 
0.426316184372755	 0.7851911489405557	 0.44914292888485347	 -0.5922332925681262	 
-0.8234720760633292	 0.13138447579506007	 0.5519346514434543	 0.8605732381494444	 
0.0	 0.0	 0.0	 1.0	 
10	 11	  37
0.999402331859313	 -0.01892087551021011	 -0.028930598751043785	 0.0637465480549865	 
0.006596627613016166	 0.9259139647347265	 -0.3776768650756275	 0.061380413949654065	 
0.03393322233891135	 0.3772602952593153	 0.9254853894268411	 -0.02760600345076619	 
0.0	 0.0	 0.0	 1.0	 
10	 12	  37
0.9446809956037789	 -0.06984004948083089	 -0.32046869431126584	 0.13747342375764038	 
-0.04679669004679599	 0.9383707011495469	 -0.34244780189800006	 0.08514151322657298	 
0.3246350048065005	 0.3385008045967141	 0.8831926850589634	 0.4012555486115167	 
0.0	 0.0	 0.0	 1.0	 
10	 32	  37
-0.5152841494857106	 0.637742782001859	 0.5725088552095218	 -1.2787948302442604	 
0.46392934200786495	 0.7692504191562323	 -0.43934423662102406	 0.7676049507819691	 
-0.720591292559754	 0.039216535192316	 -0.6922501372008335	 2.5747681769831274	 
0.0	 0.0	 0.0	 1.0	 
10	 33	  37
-0.941586092268317	 0.18096236068574256	 -0.28402157464165156	 -0.15463142806487082	 
0.23672256868965075	 -0.2442183419937988	 -0.9403828087043987	 1.7982246311421644	 
-0.23953717106088918	 -0.9526856907967303	 0.18711471944051639	 2.531206083242504	 
0.0	 0.0	 0.0	 1.0	 
10	 35	  37
0.9780079964073405	 -0.10543331281756783	 0.17995603771925017	 -0.8484085061671813	 
-0.11562210838460546	 0.44402871648880404	 0.8885212586010557	 -1.5801085816698652	 
-0.17358538825603323	 -0.8897877923873857	 0.4220732134385973	 1.07337831499618	 
0.0	 0.0	 0.0	 1.0	 
10	 36	  37
0.28812734024173775	 0.10408308090236526	 -0.9519187717841754	 2.092431144148473	 
-0.8987263028374606	 -0.3137677839092611	 -0.3063344746658134	 0.29323778125711997	 
-0.330565679394172	 0.9437777757769795	 0.0031371254559953068	 1.5617139045496506	 
0.0	 0.0	 0.0	 1.0	 
11	 12	  37
0.966049009759683	 -0.010440520410222833	 -0.2581478380229042	 0.03510210060091002	 
0.034929013077337145	 0.9952874541451594	 0.0904590938860835	 0.011574876140817498	 
0.25598686448288543	 -0.09640476728259749	 0.9618611365771098	 0.37935760277923103	 
0.0	 0.0	 0.0	 1.0	 
11	 32	  37
0.2975294163286206	 0.8885225334187627	 0.349290644057715	 -0.46801221870844373	 
0.8465887479487048	 -0.4146620971282176	 0.33368074120613056	 -0.4868042570570826	 
0.44132044850175944	 0.19642569285185596	 -0.8755873508233627	 4.1099207693149085	 
0.0	 0.0	 0.0	 1.0	 
11	 33	  37
0.9231093286860568	 -0.35794261541768174	 -0.14052135553262649	 0.2666310604492848	 
0.23661891044178868	 0.24067949220927712	 0.9413208131403583	 -1.9942180903201927	 
-0.30311822530840715	 -0.9021920339361427	 0.30686947614262294	 2.3503706786986354	 
0.0	 0.0	 0.0	 1.0	 
13	 14	  37
0.9040342738399743	 0.08871632642701786	 -0.4181524185604169	 0.06891162482138495	 
-0.0615437174126544	 0.9950475472443432	 0.07805606683691838	 -0.1312816006662381	 
0.42300638596794593	 -0.04483070541841733	 0.9050170193327993	 0.42443706891962835	 
0.0	 0.0	 0.0	 1.0	 
13	 15	  37
0.9045149378554873	 0.14973920180153494	 -0.39928798960164497	 -0.01885205331060597	 
-0.048507902121333234	 0.9663750584477627	 0.2525197612898259	 -0.04996448280560668	 
0.4236740617834317	 -0.20903927347252896	 0.8813642104816868	 0.5624677663886841	 
0.0	 0.0	 0.0	 1.0	 
13	 16	  37
0.873927865925458	 0.1653766081489196	 -0.4570565201768083	 -0.19348829975289794	 
-0.05902635388298834	 0.9694879452470936	 0.2379264877390692	 -0.18144411112558845	 
0.4824582621390727	 -0.18095220777246124	 0.8570241092268156	 0.9659892572643041	 
0.0	 0.0	 0.0	 1.0	 
14	 15	  37
0.9989248058148869	 0.046142118989890284	 0.00448744724893796	 -0.03201791667981783	 
-0.04599071250515899	 0.9741282022437131	 0.22126703314479065	 -0.05610521259138045	 
0.005838380850635639	 -0.2212355090137039	 0.9752029341939495	 0.12098260166489816	 
0.0	 0.0	 0.0	 1.0	 
14	 16	  37
0.9985035623829572	 0.0320299041368343	 -0.044325175121241296	 -0.06277223596230279	 
-0.024466247990715548	 0.9865311463884577	 0.1617334223799531	 -0.07254131104236668	 
0.04890847184077946	 -0.16040692767602233	 0.9858385156483482	 0.5476516425773869	 
0.0	 0.0	 0.0	 1.0	 
15	 16	  37
0.9992135852744954	 -0.03948867247812294	 -0.003585491431191843	 -0.10170354547547009	 
0.03924720452310389	 0.9978570994798213	 -0.05235328026818475	 -0.16671824596453663	 
0.005645169617404575	 0.05217138836213761	 0.9986221899679363	 0.4070932541220027	 
0.0	 0.0	 0.0	 1.0	 
15	 57	  37
-0.52116525344173	 -0.25995719737704337	 0.8129016140572553	 -2.4102454057125664	 
0.8024224354751466	 0.17517577016326083	 0.570466199343872	 -0.7146433507456563	 
-0.2906974606892039	 0.9495976543144906	 0.1172999627845942	 1.7916674117474993	 
0.0	 0.0	 0.0	 1.0	 
16	 24	  37
0.9920954936526636	 0.04076953154741501	 -0.11867761697759457	 -0.26719624604398434	 
0.01823534045166438	 0.8888706633837444	 0.4577951683169588	 -0.46786818736543273	 
0.1241531466886288	 -0.4563406502527966	 0.8811011332952453	 1.3474319693691872	 
0.0	 0.0	 0.0	 1.0	 
16	 55	  37
0.7751060049397682	 -0.3030152914961824	 0.5544298100082599	 -1.4995393252110512	 
0.2433576389234333	 0.9529722105258064	 0.18061291632430423	 -0.6089335712193567	 
-0.5830846771129594	 -0.005069426500274185	 0.8123955688154842	 -0.10120848460968411	 
0.0	 0.0	 0.0	 1.0	 
16	 56	  37
0.764117422206487	 -0.045382198071587984	 0.6434788428368916	 -1.71320592634511	 
0.18609993696485974	 0.9706182109294816	 -0.15253557641982315	 -0.45244083335332114	 
-0.6176498834632687	 0.23630646353886206	 0.7501119094825575	 0.08108177252443383	 
0.0	 0.0	 0.0	 1.0	 
16	 57	  37
0.039326725602044386	 0.633698367667014	 0.7725799553894626	 -1.4505635413167899	 
0.10847181269514433	 -0.771316320417842	 0.6271403349392467	 -1.2891414141473743	 
0.9933213349687257	 0.059139772346898524	 -0.099071755928246	 1.9670600126565632	 
0.0	 0.0	 0.0	 1.0	 
16	 58	  37
0.05297988198954642	 -0.06734955823333245	 0.9963218200512061	 -1.6892285498468376	 
0.161574728212709	 0.9851544429330448	 0.058002851414990175	 -0.44575193000895036	 
-0.9854373340336576	 0.15790744306414226	 0.06307535269486653	 1.0764862985033181	 
0.0	 0.0	 0.0	 1.0	 
17	 18	  37
0.9974796151861456	 0.051970273057344585	 -0.04830639715859541	 -0.3294022370168394	 
-0.0544558779482254	 0.9971795361635073	 -0.05164813659389101	 -0.11776970018086293	 
0.045485982950650414	 0.0541485306825427	 0.997496346850421	 0.3005797254875146	 
0.0	 0.0	 0.0	 1.0	 
17	 19	  37
0.9994699321452479	 -0.008018037146811357	 0.031552588132929514	 -0.6143388666254505	 
0.008562776906402147	 0.9998159623388634	 -0.017167419842917378	 -0.26363030175603525	 
-0.03140913225839107	 0.01742849771851165	 0.999354648699875	 0.4969146782588974	 
0.0	 0.0	 0.0	 1.0	 
17	 20	  37
0.8877597715156346	 -0.19981791190260684	 0.4146750416427181	 -0.539966102188074	 
0.17523332665159938	 0.9797413099516948	 0.09695486993828804	 -0.15485014084593884	 
-0.4256475881631674	 -0.01340774615729818	 0.9047896788944157	 0.44279545746312376	 
0.0	 0.0	 0.0	 1.0	 
17	 21	  37
0.8280276882916456	 -0.3799840377194898	 0.41228907152723165	 -0.4715987600784675	 
0.2157494741835945	 0.8946422803466481	 0.39123823254591666	 -0.27239619924076947	 
-0.517515518426159	 -0.23500493887266208	 0.8227699355795403	 0.48409048854425485	 
0.0	 0.0	 0.0	 1.0	 
17	 22	  37
0.7743996988509688	 -0.39774437051889716	 0.4920411793133315	 -0.6063364681278103	 
0.2440876960414768	 0.9052978128561042	 0.3476450297057575	 -0.272464871134189	 
-0.5837176569718371	 -0.14911500849505274	 0.7981468606596341	 0.6253793790762224	 
0.0	 0.0	 0.0	 1.0	 
17	 54	  37
0.9523300338124912	 -0.15112095166736222	 0.265009367128507	 -1.5285488218741727	 
0.1335069016294386	 0.9875347546926962	 0.08337275029254808	 0.6436704669956226	 
-0.27430532972585164	 -0.04401779459703746	 0.9606346963559075	 -0.7804914427253254	 
0.0	 0.0	 0.0	 1.0	 
17	 55	  37
0.9294762208162138	 -0.12584218280562093	 0.34675308212606487	 -1.5675615806942322	 
0.1778159831526713	 0.9764377595983468	 -0.12227337308674326	 0.34062830294066976	 
-0.3231956544767546	 0.17530843293258233	 0.9299524301113814	 -1.0151604070021896	 
0.0	 0.0	 0.0	 1.0	 
17	 56	  37
0.9809907580371168	 0.049310293590179195	 0.1876849157279633	 -1.2805238128394392	 
0.03342876768686284	 0.9097765327120884	 -0.41375013959793133	 0.4410616374887244	 
-0.1911534727298987	 0.4121591385283365	 0.8908339881206145	 -1.15531917258135	 
0.0	 0.0	 0.0	 1.0	 
17	 57	  37
0.986062251587535	 0.07022528643605445	 0.15082985493294734	 -1.7264572512261425	 
-0.023358601950812123	 0.9560099908993406	 -0.29240258722443946	 0.3313668381974764	 
-0.16472890368427537	 0.2848039789848738	 0.9443257286791246	 -1.498677156094157	 
0.0	 0.0	 0.0	 1.0	 
17	 58	  37
-0.7139696170493226	 0.6440955591425792	 -0.2745692929357756	 -0.41860265613177655	 
-0.5354201508346343	 -0.7549327256556264	 -0.37868435644265036	 0.5949661835643363	 
-0.45119025699881987	 -0.12335919271369643	 0.8838607704623868	 -0.9275689456377904	 
0.0	 0.0	 0.0	 1.0	 
18	 19	  37
0.9964029959600987	 -0.02110315319214298	 0.0820714723097345	 -0.2761133938082885	 
0.02325782804760328	 0.9994071173946381	 -0.025386751179466215	 -0.09609600805488613	 
-0.08148707306221466	 0.027204239123507532	 0.9963030594640688	 0.22357025697112926	 
0.0	 0.0	 0.0	 1.0	 
18	 20	  37
0.8518592834397769	 -0.21771302033055584	 0.4763788429349237	 -0.23150972699930755	 
0.14707552316445782	 0.9723526321842616	 0.18138122606884963	 -0.05379876735745662	 
-0.5026972764033747	 -0.084447613719305	 0.860327872868097	 0.19336640025658605	 
0.0	 0.0	 0.0	 1.0	 
18	 21	  37
0.860478547576776	 -0.33532855779034176	 0.3835771467259376	 -0.02205589274746998	 
0.22928443067501203	 0.9271932295964447	 0.29621168923685326	 -0.030826693040842342	 
-0.4549783720246465	 -0.16693553642278874	 0.8747155009882001	 0.19806756220850985	 
0.0	 0.0	 0.0	 1.0	 
18	 22	  37
0.7862423469429058	 -0.4141232293209134	 0.4586119523197467	 -0.24855113428663358	 
0.22091113584209876	 0.8815202645236235	 0.41727723793079646	 -0.1449700430265202	 
-0.5770799268166104	 -0.2267685475788452	 0.7845729946246663	 0.3564100741778424	 
0.0	 0.0	 0.0	 1.0	 
18	 23	  37
0.9474354234426001	 -0.2904969848079121	 0.13408064820716548	 -0.3309478355951918	 
0.2019761818769291	 0.8680570736987746	 0.45352236852876343	 -0.28447853457373057	 
-0.24813653572289515	 -0.40260205987927294	 0.8811014930304043	 0.5078699572918248	 
0.0	 0.0	 0.0	 1.0	 
18	 54	  37
0.9135318897594947	 -0.1643035188592035	 0.3721072964655888	 -1.398226859562405	 
0.04544534237386394	 0.9502905237036441	 0.3080302605517449	 0.3162110138171951	 
-0.404220493356	 -0.2644849225372535	 0.875587527607317	 -1.1370302936176417	 
0.0	 0.0	 0.0	 1.0	 
18	 55	  37
0.9107596359095557	 -0.11841331501668335	 0.3955947072758357	 -1.325927009926453	 
0.13129927076857803	 0.9913272385653058	 -0.005550457109622204	 0.1888376733964314	 
-0.39150656072859585	 0.056996428881517305	 0.9184084167739427	 -1.2962863174787795	 
0.0	 0.0	 0.0	 1.0	 
18	 56	  37
0.9577316773295724	 -0.010794792233274224	 0.2874604437137812	 -1.1600607789834765	 
0.13907636142302135	 0.8921203017511585	 -0.42985943388130426	 0.6147548837700404	 
-0.2518090545091986	 0.4516689491918417	 0.8559131734020226	 -1.3516268794070008	 
0.0	 0.0	 0.0	 1.0	 
18	 57	  37
0.9416203827220897	 0.05410704133533121	 0.33230029028010494	 -1.901445666581913	 
0.05442044988470703	 0.9495619252424234	 -0.30882125050625614	 0.4847809200504628	 
-0.3322491075633629	 0.3088763153882772	 0.891182333933696	 -1.497421537032907	 
0.0	 0.0	 0.0	 1.0	 
18	 58	  37
0.872355103627366	 0.009838735408797993	 0.48877374362873083	 -1.8127891775967657	 
-0.00822339384758374	 0.9999513274325479	 -0.005451473150798906	 -0.3365812747464179	 
-0.48880358935764384	 0.0007362414291698297	 0.8723935516609707	 -1.8148358134643972	 
0.0	 0.0	 0.0	 1.0	 
19	 20	  37
0.9028140188634245	 -0.2713514135911978	 0.33360943884388233	 0.14248320065747885	 
0.2391114147111163	 0.9615575723843117	 0.13502876117789345	 0.11093211571566979	 
-0.3574249273603054	 -0.04213603365822126	 0.9329908766804919	 -0.05447003311853961	 
0.0	 0.0	 0.0	 1.0	 
19	 22	  37
0.8116275498728551	 -0.36204708197627544	 0.45845679264228384	 -1.0958203519656476e-05	 
0.19016884802378273	 0.9057934385203058	 0.378647667330552	 -0.008986014559239289	 
-0.5523554376745949	 -0.2201366783751066	 0.8040169857069449	 0.14516248453040917	 
0.0	 0.0	 0.0	 1.0	 
19	 23	  37
0.9882254223973731	 -0.13703165620528981	 0.06806496694459589	 -0.0932400002771388	 
0.09906933607919706	 0.9120785238549616	 0.3978668533207835	 -0.13594007643281703	 
-0.11660094843679777	 -0.3864389880953915	 0.9149148196982321	 0.2655837223233041	 
0.0	 0.0	 0.0	 1.0	 
19	 54	  37
0.9576387898740341	 -0.09687648600719469	 0.27118793223057314	 -0.8876208200014617	 
0.007026008695913351	 0.9492956580746248	 0.31430620223353845	 0.43234156802273765	 
-0.2878864069913703	 -0.2990864423867503	 0.9097630002643745	 -1.5226504910814531	 
0.0	 0.0	 0.0	 1.0	 
19	 55	  37
0.9252022466335376	 -0.027088644276248335	 0.3785062855165395	 -1.041692589417873	 
0.05856624208946701	 0.9956910810994984	 -0.07189760987980284	 0.4873696417477506	 
-0.37492772385057277	 0.08868752093832191	 0.9228021052847912	 -1.510657260153539	 
0.0	 0.0	 0.0	 1.0	 
19	 56	  37
0.9768959038348443	 -0.09281605864845247	 0.19250862922910492	 -0.6739276804850879	 
0.15054483109284023	 0.9382123708782185	 -0.3115987820295497	 0.4535448463906365	 
-0.15169260661591358	 0.3333807528758031	 0.9305087999100448	 -1.7233454453257078	 
0.0	 0.0	 0.0	 1.0	 
19	 57	  37
0.9879875275834756	 -0.05909664428546349	 0.14278736629578356	 -1.105907593761866	 
0.10086910555385162	 0.946622369666935	 -0.30615602687342247	 0.5179087250328375	 
-0.11707292122542573	 0.31688116996809895	 0.9412121202127564	 -2.01385213188887	 
0.0	 0.0	 0.0	 1.0	 
19	 58	  37
-0.6652277423778519	 0.7274744030977289	 -0.16808641708498953	 -0.27680876106361424	 
0.4502689074762449	 0.5704543342081057	 0.6869059350037204	 -1.3002350185258158	 
0.5955921101987626	 0.38126479698601773	 -0.7070411535746665	 2.0783780022212963	 
0.0	 0.0	 0.0	 1.0	 
20	 21	  37
0.9916396675481304	 -0.06840143596356138	 0.10941669572398678	 -0.012355855103061983	 
0.04019898911933591	 0.9695032218958984	 0.24175926871012665	 -0.11791752082082971	 
-0.12261652017088137	 -0.23533964028950682	 0.9641475212277365	 0.04947801679076193	 
0.0	 0.0	 0.0	 1.0	 
20	 22	  37
0.9972025353918035	 -0.07300210966263183	 0.016056008002112144	 -0.0825216423725084	 
0.06752533216076444	 0.9719444941329226	 0.22530918721009996	 -0.1016480817471683	 
-0.032053594568117176	 -0.2235947054594594	 0.9741550055128602	 0.0952913950116076	 
0.0	 0.0	 0.0	 1.0	 
20	 23	  37
0.8416907676665124	 0.17949036501233448	 -0.5092542199066159	 -0.14843310562302256	 
-0.05826564522670566	 0.9678178780270571	 0.2448135403884343	 -0.16596602580007974	 
0.5368070102106274	 -0.17638527103741583	 0.8250614946473898	 0.16697847562158416	 
0.0	 0.0	 0.0	 1.0	 
20	 54	  37
1.0	 0.0	 0.0	 -0.5389499962329865	 
0.0	 1.0	 0.0	 -0.07350000739097595	 
0.0	 0.0	 1.0	 -0.07485002279281616	 
0.0	 0.0	 0.0	 1.0	 
20	 55	  37
0.9869049557184506	 0.1281656102331205	 -0.09793969946827479	 -0.20634219588058483	 
-0.13617382286619945	 0.9874511007249991	 -0.07998133309087738	 0.3856891630348523	 
0.08645980768177272	 0.09227079727931668	 0.991973185940563	 -1.810243251774478	 
0.0	 0.0	 0.0	 1.0	 
20	 56	  37
0.06849690055187097	 0.8519957774369674	 0.5190485235932806	 -2.13865283043053	 
-0.8959638535809007	 -0.1763048725644226	 0.4076338614326647	 -0.6584217056544771	 
0.4388131124878213	 -0.49297037146224115	 0.7512810826642251	 -1.0512761460424462	 
0.0	 0.0	 0.0	 1.0	 
20	 57	  37
0.1586380910551738	 0.4062698137416023	 0.8998770996690236	 -3.2744681179136177	 
-0.954410874361056	 -0.17030956293335592	 0.24514186846561808	 0.2485322937852804	 
0.25285141678016254	 -0.8977413275636874	 0.3607307442074374	 -0.09198680676177227	 
0.0	 0.0	 0.0	 1.0	 
20	 58	  37
0.940857580295339	 -0.00513749903290619	 0.3387633683037268	 -0.3837509770899079	 
-0.04751617815182462	 0.9880017429422266	 0.14695158643909295	 -0.9609584717597125	 
-0.33545376196227644	 -0.15435725459727842	 0.9293248148728989	 -0.5239622590437412	 
0.0	 0.0	 0.0	 1.0	 
21	 22	  37
0.9969159479114934	 0.05186344010749948	 -0.058896318899783556	 -0.093374450244145	 
-0.04954266795711274	 0.9979624888519347	 0.04020441388881389	 -0.036349688947523155	 
0.060861456205224734	 -0.03716254061104443	 0.9974541737462995	 0.05177996273200971	 
0.0	 0.0	 0.0	 1.0	 
21	 54	  37
0.10225122939601125	 0.6488813339223723	 -0.753987865004555	 2.3098744773798243	 
-0.9227699569019836	 0.34496646515096396	 0.17173742911887382	 0.19592967420306853	 
0.371537740648397	 0.6781969864341574	 0.6340414457001317	 -0.027634924406042	 
0.0	 0.0	 0.0	 1.0	 
21	 55	  37
0.8593462218897728	 -0.3647695930231162	 -0.3584232343606136	 0.3475409012242187	 
0.4132073514985519	 0.9082128381158903	 0.06640124508645048	 -0.23378453456422763	 
0.301303427778917	 -0.20516477447951195	 0.9311947485469654	 -1.8916214763407184	 
0.0	 0.0	 0.0	 1.0	 
21	 56	  37
-0.9628916984036735	 0.0789838076148776	 -0.25807195756212103	 0.7445158403298141	 
-0.2356137645190736	 -0.7123654644257891	 0.6610760917342119	 -1.4228675828436574	 
-0.1316272430556827	 0.6973499861820359	 0.7045404641732613	 -1.3709189285513548	 
0.0	 0.0	 0.0	 1.0	 
21	 57	  37
0.7744499969435933	 0.561895737209031	 -0.2906894954077088	 0.033455044101345546	 
0.23413531946769972	 -0.6814346267386983	 -0.6934172637447454	 1.1527106756731849	 
-0.5877140924053352	 0.46895631991456466	 -0.659296682534018	 1.916272307370731	 
0.0	 0.0	 0.0	 1.0	 
21	 58	  37
-0.7608013933730217	 0.2103061313398514	 0.613964633315742	 -1.6889994496519225	 
0.06513910092168895	 0.9660066641022556	 -0.25017598294229876	 0.3142255064668394	 
-0.6457074704328445	 -0.1503411321990645	 -0.7486383683704166	 2.0341073361667443	 
0.0	 0.0	 0.0	 1.0	 
22	 23	  37
0.9307345611119828	 0.24080718650556665	 -0.2752182328243479	 -0.2565676834777572	 
-0.24527040570215256	 0.9692757118608993	 0.018628539482426425	 -0.026140071606058555	 
0.2712482347193899	 0.05016466210212383	 0.9612012806055732	 0.0035640305934841222	 
0.0	 0.0	 0.0	 1.0	 
22	 54	  37
0.8331197973573994	 0.5520678222937412	 -0.03365297667387745	 0.19316649335807434	 
-0.5515503522480025	 0.8337980639020909	 0.023937367612779082	 0.8918073440484436	 
0.041274837204652984	 -0.0013813837161571584	 0.999146875886002	 -1.7081027516177842	 
0.0	 0.0	 0.0	 1.0	 
22	 55	  37
0.9619253467449074	 0.1793612348538846	 -0.20622602823450356	 0.1654119568870002	 
-0.2661838829239357	 0.7860042229927132	 -0.5579816322327789	 1.5955125513937074	 
0.06201425450027674	 0.5916307200182476	 0.8038204546846668	 -1.3469782333689342	 
0.0	 0.0	 0.0	 1.0	 
22	 56	  37
0.9383410088029345	 0.05240448344039864	 -0.3417161414303349	 0.2968048177103068	 
-0.21406099181903146	 0.8642392929230635	 -0.45526732405180925	 0.7603409765302723	 
0.271466467505922	 0.5003440962809369	 0.8221689256695784	 -1.8619752909268266	 
0.0	 0.0	 0.0	 1.0	 
22	 57	  37
0.4964811670310982	 -0.8680267395236029	 -0.006002520759072165	 -0.18053101309222042	 
-0.6470659719305698	 -0.3746910105702635	 0.6640122548322299	 -1.3697483538391257	 
-0.5786294831349218	 -0.32578555227305384	 -0.7476975960755492	 3.7457498701763114	 
0.0	 0.0	 0.0	 1.0	 
22	 58	  37
0.42613682297093036	 0.6645420595881336	 -0.6138332502777962	 1.6605853816530591	 
0.38311161846698594	 -0.7472413436103803	 -0.5430063187431253	 2.1821094872928914	 
-0.8195321201172341	 -0.0037716624604412115	 -0.5730208361468507	 2.818218402158467	 
0.0	 0.0	 0.0	 1.0	 
23	 24	  37
0.752970491095283	 0.5132375968899824	 -0.4118526540867806	 0.0007550794357656362	 
-0.32207408859638886	 0.8332067040537166	 0.4494828915261939	 -0.09649662081525694	 
0.5738499115574862	 -0.20580028537040232	 0.7926805923869504	 0.03606743946692787	 
0.0	 0.0	 0.0	 1.0	 
23	 54	  37
0.9566549703081142	 -0.131032214429752	 0.2600804232663756	 -0.8774674037537604	 
0.20993146093826467	 0.929245852583049	 -0.3040245502677845	 1.6292630490368099	 
-0.2018416445957262	 0.3454456603271177	 0.9164754477169884	 -1.0257741519786594	 
0.0	 0.0	 0.0	 1.0	 
23	 55	  37
0.9761726307328005	 -0.19821814849652628	 0.08829813483200591	 -0.2857588906509376	 
0.20639150339594822	 0.9737738300489635	 -0.0957448444446586	 0.295729845133548	 
-0.06700404714763447	 0.11168748147568103	 0.991481903086212	 -1.9302242830802325	 
0.0	 0.0	 0.0	 1.0	 
23	 56	  37
0.9737557653103663	 -0.02710629801838077	 -0.22597556976930325	 0.4763980388479537	 
-0.10808070539431266	 0.8187130738186406	 -0.5639392377551871	 1.096529785386521	 
0.2002954583765953	 0.573562683031395	 0.7942969079554175	 -1.8048298524128557	 
0.0	 0.0	 0.0	 1.0	 
23	 57	  37
0.9823458832215083	 0.10908390655168788	 -0.15197785052163898	 -0.21377291543285099	 
-0.1826680177338228	 0.7345934443453969	 -0.6534560940277181	 1.7369225505130028	 
0.04036038918235039	 0.6696813965283704	 0.7415509868706668	 -1.8776938894082085	 
0.0	 0.0	 0.0	 1.0	 
23	 58	  37
-0.5820203683772786	 0.7807008772041842	 0.22750479363431939	 -0.9316286882648798	 
-0.774580760139613	 -0.44709110171956307	 -0.4473636024362366	 1.856423213831144	 
-0.24754178801874352	 -0.43659556467720195	 0.8649320066275029	 -2.0773587108441967	 
0.0	 0.0	 0.0	 1.0	 
24	 25	  37
0.8830849034754699	 0.23362733898739005	 -0.4069143887003624	 -0.1019266662187978	 
-0.32525598501392544	 0.9298516131050821	 -0.17200151690754586	 -0.07043966690430298	 
0.33818574403179613	 0.2842432832690102	 0.8971266122739378	 -0.08108735047084928	 
0.0	 0.0	 0.0	 1.0	 
25	 26	  37
0.9032211002705658	 0.26064174664907425	 -0.34096557587203513	 -0.06632763243677181	 
-0.2868565130770053	 0.9575672000700163	 -0.027899789522003973	 0.07759958246272282	 
0.3192256019358885	 0.12300787476332685	 0.9396616826362986	 -0.13153638367150453	 
0.0	 0.0	 0.0	 1.0	 
26	 27	  37
0.9731537989848741	 0.06340280285617785	 -0.22125046465778828	 -0.0871178356069225	 
-0.06947239008637116	 0.9973883153040377	 -0.019751848284673974	 0.057418977081450114	 
0.21942030566242826	 0.03459238478270013	 0.9750169723538417	 -0.08720927300105911	 
0.0	 0.0	 0.0	 1.0	 
26	 28	  37
0.8964492409219047	 0.06610079496202408	 -0.4381888215780161	 -0.12684987006394755	 
-0.1202885110823673	 0.9879838354636878	 -0.09704954901516984	 0.026019458642097933	 
0.42650842025935326	 0.13970907546701872	 0.8936285255518771	 -0.21933307090783516	 
0.0	 0.0	 0.0	 1.0	 
26	 50	  37
0.9146808098901199	 -0.3809537094332942	 -0.13503069016993424	 -1.8973939665125594	 
0.07714753940384875	 0.49250423669137167	 -0.8668839795526169	 2.43526788613935	 
0.396745854650918	 0.7825048550073433	 0.47987381540072604	 1.6292230897067241	 
0.0	 0.0	 0.0	 1.0	 
26	 51	  37
0.7913929477634524	 -0.14054998035686903	 0.5949310088169533	 -2.1936807840034436	 
0.19040763065471472	 0.9814714764673108	 -0.02141670071546382	 0.23169386516252916	 
-0.5808976987548942	 0.1302284297024337	 0.8034913936555305	 -0.2802166353918929	 
0.0	 0.0	 0.0	 1.0	 
27	 28	  37
0.952401727611916	 0.017097417334862485	 -0.30436594349945845	 0.18564122595248536	 
-0.055125047104218505	 0.9916255758525205	 -0.11679018150904062	 0.03347058604544969	 
0.2998202435186717	 0.12800935760964716	 0.9453684075220461	 -0.016896422019033748	 
0.0	 0.0	 0.0	 1.0	 
27	 50	  37
0.7859580204439947	 0.5877883507900851	 -0.1917676843871997	 -0.06186647874201156	 
-0.576206988868388	 0.8088114222571428	 0.11751420852647172	 0.24911606440616313	 
0.22417737637634685	 0.018136645275503235	 0.9743795800503867	 -0.08278565809125413	 
0.0	 0.0	 0.0	 1.0	 
27	 51	  37
0.4750307431297985	 0.8687915606456701	 -0.13981064777910335	 0.7771947812340803	 
-0.47838110136513146	 0.388315181488301	 0.7876311583999149	 -1.1014164762619845	 
0.7385779003857581	 -0.3072662428197561	 0.6000751128693772	 -1.1216853017243062	 
0.0	 0.0	 0.0	 1.0	 
28	 50	  37
-0.7918606605533909	 0.12722228750498035	 0.5973032595172627	 -1.4528731917682018	 
-0.6057594823922087	 -0.2878064105657584	 -0.7417701257998854	 1.7720874467352878	 
0.07753801493377256	 -0.9492006951110259	 0.3049686814098722	 1.2834470913379388	 
0.0	 0.0	 0.0	 1.0	 
28	 51	  37
0.595476704929905	 -0.4104245244418493	 0.6906223306717673	 -1.2963607316199341	 
0.21485498382587598	 0.9096999745247456	 0.35536360572638687	 -0.6034401266456425	 
-0.7741090555025206	 -0.06322709930368738	 0.6298868978655108	 0.4110292612964544	 
0.0	 0.0	 0.0	 1.0	 
29	 41	  37
-0.9376348243068947	 0.3472500995516155	 0.01607185765154291	 0.7106705037140472	 
0.1501384749482064	 0.3628339000727706	 0.9196792915458134	 -1.9658119224404627	 
0.3135273107517192	 0.8647363351446355	 -0.3923413005196102	 3.781241639432352	 
0.0	 0.0	 0.0	 1.0	 
29	 42	  37
0.8822778945140625	 0.2768662777762147	 -0.3806977555517983	 1.9236646553603167	 
-0.47059719453261895	 0.49964845654393814	 -0.7272480322223561	 3.186949152897456	 
-0.011135409730282837	 0.8207901583861765	 0.5711212818189618	 1.3821294221999632	 
0.0	 0.0	 0.0	 1.0	 
29	 43	  37
0.9950517524344985	 -0.03676464928851078	 0.09230585322570849	 0.34706199122084685	 
0.04257313569156241	 0.9971822381995199	 -0.06176659240061216	 0.052535516714394874	 
-0.08977493021117344	 0.06539070562464003	 0.9938131200198002	 -0.07956646224575638	 
0.0	 0.0	 0.0	 1.0	 
29	 45	  37
-0.2640396792179376	 -0.40327850329026627	 -0.8761560914485793	 3.36639271741154	 
-0.033679459528607944	 -0.9039843427617797	 0.42623702566461036	 -0.05778662501985792	 
-0.9639236182417927	 0.14205195114997735	 0.2251055338505365	 1.136155668426501	 
0.0	 0.0	 0.0	 1.0	 
29	 47	  37
-0.8694044041422017	 -0.43191112633495904	 -0.239976584287322	 2.4961905007053815	 
-0.48557536044628047	 0.8366984496107264	 0.2532829914275166	 1.0095619156499653	 
0.09139229390713362	 0.33673206465537797	 -0.9371547178813743	 5.797860676867534	 
0.0	 0.0	 0.0	 1.0	 
29	 48	  37
0.7263282500826732	 -0.27165999036603644	 0.6313858746964223	 -2.0111825923653788	 
-0.11218833521274223	 0.8594095288030803	 0.4988276648750131	 0.10314244869853563	 
-0.6781305557000324	 -0.4331467550805272	 0.5937363370968418	 1.9017725357498758	 
0.0	 0.0	 0.0	 1.0	 
29	 49	  37
0.8422338487574788	 -0.26622922121666914	 0.4687900871152563	 1.1489997408467554	 
0.5220492138991084	 0.18571508110101892	 -0.8324509156214348	 2.058622081606558	 
0.13456136991903433	 0.9458498350277429	 0.29540028318115263	 2.4612352877533916	 
0.0	 0.0	 0.0	 1.0	 
29	 50	  37
0.9201456953474625	 -0.07816602955201174	 0.38369515394074105	 -0.5177277567894739	 
0.25218557188832136	 0.8679000320227209	 -0.42796258218017036	 2.1770836309039514	 
-0.2995569005462815	 0.49055030959019236	 0.818306823322445	 0.9217583968623349	 
