0	 1	  37
0.9787249913209903	 -0.055174928011654155	 0.19761861927115096	 -0.48130323986866175	 
0.051922813162971496	 0.9984173810971637	 0.02160450407495101	 -0.02363142932694307	 
-0.198497891265803	 -0.010883953417310124	 0.980040880127477	 0.11220187720660439	 
0.0	 0.0	 0.0	 1.0	 
0	 2	  37
0.8868941521693091	 -0.024966428710135703	 0.4612975615428115	 -0.4867868359897023	 
0.07459887799527748	 0.993173703157861	 -0.08967163853497223	 0.041485304491546006	 
-0.45590982688436127	 0.11394153234515815	 0.8827024169883696	 0.05345565030028467	 
0.0	 0.0	 0.0	 1.0	 
0	 5	  37
0.51453365679028	 -0.07818138804781784	 0.8538985809760653	 -0.5327119601156346	 
0.28607859533976293	 0.9544289461844329	 -0.08499661154245948	 0.04218271867205589	 
-0.8083403697196184	 0.28801572395997443	 0.5134518375012023	 -0.15471104886749282	 
0.0	 0.0	 0.0	 1.0	 
0	 6	  37
0.7536556918195759	 -0.15653422058011107	 0.6383573732442769	 -0.657004354088193	 
0.23539795672048092	 0.9710841620109681	 -0.039791359153443624	 0.059391525132249996	 
-0.6136700254695344	 0.18025700563038619	 0.7687109416168006	 0.1122421602695739	 
0.0	 0.0	 0.0	 1.0	 
0	 7	  37
0.6898904118121518	 -0.010354616019205112	 0.7238397623899612	 -0.7754993889685599	 
0.06326508974639697	 0.996934381919111	 -0.04603657857553024	 -0.033484940356125585	 
-0.7211440550327249	 0.07755398168150697	 0.6884305570036128	 0.45296110978386733	 
0.0	 0.0	 0.0	 1.0	 
0	 34	  37
0.6060968591063977	 0.4184582032054437	 -0.6764165355396264	 0.7810492115548999	 
-0.3054926283896725	 0.9076645247074338	 0.2877835377279204	 -0.1636542009878186	 
0.7343846753445554	 0.03221556700881655	 0.6779685139159277	 0.542326381673073	 
0.0	 0.0	 0.0	 1.0	 
0	 35	  37
0.8851360647633872	 0.2639627170026471	 -0.38322034247644593	 0.9838393302018663	 
-0.1999469966766445	 0.9593849393591081	 0.1990018508730754	 -0.2118770526589294	 
0.42018489427295486	 -0.09951995861886426	 0.9019647623168687	 0.5476066830318409	 
0.0	 0.0	 0.0	 1.0	 
0	 36	  37
0.9828465960560193	 0.10448806324372656	 -0.15196977745812246	 0.9783506473814807	 
-0.0793120030316388	 0.9833993611604228	 0.16320325561820734	 -0.23387805070288503	 
0.16649977416262612	 -0.14835073679913943	 0.9748178722689422	 0.45780483971419456	 
0.0	 0.0	 0.0	 1.0	 
0	 37	  37
0.9891432952046989	 0.13873994992316832	 -0.04844344998972102	 1.0515473572963685	 
-0.13137804977172962	 0.9825720160510083	 0.13149920650572192	 -0.12869553863831057	 
0.06584337164640669	 -0.12370715245600913	 0.9901319057789518	 0.3899970074881564	 
0.0	 0.0	 0.0	 1.0	 
0	 38	  37
0.9878739076003948	 0.006181444283200997	 0.15513520692899063	 0.8283766630024493	 
-0.01313904624281945	 0.9989511330207296	 0.0438634164245063	 0.05677538529029004	 
-0.15470135146842215	 -0.04536985324171011	 0.9869189775613144	 0.35299566745404237	 
0.0	 0.0	 0.0	 1.0	 
0	 45	  37
0.7411149306611998	 -0.24687578479687497	 0.6243404571481586	 0.3000847741237357	 
0.37958620845699426	 0.9211172421265644	 -0.08635587186980886	 -0.3586595139219349	 
-0.5537715863966727	 0.30099065290815685	 0.7763643841403549	 0.06405707462919773	 
0.0	 0.0	 0.0	 1.0	 
0	 46	  37
0.8522897222550645	 -0.08948322876595513	 0.5153590797764251	 0.19144797997911336	 
0.14072937812416766	 0.9881573024020199	 -0.061158710273736004	 -0.07203480981604937	 
-0.5037831591778044	 0.12465110300025958	 0.8547892319453076	 0.22081150539560077	 
0.0	 0.0	 0.0	 1.0	 
0	 47	  37
0.6909200122286583	 -0.35814367441101613	 0.6279829975256701	 -0.39102571330984903	 
0.23338347675344992	 0.9326512616126976	 0.2751250206555455	 -0.014421771941752246	 
-0.6842234207336236	 -0.04352852733114567	 0.7279722369898181	 0.4299166812674919	 
0.0	 0.0	 0.0	 1.0	 
0	 48	  37
0.6543261466426219	 -0.4485454579156404	 0.6088220314698433	 -0.6907798650813909	 
0.21486761370079438	 0.882187758002532	 0.4190186967343968	 0.041000569685999105	 
-0.7250442761668728	 -0.1433587521350361	 0.673616408487754	 0.32346075400320334	 
0.0	 0.0	 0.0	 1.0	 
0	 49	  37
0.6812090417073637	 -0.35759658574053327	 0.6388105535781706	 -0.7749113012244478	 
0.20968099655582093	 0.9313323302267629	 0.29774816600232334	 -0.08209227021612908	 
-0.701418649010342	 -0.06888230934792151	 0.7094132126478928	 0.6228204596385853	 
0.0	 0.0	 0.0	 1.0	 
1	 2	  37
0.9572591292842135	 0.02437296889888015	 0.28820291079217736	 -0.03599207424352077	 
0.012646510145826172	 0.9919630631025264	 -0.12589419057837684	 0.05568591050422136	 
-0.2889550573759888	 0.12415812429038768	 0.949257465069162	 -0.05296239760854325	 
0.0	 0.0	 0.0	 1.0	 
1	 3	  37
0.641898850498219	 -0.22020805257135787	 0.7344891281100046	 -0.3224557634673453	 
0.2585490393825551	 0.9639387506596879	 0.06304347080386084	 -0.10594961132770557	 
-0.721885212456539	 0.149433927069356	 0.675685756455771	 0.08627305142519154	 
0.0	 0.0	 0.0	 1.0	 
1	 5	  37
0.63133106312528	 -0.007213507617926265	 0.775479886290386	 -0.2178929333685052	 
0.21717636690656958	 0.9615907206437895	 -0.16786218046069848	 0.07196543633781903	 
-0.7444833875852218	 0.2743925131624461	 0.6086486953325618	 -0.19105755675172006	 
0.0	 0.0	 0.0	 1.0	 
1	 6	  37
0.8410261256010922	 -0.1014762795471743	 0.5313921534476006	 -0.32617419731683867	 
0.16837124550696853	 0.9825653214001161	 -0.07884486583359092	 0.05837372786813853	 
-0.5141266183955527	 0.15578175076416578	 0.8434487929839034	 0.03133017562446977	 
0.0	 0.0	 0.0	 1.0	 
1	 7	  37
0.8437313734989318	 0.06325990090466406	 0.5330249096535159	 -0.23760131443631277	 
-0.0008333815421600839	 0.9931841396431051	 -0.11655286455763463	 0.041135795967712656	 
-0.5367650089646419	 0.09789509537723148	 0.8380333379122046	 0.2666228955540452	 
0.0	 0.0	 0.0	 1.0	 
1	 34	  37
0.44130811440240997	 0.454754581211946	 -0.7735925407017163	 1.1303260113851206	 
-0.3116832915032469	 0.8860869070197208	 0.3430794645645916	 -0.2849074255440639	 
0.8414871799144005	 0.08971211777108215	 0.5327767468318566	 0.6828399944894922	 
0.0	 0.0	 0.0	 1.0	 
1	 35	  37
0.7729449066196753	 0.3323054390415188	 -0.5404898394180269	 1.3285455211036485	 
-0.24447681683537553	 0.9420821585644796	 0.22959157768640462	 -0.3006382158059431	 
0.5854803646244195	 -0.045324405102699604	 0.8094185820336368	 0.7190232423182208	 
0.0	 0.0	 0.0	 1.0	 
1	 36	  37
0.9286717376134997	 0.19666200540178358	 -0.31447235075483493	 1.3375436267562082	 
-0.15235578651170567	 0.9752894235413131	 0.15999454567219448	 -0.29694504978564934	 
0.33816640589260566	 -0.10067073040264156	 0.9356863181461381	 0.5944870680908059	 
0.0	 0.0	 0.0	 1.0	 
1	 37	  37
0.9503401537825358	 0.20993944224232478	 -0.22973685533576854	 1.4243623964602705	 
-0.17868632195218137	 0.9724795905085255	 0.14951469623944275	 -0.23314607455013206	 
0.2548034349371836	 -0.10103898572013245	 0.9616997103612228	 0.5754744971801996	 
0.0	 0.0	 0.0	 1.0	 
1	 38	  37
0.9976186230367146	 0.06373009206656256	 -0.026373439963673712	 1.2151180951119573	 
-0.06173019708290921	 0.9955834687963383	 0.07073145995633329	 -0.11210942785807268	 
0.030764683298145745	 -0.06893498404030185	 0.9971466804021002	 0.5210404961061701	 
0.0	 0.0	 0.0	 1.0	 
1	 45	  37
0.9142708067086467	 -0.011695561445194909	 0.40493469330597254	 0.5991782448049618	 
0.16401119991855342	 0.9246830159537712	 -0.343600998700403	 -0.0263622356150552	 
-0.37041762687755125	 0.380558187205478	 0.8473288900121864	 0.06837625361201487	 
0.0	 0.0	 0.0	 1.0	 
1	 46	  37
0.9272530571791874	 -0.09598015308899885	 0.3619248239135625	 0.6083499341222492	 
0.1322197158319041	 0.9882508299805531	 -0.07666970580404413	 -0.11642958518944724	 
-0.35031373752278255	 0.11894581647019181	 0.9290490719262671	 0.2683979827960018	 
0.0	 0.0	 0.0	 1.0	 
1	 47	  37
0.8628206107710994	 -0.28933161956837256	 0.41452117864655535	 0.21504561257352908	 
0.20007127681920994	 0.9485004631283882	 0.24559795527887548	 -0.044660849624860166	 
-0.46423278408630103	 -0.1289731962974325	 0.8762726954643206	 0.30520784309113086	 
0.0	 0.0	 0.0	 1.0	 
1	 48	  37
0.80486360544285	 -0.38107399705508277	 0.454947453451493	 -0.17990871067156095	 
0.18586643227470992	 0.8898981042575211	 0.4165753634005972	 -0.0035523245620322566	 
-0.5636029151690101	 -0.2507268888797768	 0.7870754609347579	 0.15073640775142486	 
0.0	 0.0	 0.0	 1.0	 
1	 49	  37
0.8495102284775341	 -0.2749691975022131	 0.45024916672553156	 -0.24579444989480578	 
0.1843110858787966	 0.9543431008247852	 0.23507162638292164	 -0.018108511229050762	 
-0.494329642378672	 -0.11670983820193495	 0.8614040970024767	 0.40091413258837405	 
0.0	 0.0	 0.0	 1.0	 
2	 3	  37
0.879105038058805	 -0.1748096871384001	 0.44341392100632304	 -0.10481038705528574	 
0.15485311813567088	 0.9845985947093382	 0.08115490804663056	 0.03053723340529637	 
-0.4507713875827603	 -0.002679660234399338	 0.8926354102083007	 -0.013058274369338664	 
0.0	 0.0	 0.0	 1.0	 
2	 5	  37
0.8220674874107357	 -0.07493463128498015	 0.5644376379870363	 -0.1342020717360453	 
0.15562899601041574	 0.983125584774286	 -0.09614416343704625	 0.0741285509969012	 
-0.5477085554772634	 0.16687985377631254	 0.8198575807178992	 -0.21274342759307444	 
0.0	 0.0	 0.0	 1.0	 
2	 6	  37
0.9676521273537795	 -0.149193566045915	 0.20344689793213525	 -0.13681474691373846	 
0.1471814630109271	 0.9887916827343342	 0.02507239720023979	 0.05065836942275284	 
-0.20490724090101936	 0.0056822535940153586	 0.9787649026300572	 0.0053640403584223504	 
0.0	 0.0	 0.0	 1.0	 
2	 7	  37
0.9498481551452796	 0.0501436500216585	 0.3086650231717448	 -0.3831636556381624	 
-0.04882966817387499	 0.9987352075900785	 -0.011985350475994845	 0.036656960526389705	 
-0.30887561521288465	 -0.0036877476199642083	 0.9510952921996586	 0.2512202535685451	 
0.0	 0.0	 0.0	 1.0	 
2	 8	  37
0.9637122589877785	 -0.18255843495974466	 0.19475908117908092	 -0.5749539673944674	 
0.20026469767102434	 0.976843409865641	 -0.07530606528560109	 0.08807357669913349	 
-0.17650136753975704	 0.11157674680288295	 0.977955978983451	 0.7276946408894046	 
0.0	 0.0	 0.0	 1.0	 
2	 35	  37
0.5025133856431137	 0.40197434777283647	 -0.765439038057308	 1.1125795422700193	 
-0.1963068894220306	 0.9152669795252482	 0.3517811270608111	 -0.30310954918426203	 
0.8419880654824872	 -0.026513768561457225	 0.5388442424873142	 1.2590552858867954	 
0.0	 0.0	 0.0	 1.0	 
2	 36	  37
0.7651737206101745	 0.16072718826324509	 -0.6234388087379332	 1.2067308242353727	 
-0.05051993461288929	 0.9803409187714947	 0.19073389627691006	 -0.08249917721884734	 
0.641838697411033	 -0.1144484772081003	 0.7582510353243541	 1.098655093392733	 
0.0	 0.0	 0.0	 1.0	 
2	 37	  37
0.8238210578416114	 0.2377735039813911	 -0.5145703309180767	 1.2266054380195957	 
-0.15258974274719725	 0.9672854084421064	 0.20267044437542298	 -0.09157724646623083	 
0.5459260344268918	 -0.08844602545846098	 0.833151886222152	 1.0546880559708474	 
0.0	 0.0	 0.0	 1.0	 
2	 38	  37
0.9016751435146019	 0.15486784696079836	 -0.4037299661229638	 1.161507791369917	 
-0.05215161157005166	 0.9657973613615366	 0.25399934290808684	 -0.19542219005677194	 
0.4292576673497741	 -0.207969725596829	 0.8789120822110768	 1.0868525029014084	 
0.0	 0.0	 0.0	 1.0	 
2	 45	  37
0.9688566321459785	 -0.24636389649056545	 0.02493304740175162	 0.9596387611757539	 
0.24022971330503948	 0.9107354310985241	 -0.33593252207424623	 0.288406815752593	 
0.06005423542207996	 0.33146011079430215	 0.9415559907727732	 0.3863486351792244	 
0.0	 0.0	 0.0	 1.0	 
2	 46	  37
0.9942486312289935	 -0.07467790455948377	 0.07676503025387514	 0.501051856009219	 
0.07071123999801399	 0.9960794592823353	 0.053156667820270564	 -0.1545539446884329	 
-0.0804336983932547	 -0.04742279374326122	 0.9956312062186318	 0.5060986676868465	 
0.0	 0.0	 0.0	 1.0	 
2	 47	  37
0.9744379801000497	 -0.16584508296768866	 0.1515454763230303	 0.1631140892235461	 
0.10360722103010152	 0.9302935592152043	 0.35187986221596385	 -0.061568318468111886	 
-0.19933932549538097	 -0.3271838965140955	 0.923696124909539	 0.46785363398124274	 
0.0	 0.0	 0.0	 1.0	 
2	 48	  37
0.9463174525411013	 -0.2402780376557178	 0.2162168902663166	 -0.1683585260794669	 
0.12364623992635732	 0.8871168647819373	 0.44467434777771736	 0.15459966302305508	 
-0.298655129485821	 -0.3940686905093859	 0.8692036474797054	 0.16012797801230805	 
0.0	 0.0	 0.0	 1.0	 
2	 49	  37
0.9607810309540629	 -0.20494670512829	 0.18680647369913778	 -0.3352668819470604	 
0.13012226705513522	 0.9280658238110001	 0.34894415354099606	 -0.025608857920234894	 
-0.24488365844882545	 -0.3109512417262036	 0.9183361688911377	 0.3839752386046404	 
0.0	 0.0	 0.0	 1.0	 
3	 4	  37
-0.32429552267463263	 0.8217932793565687	 0.46849569899580024	 -2.191807852219544	 
-0.8961850780857814	 -0.10837640224100564	 -0.43024046910266106	 2.1931582981331377	 
-0.30279484769323434	 -0.55938391239083	 0.7716248562408797	 1.01231742542554	 
0.0	 0.0	 0.0	 1.0	 
3	 5	  37
0.996753347650323	 0.03728135832243587	 0.07136430669114154	 0.14221495846341659	 
-0.023598305345000875	 0.9826870181436312	 -0.18376437183747643	 -0.018392257059720352	 
-0.07697976313757618	 0.18148367610783148	 0.9803763519045482	 -0.13812218637861184	 
0.0	 0.0	 0.0	 1.0	 
3	 6	  37
0.9670722376825917	 0.01734999312612109	 -0.2539099542005167	 -0.015011138132928247	 
-0.022648242626249496	 0.9995821944441302	 -0.01795810836917932	 0.04945042420943603	 
0.25349229615419794	 0.02311740229308194	 0.9670611363826451	 -0.037834763881299416	 
0.0	 0.0	 0.0	 1.0	 
3	 7	  37
0.9274584099747692	 0.23487451039767138	 -0.29095508610871107	 -0.0835498766633953	 
-0.2696257781083924	 0.9591924965918777	 -0.08515688029328282	 0.0856913535303687	 
0.2590807548748409	 0.15742845628187516	 0.9529393703726318	 0.2381349325230918	 
0.0	 0.0	 0.0	 1.0	 
3	 38	  37
0.6502060744645669	 0.36317501708181366	 -0.6673349741299364	 0.6111372337727136	 
-0.25755016247407986	 0.9317055919396324	 0.2561105303535857	 -0.36669325883607157	 
0.7147726733297475	 0.005347608441557767	 0.6993364201477017	 1.4576806389609493	 
0.0	 0.0	 0.0	 1.0	 
3	 39	  37
0.9283079701701726	 0.18114433638187794	 -0.32470146583485293	 0.9479093867508619	 
-0.12312209969338798	 0.9737876286719674	 0.1912553340759862	 -0.4215388035674252	 
0.35083509101232235	 -0.13756592471318904	 0.9262776879922024	 1.3656252242239826	 
0.0	 0.0	 0.0	 1.0	 
3	 43	  37
0.9943141078406663	 -0.03688066689252044	 0.09989630302759578	 2.619194066926205	 
0.03530587301978717	 0.9992235457590397	 0.01748716475137407	 -0.4882715129799594	 
-0.10046367641754388	 -0.01386080842858666	 0.99484417257698	 0.7506807617438074	 
0.0	 0.0	 0.0	 1.0	 
3	 45	  37
0.8548598716986933	 -0.13451769835272506	 -0.5011183379094998	 0.8300643600257032	 
0.007467629333924448	 0.9688981581321916	 -0.24734711172798865	 -0.18838472037011866	 
0.5188051987706229	 0.2077049541968904	 0.8292766834601357	 0.9177831235806492	 
0.0	 0.0	 0.0	 1.0	 
3	 46	  37
0.8872831128446347	 0.10926961231830443	 -0.44809466576220525	 0.42791200034637655	 
-0.07941210678457158	 0.9932152904661892	 0.08495354071607937	 -0.41238254431924165	 
0.45433731407047195	 -0.03979370060663089	 0.8899404847714588	 0.9072530272859558	 
0.0	 0.0	 0.0	 1.0	 
3	 47	  37
0.9647356467720423	 0.0973415269308528	 -0.24456033812149128	 0.0663386561776735	 
-0.024261617759988925	 0.9580365646525628	 0.2856174271510458	 -0.035804577962461955	 
0.26210018266112733	 -0.2696118838691738	 0.9266136877499267	 0.5207978305118105	 
0.0	 0.0	 0.0	 1.0	 
3	 48	  37
0.9785997338590173	 0.11349079206635444	 -0.17164615057499055	 -0.001263657136540977	 
-0.03801783029279624	 0.919510710221987	 0.39122205761802914	 0.15015103678207203	 
0.2022305750149787	 -0.37632418724180916	 0.9041476099763271	 0.17778733436234803	 
0.0	 0.0	 0.0	 1.0	 
4	 5	  37
0.9489238255370213	 0.033897127499628595	 -0.3136790685963252	 0.18892117343245754	 
-0.07953354865378359	 0.9878042409476647	 -0.13385513140833913	 0.011126451009968067	 
0.3053162098001354	 0.1519663328276412	 0.9400469380409675	 0.007179108445543145	 
0.0	 0.0	 0.0	 1.0	 
4	 39	  37
0.5793400655906028	 0.13606406351080313	 0.8036489650478024	 -0.8095337245573201	 
-0.1681832895937776	 -0.9447960259289697	 0.28120250797288576	 0.7864812511397665	 
0.7975459043233131	 -0.29807220603362816	 -0.5244744898346865	 1.7392501625248744	 
0.0	 0.0	 0.0	 1.0	 
4	 40	  37
0.9913852601508911	 0.029584622331051146	 -0.12759316626323752	 0.007413525031937472	 
-0.004672503313851459	 0.9815247461998947	 0.19127817520567472	 -0.285524493833728	 
0.1308947427069979	 -0.1890341839952759	 0.973207400101802	 1.4269269761832208	 
0.0	 0.0	 0.0	 1.0	 
4	 41	  37
0.9270600514598414	 -0.16824394225523645	 0.3350427388881816	 8.30299250894768e-05	 
0.09329061487539345	 0.9690663967395804	 0.22848890539003794	 -0.34092693412728564	 
-0.3631205339325339	 -0.18056659326847713	 0.9140783244514495	 1.3110816535350123	 
0.0	 0.0	 0.0	 1.0	 
4	 42	  37
0.9645331322625241	 -0.05113349195016635	 0.2589617785867783	 0.009324154310152833	 
0.09530627245100122	 0.9823402292824468	 -0.16101052252820802	 -0.3447264563247048	 
-0.24615554269473766	 0.17998066544574542	 0.952373040812457	 1.1649283893359987	 
0.0	 0.0	 0.0	 1.0	 
4	 43	  37
0.9855308521925054	 -0.10172962706517633	 0.13557294108300058	 -0.024524656520924604	 
0.09868194736659745	 0.9946954518422515	 0.029031557799655876	 -0.19722165740642988	 
-0.13780715743621844	 -0.015232894062483326	 0.9903419340297729	 1.1725376351096348	 
0.0	 0.0	 0.0	 1.0	 
4	 45	  37
-0.8860774208796398	 -0.2680239843919545	 0.3781930036343189	 -0.9253160690322192	 
-0.4575827336617455	 0.37540673669173225	 -0.8060321481808955	 2.254691533323481	 
0.07405974656944556	 -0.8872614754609411	 -0.45528258049363585	 5.3213516139493615	 
0.0	 0.0	 0.0	 1.0	 
4	 46	  37
0.6790979035469683	 -0.1400886471881982	 0.720556179854904	 -1.4277387022551458	 
0.24067932947225107	 0.9698496893879632	 -0.038275845632182205	 -0.15090332225150857	 
-0.6934691757842595	 0.1994160247398678	 0.6923393324909746	 1.5180528350982658	 
0.0	 0.0	 0.0	 1.0	 
4	 47	  37
-0.9059657096760966	 0.34921074333768065	 -0.23932820483309183	 0.7844088653720379	 
-0.1363850233405333	 -0.7759286166648884	 -0.6159008907680797	 1.4987798522103117	 
-0.4007808107924931	 -0.5253443047926348	 0.7505918352356726	 0.45259369851050574	 
0.0	 0.0	 0.0	 1.0	 
4	 48	  37
-0.9042485829275989	 0.2728189321007606	 -0.32848794583794244	 1.228770910265269	 
-0.15004351580975145	 0.5172180010747286	 0.8425986486624054	 -1.0639567082900716	 
0.3997767422410652	 0.811206120324338	 -0.42675893278460875	 3.95107924182516	 
0.0	 0.0	 0.0	 1.0	 
5	 6	  37
0.9415404417511486	 -0.001525275291290633	 -0.33689652726369385	 -0.15816449313873426	 
0.054444947786150166	 0.9875341781301988	 0.14768884414631853	 0.0784991983648162	 
0.3324715690214949	 -0.15739733339544854	 0.9298864098546596	 0.10223528809839812	 
0.0	 0.0	 0.0	 1.0	 
5	 7	  37
0.929393879367077	 0.1821571633508314	 -0.3210074529274873	 -0.3180335327601191	 
-0.15105324436085496	 0.9812767115011144	 0.11949448871650417	 0.07153426791855098	 
0.3367639148766899	 -0.06256822920250592	 0.9395080001423022	 0.3319564610355059	 
0.0	 0.0	 0.0	 1.0	 
5	 38	  37
0.5482159130125641	 0.4585491757497836	 -0.6994225948158915	 0.23730379743038768	 
-0.10155323266973322	 0.8666027357512015	 0.488555666554857	 -0.27738105720240985	 
0.8301483323202721	 -0.1968053652920258	 0.5216525611344626	 1.72956828881669	 
0.0	 0.0	 0.0	 1.0	 
5	 39	  37
-0.33100537988869944	 -0.31676284809770405	 0.8888738586266148	 -1.2041180424791946	 
0.6477172047316329	 0.6087467943219041	 0.45813727538527604	 -0.1874467287250292	 
-0.6862199801662563	 0.7273847939487291	 0.003674282622125738	 3.0986598308274185	 
0.0	 0.0	 0.0	 1.0	 
5	 43	  37
0.9364227042108487	 -0.1880702245094806	 0.2962129465290029	 -2.5425455879502517	 
0.16453617668143358	 0.9810092107731846	 0.10270722925495211	 0.16798668128659383	 
-0.3099038005599426	 -0.04743963565550172	 0.949583653696385	 0.8008200008186424	 
0.0	 0.0	 0.0	 1.0	 
5	 45	  37
0.9053228261083571	 -0.21700804610606741	 -0.3651001074395958	 0.2358667524572654	 
0.22939520651055084	 0.973285233247136	 -0.009679564713881851	 -0.1398952018111271	 
0.35744708665361796	 -0.07498908366086013	 0.9309179435237811	 0.9416237234005402	 
0.0	 0.0	 0.0	 1.0	 
5	 46	  37
0.8522267493953242	 0.04666741690276314	 -0.5210870558886509	 0.2162983392700733	 
0.02280468996707948	 0.991753366335956	 0.12611584546282423	 0.03309728151185049	 
0.5226753425699205	 -0.11936252578142474	 0.8441345116203308	 0.9623458424721879	 
0.0	 0.0	 0.0	 1.0	 
5	 47	  37
0.9366742209657969	 0.09745967418373984	 -0.3363673820187049	 -0.12223915629714496	 
0.06777812754805358	 0.8918842052432866	 0.4471562253437061	 0.0856710567018693	 
0.34358045521274627	 -0.44163806034529024	 0.8287993089103372	 0.6300338550578177	 
0.0	 0.0	 0.0	 1.0	 
5	 48	  37
0.9592197358933617	 0.1294275746742419	 -0.2512886809759087	 -0.1760002935506764	 
0.029385834939512308	 0.8385306767686308	 0.5440613722943851	 0.19075241994315786	 
0.28112981161302747	 -0.5292587335433261	 0.8005318369624896	 0.2653334511838087	 
0.0	 0.0	 0.0	 1.0	 
5	 49	  37
0.9422892095183466	 0.16671883247343974	 -0.2903375217294207	 -0.5040440815155491	 
-0.012897253726669618	 0.8846288966039866	 0.46611734159921836	 0.0553607807809626	 
0.3345515004772788	 -0.435472784674204	 0.8357264787814825	 0.380237639568754	 
0.0	 0.0	 0.0	 1.0	 
6	 7	  37
0.9841152738280674	 0.17162140735097214	 0.04542268549061512	 -0.1387632661978347	 
-0.16904446570377565	 0.9840415870886001	 -0.05555288916945681	 0.04393742721678927	 
-0.05423187654168597	 0.04699199313734841	 0.9974220050448793	 0.23923957830336065	 
0.0	 0.0	 0.0	 1.0	 
6	 35	  37
0.22990565921611975	 0.5010855657852445	 -0.834300092066447	 1.0549350079601791	 
-0.184443782682687	 0.8641614553339239	 0.4681938382175219	 -0.5711893237630296	 
0.9555751560657603	 0.0462410518569249	 0.29109772625883246	 1.692820508359003	 
0.0	 0.0	 0.0	 1.0	 
6	 36	  37
0.5907038515495079	 0.3431440702089201	 -0.7302883723879438	 1.0740656520741918	 
-0.1630324271903371	 0.9371570571371503	 0.30847540897527453	 -0.36391081425116945	 
0.7902464093237016	 -0.06315692629071695	 0.6095258937998488	 1.390130532345047	 
0.0	 0.0	 0.0	 1.0	 
6	 37	  37
0.657197144045935	 0.40997452872656226	 -0.632465650967149	 1.1210385254797608	 
-0.24274849769346982	 0.909545902686348	 0.3373416929080052	 -0.43297692501386026	 
0.713558042996805	 -0.06816991053176377	 0.6972716705651112	 1.3576045433142254	 
0.0	 0.0	 0.0	 1.0	 
6	 38	  37
0.8409920065865256	 0.29937549130258284	 -0.45067367358756055	 0.9193133609109302	 
-0.1927537433422242	 0.9440945095911615	 0.2674538303845823	 -0.34835775374152356	 
0.5055476627234367	 -0.1380574958745881	 0.8516816826418828	 1.1696133029543905	 
0.0	 0.0	 0.0	 1.0	 
6	 39	  37
0.7764857697350819	 -0.22929084851224546	 0.5869374380523474	 -0.4540885498029298	 
0.1965554190108371	 0.9731071372876079	 0.12011855234471998	 -0.13564517113349941	 
-0.5986950948992259	 0.022095387492672695	 0.800672203336145	 1.0920883983627763	 
0.0	 0.0	 0.0	 1.0	 
6	 44	  37
0.986745414237501	 -0.023793136332902205	 0.16052219206298626	 0.6375478261622699	 
3.7346022576976494e-05	 0.9892259462561831	 0.14639680959239917	 -0.5859644339438278	 
-0.16227595658795863	 -0.1444503856588919	 0.9761150546920481	 0.6631560304931444	 
0.0	 0.0	 0.0	 1.0	 
6	 45	  37
0.9673925755298923	 -0.09817685408248711	 -0.23347999942630496	 0.9626939512723357	 
0.050760849945285895	 0.9782680305319175	 -0.20103481427861178	 -0.25656164296179224	 
0.24814298483429578	 0.18262794354005568	 0.9513527701730081	 0.6683833415130258	 
0.0	 0.0	 0.0	 1.0	 
6	 46	  37
0.9894029147960207	 0.05064549583669134	 -0.1360768383840221	 0.531548353188737	 
-0.04730231588907635	 0.9984966777266387	 0.027692516685797926	 -0.2367448968319024	 
0.13727477228050886	 -0.020962307132538178	 0.9903111725993069	 0.6114361203013106	 
0.0	 0.0	 0.0	 1.0	 
6	 47	  37
0.999736221816195	 -0.014875157215207751	 0.017499042445290075	 0.14152201692929858	 
0.008412332059412098	 0.9461350047009826	 0.32366307411997614	 -0.10617508025184322	 
-0.021370995718529448	 -0.32343049110634875	 0.9460105696897387	 0.4839135338078408	 
0.0	 0.0	 0.0	 1.0	 
6	 48	  37
0.9970929057212646	 0.010231113765942264	 0.07550537511616458	 0.03341560558814977	 
-0.04257760908114917	 0.8966096169338417	 0.4407701691660656	 0.005381853802281564	 
-0.06318927571397892	 -0.4427036470742673	 0.894438704608585	 0.18514190288445817	 
0.0	 0.0	 0.0	 1.0	 
6	 49	  37
0.9999426670519939	 0.008323100997328576	 0.006737106109661592	 -0.19356865020784703	 
-0.010139264950609402	 0.9382721348230488	 0.3457493258429564	 -0.0990792555926176	 
-0.003443532373291855	 -0.34579781231868095	 0.9383027310417505	 0.3692784024254916	 
0.0	 0.0	 0.0	 1.0	 
7	 37	  37
0.6211661441954366	 0.2569151095083369	 -0.7403696697000044	 1.2878221649904467	 
-0.073611036210732	 0.959686883492242	 0.27126094632462444	 -0.20906031843129858	 
0.7802140966769039	 -0.1139987375336575	 0.6150367884829131	 1.2928582243876359	 
0.0	 0.0	 0.0	 1.0	 
7	 38	  37
0.7903391432963084	 0.11495086418583901	 -0.6017892798950364	 1.1447463239598274	 
0.0063300908177424415	 0.9806566157505744	 0.19563366769262747	 -0.09577453768882717	 
0.6126368977819545	 -0.1584263261189853	 0.7743236601502917	 1.104117503589504	 
0.0	 0.0	 0.0	 1.0	 
7	 39	  37
-0.8646712077253431	 -0.36342645147903324	 0.3467923253132251	 -1.6382404466792422	 
0.04769968110323433	 0.6278363113640162	 0.7768824277556258	 -1.4472231644573168	 
-0.5000684382696488	 0.6882897503945441	 -0.5255366557609189	 3.4246011546352153	 
0.0	 0.0	 0.0	 1.0	 
7	 44	  37
0.9103037148186415	 -0.3321148969939621	 0.2470765913276114	 0.4703517603280176	 
0.3394140316323389	 0.9405366320158042	 0.013746234664469422	 0.16667873979345876	 
-0.2369499143668622	 0.07134801350464555	 0.9688984462008795	 0.2574091748421731	 
0.0	 0.0	 0.0	 1.0	 
7	 45	  37
0.9259130271756704	 -0.2880738784812155	 -0.24433277848699786	 1.1123051705094238	 
0.23044977356913907	 0.9433079132621329	 -0.2388788032433447	 0.01457626411198561	 
0.2992957867533709	 0.1648745623612994	 0.9398076455944858	 0.483061751510765	 
0.0	 0.0	 0.0	 1.0	 
7	 46	  37
0.9684633633904802	 -0.1823922245853194	 -0.169740361084857	 0.6748313396445336	 
0.18624940720409985	 0.9824779288329881	 0.006948213595176448	 -0.025735347735777674	 
0.1654988582634953	 -0.03834313193860456	 0.985464323122161	 0.4150863488347129	 
0.0	 0.0	 0.0	 1.0	 
7	 47	  37
0.9744220017388544	 -0.16722693120207066	 -0.15012300292753733	 0.4034125141573615	 
0.20859987376431724	 0.9215630290348394	 0.32742583310062984	 0.033399395427480764	 
0.08359339204000807	 -0.35036657517073266	 0.9328748082193967	 0.28946751690784167	 
0.0	 0.0	 0.0	 1.0	 
7	 48	  37
0.9792347982900889	 -0.19947075968523523	 -0.03620256687534668	 0.058503796707506564	 
0.1950977575350075	 0.8786886794810346	 0.4357098456044887	 0.17494862505372372	 
-0.05510058822354176	 -0.43372528238790853	 0.8993588297197891	 -0.10781781382019902	 
0.0	 0.0	 0.0	 1.0	 
7	 49	  37
0.9787888066548803	 -0.19551889827696647	 -0.061195035613013885	 -0.14593624482043435	 
0.20478543766667837	 0.9250362881225807	 0.31995435639488456	 0.027336943184601815	 
-0.005949494666251962	 -0.3256995948308182	 0.9454545877197159	 0.0926580108271536	 
0.0	 0.0	 0.0	 1.0	 
8	 37	  37
0.7247748662201088	 0.38122067739858334	 -0.5739095646697209	 1.6330007022627488	 
-0.23881035100602238	 0.9203392874356634	 0.30975024173484506	 -0.2867118530798601	 
0.6462747167791754	 -0.08744364543052953	 0.7580782277086023	 0.510812935051669	 
0.0	 0.0	 0.0	 1.0	 
8	 38	  37
0.8308384399977323	 0.27185186015340546	 -0.4855965946681125	 1.6037225597447642	 
-0.1626183040346126	 0.953080344616923	 0.25532948105887265	 -0.2295264983704506	 
0.5322243641689466	 -0.1331706530584728	 0.8360638751608275	 0.5370421296694939	 
0.0	 0.0	 0.0	 1.0	 
8	 39	  37
0.6451196283448476	 -0.45617015801447836	 0.6129677414523965	 -0.8736530079337926	 
0.39992438476638253	 0.88515402080013	 0.23782944714772858	 0.18271492402860487	 
-0.6510615574532386	 0.09171230232858532	 0.7534638027192506	 -0.4472097519024931	 
0.0	 0.0	 0.0	 1.0	 
8	 44	  37
0.9866101144783559	 0.1385682450905848	 -0.08601932028051101	 1.7479511121275202	 
-0.12669576022040493	 0.9832790536522025	 0.13080706017261595	 -0.5905418871822882	 
0.10270670061480397	 -0.11815728543489995	 0.9876690688421281	 0.24726709306776454	 
0.0	 0.0	 0.0	 1.0	 
8	 45	  37
0.9861975321222645	 -0.11102094936381142	 -0.12283638076039897	 1.3618809547733872	 
0.08681050690689245	 0.9784461400773284	 -0.18736885242309032	 -0.18279192046366652	 
0.1409906504933006	 0.17411921137581388	 0.9745789535503737	 -0.09814676738332691	 
0.0	 0.0	 0.0	 1.0	 
8	 46	  37
0.9953440906775259	 -0.023873362107661333	 -0.0933820311141582	 1.0872212565834907	 
0.022267869561946832	 0.9995864155303443	 -0.018197249033019412	 -0.015533614517732249	 
0.09377783927187257	 0.01603310540332333	 0.9954640407330774	 -0.061609843835297384	 
0.0	 0.0	 0.0	 1.0	 
8	 47	  37
0.9824799472682816	 -0.17383481838393844	 0.06719084114027102	 0.5870726839143972	 
0.14806837328442501	 0.947017493127593	 0.2850151303759723	 0.14629222983435106	 
-0.11317645536337541	 -0.2700728117151959	 0.9561651354884418	 -0.22111423023420518	 
0.0	 0.0	 0.0	 1.0	 
8	 48	  37
0.9914764682040361	 -0.08156151262377234	 0.10159789690821454	 0.5456939398872892	 
0.030772465128456772	 0.9043442631932139	 0.4256929750647058	 0.1810403893683945	 
-0.1265996381810311	 -0.4189381497166908	 0.8991459049144287	 -0.49048890419747565	 
0.0	 0.0	 0.0	 1.0	 
8	 49	  37
0.9939795524079705	 -0.10004130487777654	 0.044680943512863495	 0.3156827929586621	 
0.08336808509117259	 0.9551802684858841	 0.28404298457005533	 0.14693975387768232	 
-0.07109438643858644	 -0.2786079539668334	 0.9577699077562074	 -0.30616224163301253	 
0.0	 0.0	 0.0	 1.0	 
8	 50	  37
0.9953945438237785	 0.04175313666276033	 0.08629239656349846	 -0.014468981535430156	 
-0.03966495143771871	 0.998880563669434	 -0.025774234244239504	 -0.08141128149392088	 
-0.0872719528445112	 0.022232748418816443	 0.9959363991462761	 0.06103593753279424	 
0.0	 0.0	 0.0	 1.0	 
8	 51	  37
0.9995066655806825	 0.017164794184720975	 -0.026302001832201126	 -0.27758440887291075	 
-0.017807892584360944	 0.9995432993363977	 -0.02441457993517481	 -0.10768008393919577	 
0.025870918450816585	 0.02487091860594105	 0.9993558590343116	 0.26966957256824453	 
0.0	 0.0	 0.0	 1.0	 
9	 10	  37
0.9976491899338372	 -0.06833372712614841	 -0.005157088462112493	 -0.43229838140142773	 
0.0680983580189563	 0.9801680869249801	 0.18609979851935604	 -0.006440642046761686	 
-0.007662079318241506	 -0.18601350249611462	 0.9825173125343123	 0.5149184300915431	 
0.0	 0.0	 0.0	 1.0	 
9	 51	  37
0.99701191194931	 -0.012039741070674726	 -0.07630394528550091	 0.34509979006566044	 
0.02169527740718061	 0.991664647155802	 0.1270060727665594	 0.08126085405709607	 
0.07413880474762925	 -0.1282820026983918	 0.988962671395783	 -0.09117101435595305	 
0.0	 0.0	 0.0	 1.0	 
9	 52	  37
0.9878638343508738	 -0.12726498330605887	 0.08904307275526013	 -0.2832548102714835	 
0.11325772672854456	 0.9825172938425063	 0.14775809499543754	 0.03133563196382058	 
-0.10629079037184905	 -0.13588006227738827	 0.9850070439126924	 0.223177576856193	 
0.0	 0.0	 0.0	 1.0	 
9	 53	  37
0.9748193815530106	 -0.10080677626761644	 0.19890994748160884	 -0.6484058277687719	 
0.07798753227307115	 0.9897769647812459	 0.11941316844628411	 0.010344162773312873	 
-0.2089141406381153	 -0.10089377506543537	 0.972715440400985	 0.5716450114771549	 
0.0	 0.0	 0.0	 1.0	 
10	 11	  37
0.9824891915259508	 -0.032472075212192315	 -0.18346812493209183	 0.1528455962698731	 
0.02003508236652809	 0.997398816597556	 -0.06924013376908637	 -0.13348624450526375	 
0.185239261522093	 0.06435188405329154	 0.9805841376493609	 0.41129747658717497	 
0.0	 0.0	 0.0	 1.0	 
10	 51	  37
0.9839546128357759	 0.05516560181360105	 -0.16967638685374312	 1.0747259222526295	 
-0.058895901298808284	 0.9981189094354181	 -0.01702690334886156	 0.04752431316513261	 
0.16841791083313834	 0.026746943825297645	 0.9853527329370974	 -0.4418065082233526	 
0.0	 0.0	 0.0	 1.0	 
10	 52	  37
0.9943207044680011	 -0.051433960669026134	 0.09317126357496681	 0.13737612621828038	 
0.05765532191755769	 0.9961947518400119	 -0.06535962255858178	 0.1393847637254695	 
-0.08945501953966402	 0.07036024514109222	 0.9935025089967535	 -0.28215909444134696	 
0.0	 0.0	 0.0	 1.0	 
10	 53	  37
0.9844887140220866	 -0.0445329862759758	 0.16970204800320574	 -0.16492586244267143	 
0.054631124650456504	 0.9969737757756356	 -0.05530579205742301	 -0.053382162339758614	 
-0.16672555947593842	 0.06371894183848627	 0.9839423175513993	 0.026129995887809496	 
0.0	 0.0	 0.0	 1.0	 
10	 54	  37
0.9993351530139348	 -0.003888383982450734	 -0.03625096440951278	 -0.11924614353589112	 
-0.003916916682788321	 0.9770914475578959	 -0.21278383602359163	 -0.19716090944517498	 
0.03624789254997919	 0.21278435933879083	 0.976426600777788	 0.35716663753840244	 
0.0	 0.0	 0.0	 1.0	 
11	 12	  37
0.9575935402993947	 0.04702449872392454	 -0.2842592269331545	 0.011126936272324719	 
-0.11165345613116288	 0.970065266419011	 -0.21565454927123534	 -0.13703434186649097	 
0.265608955629959	 0.23824792844257184	 0.9341786805970183	 0.15549831162264124	 
0.0	 0.0	 0.0	 1.0	 
11	 52	  37
0.9773311985643358	 -0.06067926286740118	 0.20283430521159046	 0.05857891463830721	 
0.06171802877041492	 0.9980928969131821	 0.0012058425048341564	 0.21692870611839796	 
-0.2025206489163361	 0.011340025984145977	 0.9792123317101283	 -0.6601089255149815	 
0.0	 0.0	 0.0	 1.0	 
11	 53	  37
0.9271987014843572	 -0.03599580057566524	 0.3728362513311154	 -0.4734435495880347	 
0.03649086851788466	 0.9993175497525262	 0.005731602866422491	 0.06534766519256728	 
-0.37278812277288587	 0.00829078389085366	 0.9278794525270745	 -0.2873723879593461	 
0.0	 0.0	 0.0	 1.0	 
11	 54	  37
0.9889463255618391	 0.04519832562602876	 0.14121712544284107	 -0.2931171181666485	 
-0.02460541966615029	 0.9892276491311065	 -0.14430256933816862	 -0.05625990264936928	 
-0.14621811953649366	 0.13923278908054623	 0.9794051725226202	 0.004868481973793858	 
0.0	 0.0	 0.0	 1.0	 
11	 55	  37
0.9973970802021956	 -0.008670845436281691	 -0.07158128836193633	 -0.22473790741002592	 
0.0002718828375950075	 0.9931883802735216	 -0.11651938623842653	 0.003294563803963983	 
0.07210402543448713	 0.11619663389735976	 0.9906055480296205	 -0.017961519801382133	 
0.0	 0.0	 0.0	 1.0	 
12	 52	  37
0.6962600893924653	 -0.20061504669846622	 0.6891846566468001	 -1.0182632035611583	 
0.09167615334583121	 0.977139259467108	 0.19181853538118376	 0.3391349409986287	 
-0.711911069465075	 -0.07037379232528936	 0.6987346839300662	 -0.6334025833903411	 
0.0	 0.0	 0.0	 1.0	 
12	 54	  37
0.8966245387482433	 -0.0654686227124866	 0.4379249889588741	 -0.42166162796700435	 
0.01227761746177426	 0.9923047610819667	 0.12320925794567018	 -0.02604649432323707	 
-0.4426213919637891	 -0.10509576858366111	 0.8905285974082173	 -0.06775146979225047	 
0.0	 0.0	 0.0	 1.0	 
12	 55	  37
0.9736794762029903	 -0.061659443837421696	 0.21942285798596783	 -0.34665557005978676	 
0.024023695574856063	 0.985113203111031	 0.1702199727037091	 -0.021394385008484836	 
-0.22665202331326545	 -0.16046834591901507	 0.9606657953138635	 -0.08476237501884894	 
0.0	 0.0	 0.0	 1.0	 
12	 56	  37
0.9556486067598708	 0.053362934476234414	 -0.2896344896969352	 -0.2060850557322934	 
0.0784329476559431	 0.901816201692508	 0.4249421267501003	 0.05297096064785339	 
0.2838732342435953	 -0.42881223815206515	 0.8576339844543814	 -0.06151965657064067	 
0.0	 0.0	 0.0	 1.0	 
13	 14	  37
0.9662269438745781	 0.0481141181775324	 -0.25316106446843656	 0.1846243306888397	 
-0.074724554694912	 0.99251762503901	 -0.09656606501546254	 -0.06921370393040759	 
0.24662062739446675	 0.11222208169037809	 0.9625925776384514	 0.10352161689083626	 
0.0	 0.0	 0.0	 1.0	 
13	 15	  37
0.768854749666105	 0.20620167306075557	 -0.6052629543783549	 0.4895164943496754	 
-0.08128733414574986	 0.9704158091119298	 0.2273445111127927	 -0.1415604652470301	 
0.634235558151186	 -0.12559469516099186	 0.7628703882862867	 0.36437459538490197	 
0.0	 0.0	 0.0	 1.0	 
13	 54	  37
0.9971386833207786	 -0.0504137512997876	 0.05632849993730897	 1.8844970221525397	 
0.05532127114105349	 0.9944706575704563	 -0.08926179580718088	 0.022284728622653748	 
-0.05151701839821757	 0.09212255376002113	 0.9944141148958469	 -0.3309525802700124	 
0.0	 0.0	 0.0	 1.0	 
13	 55	  37
0.7338739312735177	 -0.0872197194182999	 0.6736629524782739	 -0.5356999154289158	 
0.12501360418027418	 0.992124868655955	 -0.007735875145260204	 -0.05220820114156329	 
-0.6676830473862652	 0.08989419079672697	 0.7389982291548418	 -0.008511612501625378	 
0.0	 0.0	 0.0	 1.0	 
13	 56	  37
0.9677585089357715	 -0.11077815308695503	 0.2262115584603405	 -0.5116526190033717	 
0.0635671973009571	 0.9764378212068888	 0.20622413230280645	 0.07976610749592312	 
-0.24372664977329433	 -0.18519552401553202	 0.9519978666335857	 0.02071707366498896	 
0.0	 0.0	 0.0	 1.0	 
13	 57	  37
0.9795544726211112	 0.011216196348084994	 -0.20086620449308568	 -0.3962719607318415	 
0.03378227083804962	 0.9750965208479951	 0.21919291322294293	 -0.0030336148765125596	 
0.19832244790996706	 -0.22149711503678113	 0.9547812496511339	 0.22363499310896928	 
0.0	 0.0	 0.0	 1.0	 
14	 15	  37
0.9118721777512107	 0.12468012219400909	 -0.39108055253739143	 0.27320820256522554	 
-0.02930471764507073	 0.9700958654173407	 0.24094656134488426	 0.07507513539238239	 
0.409426873772359	 -0.20825196044663866	 0.8882571452024038	 0.1513754886232542	 
0.0	 0.0	 0.0	 1.0	 
14	 18	  37
0.3314321958067889	 0.38518572511387894	 -0.861269212703662	 0.6507265509561349	 
-0.10743083866755933	 0.9223353892531329	 0.3711550142924862	 -0.2513256319279101	 
0.9373426878606753	 -0.03048584753235606	 0.34707246882223136	 0.6311697444174201	 
0.0	 0.0	 0.0	 1.0	 
14	 56	  37
0.9978245436570209	 -0.06557275615042764	 0.006811294039667078	 0.1732259113240231	 
0.0602904227984551	 0.9494453190682275	 0.308088706411344	 0.1370561653222336	 
-0.026669176860971266	 -0.30700781708332503	 0.9513332514189178	 -0.2358959682000184	 
0.0	 0.0	 0.0	 1.0	 
14	 57	  37
0.9977127590369067	 -0.06757486715515519	 0.0016993480889907608	 -0.480318656816204	 
0.0628759519814222	 0.9369782045681089	 0.3436836609831102	 0.016504305108975978	 
-0.024816629855689862	 -0.3427907255065204	 0.9390839437394937	 0.3172776228624172	 
0.0	 0.0	 0.0	 1.0	 
15	 18	  37
0.7780429425418476	 0.16535601693755583	 -0.6060582209848899	 0.5051296130604676	 
-0.18719829392735327	 0.9819346466791115	 0.027588918098694345	 -0.011018350289979925	 
0.5996715586981853	 0.09198770196996404	 0.7949416861473385	 0.04846355716154453	 
0.0	 0.0	 0.0	 1.0	 
15	 56	  37
0.8135667958029184	 0.15280307867338208	 -0.5610350148742121	 0.658235920330385	 
-0.09746397782733435	 0.9870389111278571	 0.12749494478451742	 0.5286112789355983	 
0.5732450102644109	 -0.04904494945935152	 0.8179148801308634	 0.7848514869812472	 
0.0	 0.0	 0.0	 1.0	 
15	 57	  37
0.9080418819397156	 -0.18814950446184636	 0.3742455138196597	 -0.6758159693432109	 
0.16687333496168985	 0.9819722292109323	 0.08879094062614425	 -0.10815900059961667	 
-0.3842046729571923	 -0.01817429583982393	 0.9230690463061704	 0.39664150556943367	 
0.0	 0.0	 0.0	 1.0	 
15	 62	  37
0.05855422986350141	 0.4632862258892254	 -0.8842721725048288	 0.7428684006660549	 
-0.30333898371372214	 0.8521658185196113	 0.42637879720540467	 -1.0866921730962273	 
0.9510819434331714	 0.24326794003345148	 0.1904306861492196	 2.7223984823007275	 
0.0	 0.0	 0.0	 1.0	 
16	 17	  37
0.9939289582411729	 -0.03586798087125784	 -0.10401304686353413	 0.15003649384167553	 
0.02658569486275134	 0.9956504839828236	 -0.08929341842170653	 -0.05093328621073939	 
0.10676341507408496	 0.08598605522402127	 0.9905594235121536	 -0.15614183081245045	 
0.0	 0.0	 0.0	 1.0	 
16	 61	  37
0.9236950309849297	 0.3453005729434036	 -0.16599700014972185	 0.20604026727623426	 
