0	 1	  37
0.9608714957104885	 0.04548354533368584	 0.2732347266270663	 -0.12081695477616403	 
0.012268616583994398	 0.9784700721777494	 -0.20602378236404018	 -0.046230274390331554	 
-0.2767226947292258	 0.20131459201048757	 0.9396259815828033	 -0.08720659291285937	 
0.0	 0.0	 0.0	 1.0	 
0	 12	  37
0.9970949965460276	 -0.03648277672192602	 -0.06686235761275355	 -0.9723910986229218	 
0.04214782751385082	 0.9954570451090566	 0.08537465653581258	 -0.11056416464865489	 
0.06344390040610963	 -0.08794474597952597	 0.9941029087352363	 0.6215809023577006	 
0.0	 0.0	 0.0	 1.0	 
2	 3	  37
0.6646389006911737	 -0.3151996873076035	 0.6774247477094537	 -0.20311817691341874	 
0.29441229856527157	 0.9437886622073085	 0.15028093539252418	 -0.03924706778179371	 
-0.6867143002308463	 0.09955962138401107	 0.7200773233815455	 0.020311685652129853	 
0.0	 0.0	 0.0	 1.0	 
3	 4	  37
0.8851017458430858	 0.1267958248894638	 0.4477920480492267	 -0.1678718738957256	 
0.11452721938088845	 0.8732411199081469	 -0.4736385357236524	 0.12968499665705438	 
-0.45108581836098816	 0.4705026729915192	 0.7583856665189764	 -0.21640942980794745	 
0.0	 0.0	 0.0	 1.0	 
4	 5	  37
0.9783128978849415	 -0.1216749544530455	 0.1676277998746553	 -0.07995559101027404	 
0.028431611929733556	 0.8805011012241278	 0.47319071650464	 0.08299177635043127	 
-0.20517192126371775	 -0.458162652561235	 0.8648649990160359	 -0.00463170788888565	 
0.0	 0.0	 0.0	 1.0	 
5	 6	  37
0.7804737073301582	 -0.34560240450542	 0.5209796254810658	 0.01408805611575723	 
0.3254561056402447	 0.9360973338803983	 0.13341703340839672	 -0.006431656199361355	 
-0.5337968859667556	 0.06542751334173769	 0.8430777692657493	 0.081447259003792	 
0.0	 0.0	 0.0	 1.0	 
6	 7	  37
0.8181600912163582	 -0.35735924463740537	 0.45045358852275047	 0.07463449527810033	 
0.3652721008496718	 0.9280493026171176	 0.07280648496356527	 0.15476592884616108	 
-0.44406120916120045	 0.10497076823604548	 0.8898262641292548	 -0.3357429428880352	 
0.0	 0.0	 0.0	 1.0	 
7	 8	  37
0.8586426481902137	 -0.11653551682830954	 0.4991515561695225	 0.10076949897482816	 
0.25070384100463483	 0.9448634370771718	 -0.2106672005325853	 0.1324427734212708	 
-0.44707984389191585	 0.30602705532725816	 0.8405159454723675	 -0.2923553092673496	 
0.0	 0.0	 0.0	 1.0	 
8	 9	  37
0.9458343143319267	 0.13549606338579656	 0.2950224849722579	 -0.1738875177185161	 
0.047515765973263784	 0.8411787409834123	 -0.53866555273336	 -0.053467640595979936	 
-0.3211537043476658	 0.5235065830765779	 0.7891775184705013	 -0.015189217576257678	 
0.0	 0.0	 0.0	 1.0	 
8	 10	  37
0.7479714067870772	 -0.34587844770033693	 0.5664864288271741	 -0.11496430264369473	 
0.31990642819702503	 0.9356756920716837	 0.1488988799971199	 -0.04732126382532183	 
-0.5815484948198058	 0.06985054532772392	 0.810507402489476	 0.10134266694010403	 
0.0	 0.0	 0.0	 1.0	 
8	 15	  37
0.9174435455472207	 -0.29111590021291234	 0.27119895533901006	 0.17124507821003554	 
0.22339389215545374	 0.9409599501385325	 0.25434138708225873	 -0.327147947651244	 
-0.3292301773552694	 -0.172759673762471	 0.9283111468899329	 0.7634997736629177	 
0.0	 0.0	 0.0	 1.0	 
8	 16	  37
0.9247946904218246	 -0.24946511162182344	 0.28726632007792363	 0.6297503222975706	 
0.23211945612925705	 0.9681812445330836	 0.09351810423991133	 -0.5967762763640502	 
-0.30145536759835423	 -0.019804944278643904	 0.9532745803430726	 1.0423977279439438	 
0.0	 0.0	 0.0	 1.0	 
10	 14	  37
0.7538269144566867	 -0.30119931877524814	 0.5839725622065108	 -0.44616670011189963	 
0.3536817665817379	 0.9350125787324164	 0.025703805161452528	 -0.15685302218352137	 
-0.5537636599022474	 0.18716422730180896	 0.8113663543616931	 0.329965946591524	 
0.0	 0.0	 0.0	 1.0	 
10	 15	  37
0.9326869909326733	 0.19162980232254137	 -0.30556995239515783	 -0.17415575861916274	 
-0.13705326063366374	 0.9719362095731992	 0.1911973019426868	 -0.2824558455046807	 
0.33363360246629276	 -0.13644787789594048	 0.9327757479282239	 0.6820017045678263	 
0.0	 0.0	 0.0	 1.0	 
10	 16	  37
0.9143336075974549	 0.13802797132704822	 -0.38071292747838564	 -0.05143940043360776	 
-0.16821605649391838	 0.9846283140317945	 -0.04701533307911342	 -0.5139849837762708	 
0.3683712968669763	 0.10702972642329074	 0.9234972795337825	 1.1677488064333204	 
0.0	 0.0	 0.0	 1.0	 
11	 12	  37
0.8613280506359986	 -0.004025607199534634	 0.5080332505597107	 -0.31323866595565797	 
0.1920610115871275	 0.9283417800078975	 -0.3182673519541334	 0.10115250076360774	 
-0.4703472727843966	 0.37170597786212967	 0.8003799778891506	 -0.2243181778456413	 
0.0	 0.0	 0.0	 1.0	 
11	 13	  37
0.7958396148864432	 -0.09689663938630096	 0.5977042317509871	 -0.3692882483183608	 
0.3153756718356455	 0.908982084963432	 -0.2725614698187295	 0.20658007474018925	 
-0.5168921483168539	 0.40541658882089676	 0.7539627951810458	 -0.43784226469834153	 
0.0	 0.0	 0.0	 1.0	 
12	 13	  37
0.9877253613870877	 -0.12067239620345299	 0.09918055891787833	 0.1132139261805837	 
0.11988728575507472	 0.9926907546673596	 0.013860169992736707	 0.04409652060787347	 
-0.1001281638053295	 -0.001799553406626615	 0.9949729204458329	 -0.22699355442870786	 
0.0	 0.0	 0.0	 1.0	 
14	 15	  37
0.47153537807196777	 0.5558463093623293	 -0.6846088427670243	 -0.03646516363766687	 
-0.33174557559222934	 0.8311179659559235	 0.44630460421137114	 -0.145470761254652	 
0.8170674759782743	 0.01666754431720759	 0.5763010781396538	 0.454550666198895	 
0.0	 0.0	 0.0	 1.0	 
15	 16	  37
0.9987987303121983	 0.028436999110962233	 -0.03990530551571417	 0.2921260968429044	 
-0.035214996747384195	 0.9828499888879672	 -0.18101326842804447	 -0.40797400733636346	 
0.0340734549293307	 0.18220108787953165	 0.9826707298198581	 0.34968166117347416	 
0.0	 0.0	 0.0	 1.0	 
16	 17	  37
0.6717675309994854	 -0.4463778478308447	 0.5911642760356541	 -0.13861826416793868	 
0.4065467064042534	 0.8892846911961162	 0.20950540211670718	 -0.20198043684045805	 
-0.6192319111663338	 0.09959696265515502	 0.7788660252079029	 0.42406800548483176	 
0.0	 0.0	 0.0	 1.0	 
17	 18	  37
0.9571951386532311	 0.1867081979372844	 -0.22117304393084142	 0.004077729431428517	 
-0.26534605398830613	 0.871291238314187	 -0.4128474896008995	 -0.2822101979039629	 
0.11562412452190525	 0.45386300450680267	 0.8835380212354196	 0.4389316392118834	 
0.0	 0.0	 0.0	 1.0	 
17	 19	  37
0.9262702964204738	 0.19169465629578789	 -0.3244633981156673	 -0.032951915365006336	 
-0.2808179166830315	 0.9252587594412102	 -0.25502455910581207	 -0.7369044340305049	 
0.25132575601980844	 0.32733680945618004	 0.9108709993935032	 0.8329812374299241	 
0.0	 0.0	 0.0	 1.0	 
18	 19	  37
0.991360146026438	 0.008606624616759003	 -0.1308853959888016	 0.11765554372501602	 
0.0003769576896827841	 0.9976539378296454	 0.06845785737155424	 -0.11556891849707512	 
0.1311675217930851	 -0.06791572973700602	 0.9890311091573162	 0.5145360588467712	 
0.0	 0.0	 0.0	 1.0	 
19	 20	  37
0.77326189474513	 -0.4983489918569758	 0.3920641840952926	 0.11609228946501839	 
0.3488071513323363	 0.8506641967117154	 0.39332428810363634	 -0.12194644970740189	 
-0.5295277266721663	 -0.16738789307458124	 0.8316139007601188	 0.46965143819067595	 
0.0	 0.0	 0.0	 1.0	 
20	 21	  37
-0.7844271244759748	 0.14730444247428431	 0.6024744705078332	 -1.847677108500735	 
0.6200454912851088	 0.2093585446176794	 0.7561167823376066	 -1.2115238025422952	 
-0.014753817247136099	 0.9666800923898802	 -0.25556197654136786	 2.694502204415442	 
0.0	 0.0	 0.0	 1.0	 
21	 22	  37
0.9480329414254165	 -0.04757804605965125	 0.3145947734871278	 -0.18006260556333276	 
0.17407692892072396	 0.9052071748359249	 -0.38768181985113903	 -0.07665052844808479	 
-0.2663283026450636	 0.4222988280337843	 0.866448460701207	 0.02911426011570482	 
0.0	 0.0	 0.0	 1.0	 
21	 28	  37
0.5968601163515773	 -0.46440360641113404	 0.6542838007020462	 0.06518093037945243	 
0.5606231877063595	 0.824759226537044	 0.07398553674859408	 -0.5194634999701774	 
-0.5739857514910475	 0.3226476539421134	 0.7526213181214763	 0.5685024750954567	 
0.0	 0.0	 0.0	 1.0	 
22	 23	  37
0.9881624344654828	 0.12360837572235295	 -0.09086238254927721	 -0.06502784369968358	 
-0.15294211627050922	 0.8400422365306732	 -0.5205168104060056	 -0.14705861965927453	 
0.011988001582734366	 0.5282518436274742	 0.849003108075717	 0.24339063972178954	 
0.0	 0.0	 0.0	 1.0	 
22	 29	  37
0.9659873602387171	 0.178283217514436	 -0.18730593747058522	 0.042163091643889386	 
-0.14878555735431206	 0.9756253415780898	 0.16130111838856556	 -0.3811889634340554	 
0.2114977015993345	 -0.12794642325339042	 0.9689677161778213	 0.9396998233379573	 
0.0	 0.0	 0.0	 1.0	 
23	 28	  37
0.7601781698714294	 -0.5346257223971794	 0.36919437563730195	 0.09156215254412099	 
0.02867930360108555	 0.5952983260618884	 0.8029927773852449	 0.20362757197079293	 
-0.6490813874976544	 -0.599829342345977	 0.4678654854388305	 0.41425775446985275	 
0.0	 0.0	 0.0	 1.0	 
23	 29	  37
0.97714132694933	 0.018960351943751192	 -0.21174355296412653	 0.17112103672811116	 
0.12044554366037438	 0.7713614151474906	 0.6248955418580118	 0.20021450948160527	 
0.17517904606447532	 -0.6361148263292016	 0.7514454268568745	 0.7205303176773226	 
0.0	 0.0	 0.0	 1.0	 
23	 30	  37
0.8607653724812341	 -0.09608336568780872	 -0.4998509381559114	 0.25103219343788036	 
0.1726460281914584	 0.9789195626676676	 0.10913220778604187	 0.10288856373882817	 
0.47882807194958404	 -0.18023450464504423	 0.8592084734500693	 0.6533249756882457	 
0.0	 0.0	 0.0	 1.0	 
24	 27	  37
0.8528224925304819	 0.1553778080446114	 0.4985494288446703	 -0.07908067811575387	 
0.2247488303523518	 0.7525497916359277	 -0.6189965867143141	 0.009809991369693167	 
-0.47136160162803376	 0.6399426129552348	 0.6068704084355088	 -0.1636033075098849	 
0.0	 0.0	 0.0	 1.0	 
24	 28	  37
0.9583906425502499	 -0.1728138975775303	 0.2272063667157719	 0.06561763598010655	 
0.12399192043145148	 0.9689406208255011	 0.21396279345253832	 0.03402713287379517	 
-0.25712522229419593	 -0.17688818535548298	 0.950051151223872	 0.02254267787541084	 
0.0	 0.0	 0.0	 1.0	 
25	 27	  37
0.925928439687272	 -0.002222499337365435	 -0.37769244773358734	 0.1279169296218038	 
-0.2712531028065291	 0.6919399274495551	 -0.6690597066173796	 -0.022437883724434234	 
0.2628274696376384	 0.7219516585601828	 0.6400839975394456	 -0.20900684778236742	 
0.0	 0.0	 0.0	 1.0	 
26	 27	  37
0.7429464461674082	 -0.19320569148261024	 -0.6408604675792889	 0.25288632272058265	 
-0.012252544854853659	 0.953349851831055	 -0.3016188574315024	 -0.00836615562377705	 
0.669238711725344	 0.23193882985052655	 0.7059206229710037	 0.018849088161082616	 
0.0	 0.0	 0.0	 1.0	 
28	 29	  37
0.6387386675129633	 0.4340080501522208	 -0.6353345001074882	 -0.1267982114508192	 
-0.5571748380575109	 0.8303650532500305	 0.007076593577437893	 -0.203524896025589	 
0.5306308645935995	 0.3494723032575556	 0.7722046327214753	 0.15768159061304396	 
0.0	 0.0	 0.0	 1.0	 
28	 30	  37
0.3812364176548914	 0.09804277314374948	 -0.9192640580855685	 -0.07736835027964242	 
-0.6098614701888008	 0.7739778891923585	 -0.1703737486248813	 -0.3415614226209008	 
0.6947861405013915	 0.6255764075439727	 0.35486106759062414	 0.0659533182014189	 
0.0	 0.0	 0.0	 1.0	 
29	 30	  37
0.9492859984863806	 -0.025249751154249937	 -0.3133983776989966	 0.07635524289660928	 
-0.1351935251458299	 0.8671397727377925	 -0.47936554454288044	 -0.02121517501293579	 
0.28386405872593024	 0.49742443104746753	 0.8197500421230511	 -0.12245516975940073	 
0.0	 0.0	 0.0	 1.0	 
30	 31	  37
0.954204285611787	 0.21344510392530777	 -0.209607654751478	 -0.08581477233135666	 
0.06603982870895565	 0.5330852024883376	 0.843480235638074	 0.22108091863847426	 
0.2917754656310086	 -0.8186949092905633	 0.49457630670860614	 0.536470227947493	 
0.0	 0.0	 0.0	 1.0	 
31	 32	  37
0.7956492669785729	 0.350569777493666	 -0.4940071609445543	 -0.012714148765984193	 
-0.5039809238644412	 0.8355496550215779	 -0.2187692902901712	 -0.4051472411782212	 
0.3360736114859392	 0.4230338108252839	 0.8414849508823283	 0.07112294608890227	 
0.0	 0.0	 0.0	 1.0	 
31	 33	  37
0.9397748602781514	 0.009036643863286727	 0.3416746274701538	 -0.517387521105573	 
0.20342267382413876	 0.7885375245561164	 -0.5803686657127082	 -0.04958394022805908	 
-0.274667849890405	 0.6149202480278227	 0.7392094837067373	 -0.2264997514331096	 
0.0	 0.0	 0.0	 1.0	 
31	 34	  37
0.9938221953354609	 -0.09235841740046913	 0.06154158589024162	 -0.5345808998323744	 
0.0988148822523558	 0.9888065051987858	 -0.1117913875127154	 -0.03508067827008446	 
-0.050527844838843615	 0.11718198672085144	 0.9918242378990829	 -0.03486766607639322	 
0.0	 0.0	 0.0	 1.0	 
32	 33	  37
0.9046462352381895	 0.10640370522936628	 -0.4126662581103909	 0.2292535432650675	 
-0.19028334156852092	 0.967295127217906	 -0.16772711999558046	 -0.026955332414760065	 
0.3813232736024478	 0.23025722219716876	 0.8953067477882408	 -0.03967754076641117	 
0.0	 0.0	 0.0	 1.0	 
32	 34	  37
-0.6632722427478613	 -0.42734148083026124	 0.6143689370093689	 -1.3145998098502358	 
0.4587808684933899	 0.41640170277548616	 0.7849393203491122	 -0.8428048287296293	 
-0.591261403022955	 0.8024891779254566	 -0.08013159556536659	 2.06417666731216	 
0.0	 0.0	 0.0	 1.0	 
32	 35	  37
-0.5255902921756254	 -0.04699502567864761	 0.8494388220067426	 -1.4478032438117308	 
0.42964931093029396	 0.847120126217669	 0.31271226610749325	 -0.9884887550476659	 
-0.7342726430882899	 0.5293193358629772	 -0.425046734246616	 2.0829265677764974	 
0.0	 0.0	 0.0	 1.0	 
32	 36	  37
-0.5379272360920795	 -0.22475196539062223	 0.8124782106145297	 -1.3411608992427355	 
0.41828568452961773	 0.7656237895838344	 0.48873029263682577	 -1.0103763330251252	 
-0.73189574038105	 0.6027493400048985	 -0.31783935932438234	 2.1150055118560283	 
0.0	 0.0	 0.0	 1.0	 
33	 34	  37
0.9259957655912263	 0.2049268169687304	 -0.31707545126386466	 0.09481232854283057	 
0.005538000834032423	 0.8323961169835371	 0.5541534399220964	 0.06930574471750248	 
0.37749327497835145	 -0.5148997029692238	 0.7696603947380456	 0.25504173083235215	 
0.0	 0.0	 0.0	 1.0	 
33	 35	  37
0.8376591996470014	 0.079206588483515	 -0.5404196347169017	 0.16646885222010382	 
-0.1203990341189646	 0.9918683039297568	 -0.04124730588449939	 -0.05140583764620317	 
0.5327580481137443	 0.09961718727364248	 0.8403840063743013	 0.07957371879685432	 
0.0	 0.0	 0.0	 1.0	 
33	 36	  37
0.8575496513020601	 0.15600990721416866	 -0.4901729331600666	 0.07866337859040011	 
-0.09196227435843839	 0.984044926013382	 0.1523106157893825	 -0.00040318643967001024	 
0.5061141527822949	 -0.0855364976974407	 0.8582144090582009	 0.09052549341991382	 
0.0	 0.0	 0.0	 1.0	 
34	 35	  37
0.9817763798657058	 0.0785463000339656	 -0.17304802422670032	 0.024827018306203617	 
-0.16607720266186582	 0.7972467403879646	 -0.5803585079041884	 -0.011194142743743552	 
0.09237695975620731	 0.5985216067041694	 0.7957627684269102	 -0.21510611296165147	 
0.0	 0.0	 0.0	 1.0	 
34	 36	  37
0.985764052277906	 0.09247402891680859	 -0.14042003850069212	 -0.04359736738013224	 
-0.14432624535488092	 0.8938249020406807	 -0.4245550369430685	 0.0335616189385299	 
0.08625061239437959	 0.43877739056138787	 0.894446886848925	 -0.1535190130746525	 
0.0	 0.0	 0.0	 1.0	 
35	 36	  37
0.999820533118239	 -0.01893701483121931	 -0.0005394668136179659	 -0.04713958372266547	 
0.018687525869169098	 0.9811721101154267	 0.19222920357877524	 0.024277171482476215	 
-0.0031109374873093893	 -0.1922047861030603	 0.9813499081708962	 0.038410126092104334	 
0.0	 0.0	 0.0	 1.0	 
