0	 1	  37
0.9794455353721216	 -0.07663535923979442	 0.18658366743583066	 -0.4567284116880856	 
0.07494618896247049	 0.9970575867511136	 0.01610085283600803	 -0.02285092155622144	 
-0.18726855582189605	 -0.0017861736289547833	 0.9823071299670726	 0.10435970566302481	 
0.0	 0.0	 0.0	 1.0	 
0	 2	  37
0.8377587011251854	 -0.0054587819944485975	 0.5460133335260039	 -0.7452594147071077	 
0.05497584334415521	 0.9957122662627618	 -0.0743958296040399	 0.005834258716744305	 
-0.5432660631197581	 0.09234329706595672	 0.8344667160224831	 0.1387740260797666	 
0.0	 0.0	 0.0	 1.0	 
0	 5	  37
0.4370909033590183	 -0.04261835064431421	 0.8984070449351759	 -0.7805948149920109	 
0.29375140593006754	 0.9508646708910535	 -0.09780843095233073	 0.08657445116035159	 
-0.8500950851021931	 0.3066595079882677	 0.4281334983921345	 -0.03340484361274878	 
0.0	 0.0	 0.0	 1.0	 
0	 6	  37
0.7418836576028591	 -0.14412595042368295	 0.654855975765873	 -0.724681748472383	 
0.2257402591574477	 0.9733019833922968	 -0.041528117223743236	 0.05568495732060297	 
-0.6313873406850443	 0.17863638917950253	 0.7546118647911504	 0.14942978481132388	 
0.0	 0.0	 0.0	 1.0	 
0	 7	  37
0.6903914558680032	 -0.034875971040017405	 0.7225948410475087	 -0.7450835459675602	 
0.03283447296149267	 0.9993185723247918	 0.01686085383607924	 -0.21349290989871422	 
-0.7226904835749536	 0.0120854313434204	 0.691066138151367	 0.452990432638426	 
0.0	 0.0	 0.0	 1.0	 
0	 34	  37
0.6204283367141614	 0.42038145562051193	 -0.662078628844398	 0.7036412343497902	 
-0.27850328004412617	 0.907279600527979	 0.3150867332504715	 -0.20785484211008592	 
0.7331470534666027	 -0.011097668051006315	 0.6799795877502999	 0.5462112757477677	 
0.0	 0.0	 0.0	 1.0	 
0	 35	  37
0.8798833135148172	 0.24630932037283515	 -0.4063706107676304	 1.016550962988262	 
-0.17240174176992953	 0.9623754366053644	 0.21002656606564957	 -0.2112522392233334	 
0.44281259470895745	 -0.11473986977553367	 0.8892422438520412	 0.5619320023255153	 
0.0	 0.0	 0.0	 1.0	 
0	 36	  37
0.9916602294333772	 0.08499953204630388	 -0.09687656533987134	 0.8834396267828601	 
-0.06939735689389152	 0.9855731688591752	 0.15436818221714377	 -0.2160295608970807	 
0.10860016674150558	 -0.1463578094151205	 0.9832524576155017	 0.4075854211947445	 
0.0	 0.0	 0.0	 1.0	 
0	 37	  37
0.9921547653319351	 0.12032559084690811	 -0.03392158334266231	 0.9943961166485192	 
-0.11459303494421504	 0.9837840315865796	 0.13797614118943935	 -0.12715501830450382	 
0.04997357273004013	 -0.13300650879786582	 0.989854489632692	 0.38117433480643115	 
0.0	 0.0	 0.0	 1.0	 
0	 38	  37
0.9654728321787276	 0.019880499169909808	 0.2597440587916107	 0.5924865346406248	 
-0.057278478613762604	 0.9888835390539169	 0.13721706189789726	 -0.15009296404256275	 
-0.2541286804209185	 -0.14735708989035384	 0.955878915891844	 0.378488895300186	 
0.0	 0.0	 0.0	 1.0	 
0	 45	  37
0.8058850288468109	 0.18994589567188877	 0.5607761380426054	 0.005707920139761704	 
0.013952217287474573	 0.9407861681453725	 -0.3387133322724564	 -0.09380221014774832	 
-0.5919076413709644	 0.2807880740767891	 0.7555153218452355	 0.1274001794137201	 
0.0	 0.0	 0.0	 1.0	 
0	 46	  37
0.8536926738226546	 -0.06489518664957038	 0.5167179437674333	 0.19350358800762443	 
0.11662600667669931	 0.990828525232972	 -0.0682437407481418	 -0.08620036418256417	 
-0.5075501878909842	 0.11852193187073207	 0.8534315194773723	 0.24355858587966067	 
0.0	 0.0	 0.0	 1.0	 
0	 47	  37
0.7747599210703825	 -0.3666870850969575	 0.5150608180847297	 -0.10551258218915578	 
0.24175148005724317	 0.9245466289816892	 0.29456705981614306	 -0.05901347449039563	 
-0.5842116796103504	 -0.1037020369216116	 0.8049488188358073	 0.3375306853798011	 
0.0	 0.0	 0.0	 1.0	 
0	 48	  37
0.7114563601536149	 -0.43935451555164357	 0.5484500499237377	 -0.504332205475602	 
0.2243231035524941	 0.8816146823218984	 0.4152525702834786	 0.07238979769721197	 
-0.665964708381418	 -0.17240406485590354	 0.7257877414310703	 0.22853949896874365	 
0.0	 0.0	 0.0	 1.0	 
0	 49	  37
0.7531929354269541	 -0.3794630948592763	 0.5373157001826282	 -0.5213661097651411	 
0.22714625496411403	 0.9166279738529461	 0.3289342432858265	 -0.1609186338155292	 
-0.6173370075402136	 -0.12570169923299082	 0.7765913352151395	 0.5181743511608989	 
0.0	 0.0	 0.0	 1.0	 
1	 2	  37
0.9584651148784521	 0.02724662466879802	 0.2839053451507952	 -0.03861032380621757	 
-0.0009305444858182068	 0.9957198163330376	 -0.09241851247807902	 -0.0206975048618585	 
-0.28520827065145643	 0.08831573362577358	 0.9543880623447393	 -0.06936900894502537	 
0.0	 0.0	 0.0	 1.0	 
1	 3	  37
0.668761046507899	 -0.2013786561509335	 0.715685195823208	 -0.26272488955582496	 
0.2730024763221989	 0.9618876174103593	 0.015551829299804953	 0.02910965546030603	 
-0.6915405343113348	 0.18498337308922422	 0.6982498414499827	 0.01811595794640187	 
0.0	 0.0	 0.0	 1.0	 
1	 5	  37
0.6377453767879774	 0.015996159186354723	 0.7700811368140664	 -0.23805452191435472	 
0.17392376863104528	 0.970972375356532	 -0.16420465584041208	 0.006515473857143713	 
-0.7503541544435768	 0.23865617357566588	 0.6164510310831562	 -0.21410303322629856	 
0.0	 0.0	 0.0	 1.0	 
1	 6	  37
0.858682493432023	 -0.11389988993638804	 0.49969109512361937	 -0.2470901813241417	 
0.18431783534206142	 0.9783879906942521	 -0.09372233053056317	 0.11121419650634767	 
-0.4782168033937956	 0.17257970546313342	 0.8611184205520614	 0.006909985626484738	 
0.0	 0.0	 0.0	 1.0	 
1	 7	  37
0.8335164422950615	 0.055728248224371786	 0.5496769076226735	 -0.28375287982347097	 
-0.020937855634742816	 0.9973714230602463	 -0.06936750438206972	 -0.08624362889083945	 
-0.5520977690818912	 0.046309899725874466	 0.8324923102120388	 0.27107309504650196	 
0.0	 0.0	 0.0	 1.0	 
1	 34	  37
0.4559420659074142	 0.4573906689095638	 -0.7634858273278823	 1.0855983392853783	 
-0.29614063896270376	 0.8869256657968653	 0.3544905997421487	 -0.3222353266093383	 
0.8392958682674665	 0.06447200435265399	 0.5398386853161882	 0.6817233372461561	 
0.0	 0.0	 0.0	 1.0	 
1	 35	  37
0.7682310607176919	 0.33218114515341834	 -0.5472446657146463	 1.334173829595412	 
-0.2519221358118628	 0.9427362250807281	 0.21859471038551792	 -0.2819139901042287	 
0.5885204115717316	 -0.030068201228260562	 0.807923033734239	 0.7087847639984474	 
0.0	 0.0	 0.0	 1.0	 
1	 36	  37
0.9262952631790762	 0.18818358524879128	 -0.326441455172158	 1.3868950105110294	 
-0.15538280674145086	 0.9800342197827547	 0.12405285737924583	 -0.22555810651723407	 
0.34326850828637645	 -0.06418618463281166	 0.9370415491967942	 0.592212658956987	 
0.0	 0.0	 0.0	 1.0	 
1	 37	  37
0.953787586074636	 0.14522380898434836	 -0.2630575715580061	 1.4601504979017117	 
-0.11868793066804906	 0.9863440900412991	 0.11418630020426153	 -0.10730170259139053	 
0.2760478504963484	 -0.07768771681983408	 0.957999062051559	 0.6111557638504936	 
0.0	 0.0	 0.0	 1.0	 
1	 38	  37
0.996196441897792	 0.08680546290133866	 -0.007580287637198757	 1.1723240050525552	 
-0.08622798673123298	 0.9946050374521649	 0.057667614646834266	 -0.09809491810102504	 
0.012545256253128646	 -0.05679463958211004	 0.9983070597067227	 0.4961117908264627	 
0.0	 0.0	 0.0	 1.0	 
1	 45	  37
0.9530906309263302	 -0.06651286807969466	 0.29528678876689096	 0.8819503041319685	 
0.13605965372934814	 0.9655850528859053	 -0.22166027219683104	 -0.3297778709670663	 
-0.2703812491048503	 0.2514389469098543	 0.9293397850675302	 0.11674381382240823	 
0.0	 0.0	 0.0	 1.0	 
1	 46	  37
0.9049373183458662	 -0.10027070818945057	 0.41356285488928646	 0.4633462561279105	 
0.13629283384864477	 0.9889425491026343	 -0.05845423864776544	 -0.1471895406259112	 
-0.4031286560224872	 0.10926307543525517	 0.9085971973542144	 0.2702422192279213	 
0.0	 0.0	 0.0	 1.0	 
1	 47	  37
0.8591417875269525	 -0.30092696037013694	 0.4139062133471567	 0.21193690740003526	 
0.19896255794873963	 0.9416168070109873	 0.2716094425621589	 -0.10423774873635656	 
-0.47147565097201655	 -0.15099918303362517	 0.8688555445318228	 0.32101018790691926	 
0.0	 0.0	 0.0	 1.0	 
1	 48	  37
0.8126320270144036	 -0.34295816441046184	 0.4711781893664738	 -0.176856926649898	 
0.15942867618347686	 0.9084895613500831	 0.386301972721235	 0.04976869789677726	 
-0.5605458820478896	 -0.2388020401548955	 0.7929450798996195	 0.16214242628964468	 
0.0	 0.0	 0.0	 1.0	 
1	 49	  37
0.829730424738605	 -0.32002118742337793	 0.4573115588559131	 -0.28685886945631356	 
0.2061794156781223	 0.9370939692143032	 0.2816823413222948	 -0.11556418116390126	 
-0.5186882212020262	 -0.13943217871894906	 0.8435171585237411	 0.4291656911379479	 
0.0	 0.0	 0.0	 1.0	 
2	 3	  37
0.8750601410961465	 -0.1844888486337376	 0.4474747078825692	 -0.1269005120125038	 
0.17474842705000845	 0.9825715080572416	 0.06337364434578797	 0.08279295331843958	 
-0.45136762922072776	 0.022739751184138905	 0.8920482985846356	 -0.022520620141929473	 
0.0	 0.0	 0.0	 1.0	 
2	 5	  37
0.8183957830295805	 -0.12361383152226166	 0.5612022478356503	 -0.08662466039564944	 
0.184670453537817	 0.9813626908160635	 -0.05314219288279281	 0.004760510194775953	 
-0.5441738379502801	 0.1471288201904738	 0.8259709101171916	 -0.19813762739549212	 
0.0	 0.0	 0.0	 1.0	 
2	 6	  37
0.9677272258364329	 -0.12850823520674032	 0.2167709617521926	 -0.1913343775489075	 
0.1315207606102285	 0.9913132727118482	 0.0005337357321672978	 0.10290818304514608	 
-0.21495652096046852	 0.02799337116843917	 0.976222344175341	 -0.008675911183831236	 
0.0	 0.0	 0.0	 1.0	 
2	 7	  37
0.9622942217199392	 0.0561424041354295	 0.2661538301477371	 -0.2696065893368249	 
-0.05817738996073271	 0.9983062327227138	 -0.00023875581441408947	 0.002263484019375063	 
-0.2657164318249315	 -0.015254381825434597	 0.9639305377947882	 0.25850427127558734	 
0.0	 0.0	 0.0	 1.0	 
2	 8	  37
0.9858564641877964	 -0.06946004388744702	 0.1525199472931006	 -0.5527525686436685	 
0.0633900779587972	 0.9970045860039856	 0.04431200179859988	 -0.1441818048046989	 
-0.15514100049797885	 -0.03401702206506965	 0.9873064935339536	 0.7687552959753676	 
0.0	 0.0	 0.0	 1.0	 
2	 35	  37
0.4556744819778339	 0.3398097288203752	 -0.8227333192920135	 1.241242759749818	 
-0.16045397443177625	 0.9404834480117671	 0.29957537633280856	 -0.1944523170774596	 
0.8755656963148328	 -0.004498023445916099	 0.483078129521303	 1.3677730039684728	 
0.0	 0.0	 0.0	 1.0	 
2	 36	  37
0.7637380468148909	 0.2226824698313506	 -0.6059015707828989	 1.2085122786225957	 
-0.06076426676155475	 0.9592487020343649	 0.2759522268986334	 -0.2802629917786491	 
0.6426600187753282	 -0.1739380501074848	 0.7461458671014	 1.1586975807712088	 
0.0	 0.0	 0.0	 1.0	 
2	 37	  37
0.8190642528213485	 0.2351005098734839	 -0.5233177810923636	 1.2481339964977203	 
-0.10591195329148168	 0.9584631186964476	 0.26482278649818475	 -0.1817601647681788	 
0.5638407646669313	 -0.16148126936554777	 0.8099428323924488	 1.1301945786530976	 
0.0	 0.0	 0.0	 1.0	 
2	 38	  37
0.9064224812279292	 0.19484255839015022	 -0.37474613135372703	 1.1033575398886923	 
-0.11794425994007608	 0.968709289164736	 0.21838375542411417	 -0.15528503102166583	 
0.405570508138587	 -0.15374879032347694	 0.9010404388274009	 1.0330788383831528	 
0.0	 0.0	 0.0	 1.0	 
2	 45	  37
0.976083461187834	 -0.21338938608491526	 -0.04154571821355984	 1.066726199175819	 
0.2020314956630875	 0.9609483939685094	 -0.18910700380863096	 -0.10524377136603506	 
0.08027671864066992	 0.17619067522330678	 0.9810772112370367	 0.4962629078753166	 
0.0	 0.0	 0.0	 1.0	 
2	 46	  37
0.990871325990621	 -0.1087368790045221	 0.07968881021789855	 0.5020473581483417	 
0.10537519604489816	 0.9934023237815176	 0.04525363150047179	 -0.12003717539133789	 
-0.08408378790282668	 -0.0364433018514674	 0.9957920477499679	 0.5139134388486654	 
0.0	 0.0	 0.0	 1.0	 
2	 47	  37
0.9690682974495962	 -0.20641517167787207	 0.13527531844108168	 0.16725298907814554	 
0.15553942664643272	 0.9363942364882288	 0.3146002552925311	 0.043650462680183445	 
-0.19160929423344822	 -0.283828488303802	 0.9395356659491632	 0.4336997094886731	 
0.0	 0.0	 0.0	 1.0	 
2	 48	  37
0.9395763061572974	 -0.24470369463054784	 0.23940857700167562	 -0.23336950499144002	 
0.09830826046984817	 0.8627383401440514	 0.49600205883532267	 -0.02344410302487175	 
-0.3279204946800368	 -0.44249594154031063	 0.8346648973625	 0.18449444478899843	 
0.0	 0.0	 0.0	 1.0	 
2	 49	  37
0.9391311573611277	 -0.24210891377940863	 0.24375385769686556	 -0.4790819112615259	 
0.15909285318163088	 0.9353094211327495	 0.3160470705557134	 0.061487873192548295	 
-0.3045030924967379	 -0.258030154456558	 0.9168960170330375	 0.4014561900917192	 
0.0	 0.0	 0.0	 1.0	 
3	 4	  37
-0.6456675263744757	 0.6246223268546053	 0.4392725738993995	 -1.726326798259807	 
-0.6314524892951195	 -0.11325707338674647	 -0.7670988131204902	 2.7178116288175413	 
-0.4293963194398174	 -0.7726705534201536	 0.46754573757968404	 1.9125030979866415	 
0.0	 0.0	 0.0	 1.0	 
3	 5	  37
0.9972472598815749	 0.024164283496144582	 0.07009985778735683	 0.16109652453960505	 
-0.010479311820167196	 0.9818487868141392	 -0.18937566859387372	 0.008485111003545879	 
-0.07340358766753416	 0.1881197683251786	 0.9793992373301171	 -0.1269300022262177	 
0.0	 0.0	 0.0	 1.0	 
3	 6	  37
0.9699287841539392	 0.0036501286455787522	 -0.2433615216720448	 -0.041175012001912134	 
-0.016195688250458497	 0.9986393170766276	 -0.049570294237794854	 0.1323071088742834	 
0.24284944585433252	 0.05202106255737488	 0.968668134966071	 -0.035161682797334115	 
0.0	 0.0	 0.0	 1.0	 
3	 7	  37
0.942859878657585	 0.25534383560894414	 -0.2140438619402915	 -0.25275894704687657	 
-0.2656277473945582	 0.9638630883509848	 -0.02024467160990833	 -0.06643478439163934	 
0.20113962571282396	 0.07594387750841207	 0.9766142423890262	 0.17814383776973514	 
0.0	 0.0	 0.0	 1.0	 
3	 38	  37
0.6279465065202458	 0.521831638812878	 -0.5773862880973926	 0.3949463146996243	 
-0.33448844061735533	 0.850842178508441	 0.4051975695440193	 -0.6603205319868096	 
0.7027095189638382	 -0.06131335910612156	 0.7088300247257691	 1.3777917925268897	 
0.0	 0.0	 0.0	 1.0	 
3	 39	  37
0.33254121438392037	 0.6857285267829479	 0.6474509466300565	 -2.4951758915901507	 
-0.13303408208279566	 0.7137650147132779	 -0.6876346681019964	 2.4765394373839977	 
-0.9336585423699912	 0.14253382520455538	 0.3285815498960671	 1.2199108697508565	 
0.0	 0.0	 0.0	 1.0	 
3	 43	  37
-0.9268231246596222	 0.20770266226631803	 0.31282343212051494	 -0.6852627118668988	 
0.2769552081827922	 0.9406857197464419	 0.19597497117118262	 -0.5831306911345719	 
-0.253564012148019	 0.2682722139033475	 -0.9293736121661713	 4.980057110704129	 
0.0	 0.0	 0.0	 1.0	 
3	 45	  37
0.8784752192244144	 -0.1228637200582196	 -0.4617204733408226	 0.7091479722811466	 
0.04735592522333507	 0.9840029281319845	 -0.17174298755385295	 -0.33998080460687274	 
0.475435280090634	 0.12900675843201603	 0.8702405131479484	 0.920397242699938	 
0.0	 0.0	 0.0	 1.0	 
3	 46	  37
0.9164009957629105	 0.07998607173428904	 -0.39218802033369476	 0.3359791027390205	 
-0.055342691789125265	 0.9957389897868836	 0.07376347798016208	 -0.33534220501466144	 
0.3964169540146831	 -0.045892183939241195	 0.9169228462760688	 0.7824688028740302	 
0.0	 0.0	 0.0	 1.0	 
3	 47	  37
0.951744147381978	 0.11196299814681307	 -0.2857400303949865	 0.1450141915695588	 
-0.015962515907654497	 0.9478748734256532	 0.3182427099152454	 -0.09187907641320787	 
0.3064772030837675	 -0.29832450682818196	 0.9039215743722863	 0.5586282790322585	 
0.0	 0.0	 0.0	 1.0	 
3	 48	  37
0.9870453324790687	 0.09707787017532202	 -0.1277395739522722	 -0.12169112292627206	 
-0.03454740937219459	 0.9060975099963633	 0.42165599590668573	 0.07464855802752157	 
0.15667797591542595	 -0.4117805113171489	 0.8977131069347449	 0.12747314574154409	 
0.0	 0.0	 0.0	 1.0	 
4	 5	  37
-0.25493336511998094	 -0.7113013368655885	 -0.6550262494906823	 2.504753833608164	 
0.6350216489258333	 0.38770168135566685	 -0.6681578493660802	 2.4759268009454125	 
0.7292163497509632	 -0.5862915780115012	 0.352853653528861	 2.9227798728051133	 
0.0	 0.0	 0.0	 1.0	 
4	 39	  37
0.8025111100623943	 -0.4316295135160194	 0.41191246799332154	 0.007378472647056403	 
0.3629470023831813	 0.9011272924906651	 0.23714779397984262	 0.16630646099123922	 
-0.4735455539728864	 -0.040811343893177504	 0.8798233018749532	 -0.16620231582108405	 
0.0	 0.0	 0.0	 1.0	 
4	 40	  37
0.9910879503760107	 0.04152010857232763	 -0.1265731219636238	 -0.015313381231630958	 
-0.011794506116065515	 0.9738032145624713	 0.22708630283060627	 -0.3342218431840474	 
0.1326859609942	 -0.22356963096972246	 0.9656143411647878	 1.4418816479651175	 
0.0	 0.0	 0.0	 1.0	 
4	 41	  37
0.9323386631577706	 -0.15006935629206217	 0.32897386747774776	 0.03837870244487684	 
0.08244405641139294	 0.9740696950005404	 0.21069220878805195	 -0.3172121405559847	 
-0.3520619189057738	 -0.1693145521910002	 0.920535163735066	 1.3077431151928003	 
0.0	 0.0	 0.0	 1.0	 
4	 42	  37
0.9399850928963598	 -0.14896687383500148	 0.3069802854133296	 0.04005850027928822	 
0.19438506717695594	 0.973188221288902	 -0.1229598780218722	 -0.4287338615199384	 
-0.2804326492961065	 0.17525283576698567	 0.9437393563714495	 1.2110193414816512	 
0.0	 0.0	 0.0	 1.0	 
4	 43	  37
0.9928968353536887	 0.005459791727058329	 0.11885312372389611	 -0.02056040233877254	 
-0.013823810517504748	 0.9974748267215812	 0.06966256038596585	 -0.25257301599445997	 
-0.1181726559209308	 -0.07081073881163356	 0.9904650739231265	 1.1926801924941126	 
0.0	 0.0	 0.0	 1.0	 
4	 45	  37
-0.5982934426271996	 -0.3427082838541966	 -0.7242899893599286	 2.24152733608594	 
0.26348235193151126	 -0.9377967370133722	 0.22608478557326692	 0.7875457078577244	 
-0.756717917542549	 -0.05557258519074108	 0.6513752229286006	 1.5016137334755797	 
0.0	 0.0	 0.0	 1.0	 
4	 46	  37
-0.62732116791545	 0.0742967100865253	 0.7752084565815283	 -1.1172078458782546	 
-0.7587095285037218	 -0.2827390401420032	 -0.5868717803210848	 1.2249388040754474	 
0.17557905240334643	 -0.9563151332327116	 0.23373780675629932	 2.499426948892053	 
0.0	 0.0	 0.0	 1.0	 
4	 47	  37
0.15154130869119165	 0.5446292270556122	 0.824872254835236	 -0.37105493179088295	 
-0.8723434261285469	 0.4661143302895066	 -0.14749365406373396	 0.20031323351022184	 
-0.46481413344526057	 -0.6972205075408858	 0.5457393015112257	 0.6185067505190505	 
0.0	 0.0	 0.0	 1.0	 
4	 48	  37
-0.9682396615873629	 0.13057887278512115	 -0.21321612441688373	 0.8402290044810306	 
-0.11359970204019199	 0.5299189421485198	 0.8404052727396316	 -1.0464734833684233	 
0.22272643629701555	 0.8379350050775786	 -0.4982548161734823	 4.060240181142853	 
0.0	 0.0	 0.0	 1.0	 
5	 6	  37
0.939889808979364	 -0.01481244191466308	 -0.3411564722253689	 -0.13025569580906704	 
0.056993261845426545	 0.9918500767993239	 0.11395259214863562	 0.15372481753952819	 
0.33668815702509153	 -0.1265465002190872	 0.9330739885996971	 0.07500573251796966	 
0.0	 0.0	 0.0	 1.0	 
5	 7	  37
0.9303650116256919	 0.17775737801249528	 -0.32066066129921433	 -0.32375096874140114	 
-0.16001399848920783	 0.9837783787627579	 0.0810902075864635	 0.1588463201753967	 
0.3298734081889933	 -0.024133297351228752	 0.9437166516114543	 0.28589406739929424	 
0.0	 0.0	 0.0	 1.0	 
5	 38	  37
0.562160860801141	 0.35167416484913894	 -0.7485321959414843	 0.30566461849119897	 
-0.03800775037230932	 0.9151165127080716	 0.40139404465020906	 -0.10538478575051145	 
0.826154088227467	 -0.1971979968120328	 0.5278090303872842	 1.6652642723881743	 
0.0	 0.0	 0.0	 1.0	 
5	 39	  37
-0.6029979321297407	 0.3791544038567966	 0.7018799269698872	 -3.257771632313118	 
0.17482906609119325	 0.9212525006178591	 -0.34746025348955084	 1.8924900640130724	 
-0.7783497231302511	 -0.08680880221117454	 -0.6218005631725686	 3.463753203996821	 
0.0	 0.0	 0.0	 1.0	 
5	 43	  37
0.9355817762571937	 -0.08949330409469958	 0.34158115940087797	 0.30508940541736723	 
0.0556203885047668	 0.9926239775423533	 0.1077219178745737	 0.16998827191164773	 
-0.3487020394520416	 -0.08178378647513983	 0.9336585564068781	 1.0329223043059577	 
0.0	 0.0	 0.0	 1.0	 
5	 45	  37
0.8233996683654824	 0.027923482897013963	 -0.566774439471747	 0.351112248264567	 
-0.004158233564646952	 0.9990586561311418	 0.04317998035035817	 -0.36994980666142874	 
0.567446645270932	 -0.03319760100271737	 0.8227406784998712	 1.146794766322375	 
0.0	 0.0	 0.0	 1.0	 
5	 46	  37
0.8606018992836215	 0.0831724931050884	 -0.502440750079158	 0.1685831935451146	 
-0.0051121135173300344	 0.9879351873240765	 0.15478350022637755	 -0.026819923334257218	 
0.5092526261540616	 -0.13063844012245027	 0.850644085806493	 0.9344478271343075	 
0.0	 0.0	 0.0	 1.0	 
5	 47	  37
0.9265624081108664	 0.12051584170040033	 -0.35631171153224356	 -0.09385789417985001	 
0.0679204955707331	 0.8781039197327791	 0.4736246535299397	 0.03461178206732972	 
0.36995798431337945	 -0.46304366754030174	 0.8054325867467789	 0.6737169195519351	 
0.0	 0.0	 0.0	 1.0	 
5	 48	  37
0.9594467859184992	 0.138009520201746	 -0.24579511249075753	 -0.18216029797199068	 
0.02221394570873342	 0.8322263125941839	 0.5539908891326063	 0.16616931673436275	 
0.2810131769271861	 -0.5369848572907534	 0.7954111247862449	 0.2632530655932224	 
0.0	 0.0	 0.0	 1.0	 
5	 49	  37
0.9505608414042007	 0.10059117640661534	 -0.2937949999882082	 -0.4983528924820534	 
0.04871590085656868	 0.886065027725078	 0.46099406465407905	 0.06858254644902347	 
0.3066934100900622	 -0.4525153940715048	 0.8373583285163161	 0.35425245500273894	 
0.0	 0.0	 0.0	 1.0	 
6	 7	  37
0.9755351152395464	 0.21194710624848656	 0.05839232044932384	 -0.18571312545176405	 
-0.21364593739178753	 0.9766038298048021	 0.024502511025971174	 -0.16599146208138169	 
-0.05183292747422334	 -0.03637834195625683	 0.997992967843945	 0.2472745921230389	 
0.0	 0.0	 0.0	 1.0	 
6	 35	  37
0.9624918089982645	 -0.08407516027458825	 0.25795519966856867	 -0.628526816844572	 
0.02722961370195215	 0.9759079409666369	 0.21647687843255106	 -0.04053368231705642	 
-0.26994085602014956	 -0.20133320188945866	 0.9415927336529563	 0.20548305005379575	 
0.0	 0.0	 0.0	 1.0	 
6	 36	  37
0.6557823891759827	 0.3859368362183449	 -0.6488468359300325	 0.9274963384137603	 
-0.18112712805451792	 0.9147853617265597	 0.3610549895147964	 -0.46858501961193255	 
0.7329000078655765	 -0.11924973970865468	 0.6698037608509345	 1.2653689722453763	 
0.0	 0.0	 0.0	 1.0	 
6	 37	  37
0.6176415784477108	 0.40887921900468427	 -0.6718159456568005	 1.1579778398895622	 
-0.19007514665044717	 0.9065118958173966	 0.37697164530951294	 -0.4854435258510686	 
0.7631450184587674	 -0.10513784764617277	 0.6376172157289188	 1.5303188375287538	 
0.0	 0.0	 0.0	 1.0	 
6	 38	  37
0.8031826243087709	 0.3411095944176638	 -0.4884075312735191	 0.9374480815096343	 
-0.206732588167383	 0.928488619820934	 0.3084971958586208	 -0.4308669602159023	 
0.5587121879806202	 -0.1468098343410071	 0.8162643956112957	 1.246168506942899	 
0.0	 0.0	 0.0	 1.0	 
6	 39	  37
-0.9675284473094441	 0.13307130662982855	 -0.2148970241739197	 -0.12228151280649756	 
0.05086204248614058	 -0.7303053763568488	 -0.6812247132176139	 2.042333761256427	 
-0.24759191481369916	 -0.6700343906219384	 0.6998229483967884	 0.4375567524398746	 
0.0	 0.0	 0.0	 1.0	 
6	 44	  37
-0.8343771578564845	 0.17898446611939497	 -0.521324581556721	 0.5108032094411257	 
-0.005272094072269185	 -0.9483579529006931	 -0.31715831723935595	 1.5483980463372091	 
-0.5511687250483541	 -0.2618811830925657	 0.7922318363147306	 -0.4908333603766458	 
0.0	 0.0	 0.0	 1.0	 
6	 45	  37
0.9858869115816421	 -0.06304150237338925	 -0.15508954365306316	 0.7683431715386766	 
0.04316518794593087	 0.9907898184146546	 -0.1283444672568629	 -0.439507652153669	 
0.1617521688312149	 0.1198386611422272	 0.9795279124017015	 0.641682136651561	 
0.0	 0.0	 0.0	 1.0	 
6	 46	  37
0.9849109726458974	 0.08410393795300079	 -0.15125112754127912	 0.5418343041908448	 
-0.07459962839901076	 0.9949291362293373	 0.06746042784235204	 -0.3441002713001224	 
0.15615784131589458	 -0.055159237691808694	 0.9861907457955672	 0.683003644216515	 
0.0	 0.0	 0.0	 1.0	 
6	 47	  37
0.9993345632725974	 0.02698626320687169	 0.024539198171411033	 0.1177593760807265	 
-0.03395753302770335	 0.9339395297646399	 0.35581433458149925	 -0.20139063916880642	 
-0.01331602791521486	 -0.35641085328751176	 0.9342344390245036	 0.4970022345384727	 
0.0	 0.0	 0.0	 1.0	 
6	 48	  37
0.9956097587980002	 0.03343836138010811	 0.0874247343398999	 0.015412564382600037	 
-0.0711650317654636	 0.8771273386773373	 0.4749559663786029	 -0.10115621370221087	 
-0.060800875322723394	 -0.4790923791222579	 0.8756561801454764	 0.20634474419001309	 
0.0	 0.0	 0.0	 1.0	 
6	 49	  37
0.9994293861494434	 -0.031233029252044974	 0.012860792537255925	 -0.21044872719594454	 
0.025203150417779516	 0.9430547206635462	 0.3316814662341247	 -0.06058537873872078	 
-0.02248784805098516	 -0.3311680717067107	 0.9433037713123451	 0.37088267587361873	 
0.0	 0.0	 0.0	 1.0	 
7	 37	  37
0.6457232169389221	 0.23539250495615097	 -0.7263827473973464	 1.2151381278394187	 
-0.16468802927741077	 0.9718403883413184	 0.16853519692134636	 -0.030180856531426336	 
0.7456000134916655	 0.01079945364649395	 0.6663062296588296	 1.1724989903185303	 
0.0	 0.0	 0.0	 1.0	 
7	 38	  37
0.7950386102789206	 0.0908281893389226	 -0.5997198080663795	 1.1555870393457952	 
-0.03235962317837358	 0.9936682043997315	 0.10759346798373609	 0.08472403501287669	 
0.6056950247059291	 -0.06613425425924449	 0.7929437542852945	 1.0559776221201214	 
0.0	 0.0	 0.0	 1.0	 
7	 39	  37
-0.9053133942400383	 0.3804411246545354	 -0.1888708788595341	 -0.2096872443523053	 
-0.13646180451802647	 -0.6816160717934364	 -0.718872524569251	 2.128193965176889	 
-0.4022260982547806	 -0.6250312642936164	 0.668991841907103	 0.2208219387549596	 
0.0	 0.0	 0.0	 1.0	 
7	 44	  37
0.9043678087409066	 -0.32704289885320104	 0.2741565407260324	 0.440660250962577	 
0.29182281846976904	 0.9426744253548979	 0.16187764021683831	 -0.2061856354782861	 
-0.31138129220223043	 -0.06639179235045824	 0.9479629849181679	 0.3132324888559791	 
0.0	 0.0	 0.0	 1.0	 
7	 45	  37
0.9390223245151952	 -0.2811264622254528	 -0.19800249063756892	 1.0176554480310984	 
0.2337952880929751	 0.9442339156559081	 -0.23186650424464827	 0.0020915942793425565	 
0.25214447709121496	 0.17143577445128536	 0.9523827685918544	 0.42301215431349226	 
0.0	 0.0	 0.0	 1.0	 
7	 46	  37
0.9776008570320357	 -0.13406831381511627	 -0.16224133739895105	 0.6268610238582445	 
0.14119124349984005	 0.9894272584741107	 0.03314714086275933	 -0.09823427696089289	 
0.156082020390555	 -0.05531172949002986	 0.9861942077966309	 0.4093370983455907	 
0.0	 0.0	 0.0	 1.0	 
7	 47	  37
0.9725292352436259	 -0.2073765600121927	 -0.10574426203798784	 0.299033217456066	 
0.23135452522075448	 0.9112942457019547	 0.34061397712129354	 0.008219945486148354	 
0.025728782643732177	 -0.35572146422167883	 0.9342378014379732	 0.270366439998499	 
0.0	 0.0	 0.0	 1.0	 
7	 48	  37
0.9778592115777686	 -0.20856455533935347	 -0.017093524756555668	 0.02775182379905948	 
0.1968155882413654	 0.8888643560731004	 0.41374361714467334	 0.24049938259758777	 
-0.07109842865851893	 -0.4079472793865038	 0.9102329540746367	 -0.10315165128602022	 
0.0	 0.0	 0.0	 1.0	 
7	 49	  37
0.9824605710577841	 -0.16968900144300134	 -0.07731021346555493	 -0.10743393966245102	 
0.1859475995222045	 0.9225625074006293	 0.33808565507958693	 -0.018816681504547225	 
0.013954087169802022	 -0.3465314743684051	 0.93793455034097	 0.0960486989458245	 
0.0	 0.0	 0.0	 1.0	 
8	 37	  37
0.6994647277139296	 0.3355428787504038	 -0.6309992640280733	 1.7333224234979185	 
-0.19019070822095868	 0.9384846741270089	 0.2882256250494255	 -0.22879640838855544	 
0.6888951946344879	 -0.08159346143297054	 0.7202540647999822	 0.6467450045441208	 
0.0	 0.0	 0.0	 1.0	 
8	 38	  37
0.8589703803137381	 0.20640320132844175	 -0.4685804138299454	 1.5651984091881892	 
-0.13866650542429637	 0.9747260466655429	 0.17515916825897437	 -0.052310142317591665	 
0.4928909473880465	 -0.08548012887878008	 0.86588201364261	 0.47154072854484863	 
0.0	 0.0	 0.0	 1.0	 
8	 39	  37
-0.21009833007496934	 0.0740706053130376	 -0.9748703693970131	 2.688849371509313	 
0.38603015323648754	 0.9223929788537526	 -0.013111573266180503	 0.7811482663133523	 
0.8982424018559372	 -0.3790840777319201	 -0.2223867116493615	 2.678060869864879	 
0.0	 0.0	 0.0	 1.0	 
8	 44	  37
0.960927099994267	 -0.22591139035623847	 0.15994734197203225	 1.3723397806661097	 
0.22829854956550516	 0.9735847507336856	 0.003536298221821441	 0.07513396048603316	 
-0.15652118311236243	 0.03311762138406331	 0.9871192138698176	 -0.11274992339160018	 
0.0	 0.0	 0.0	 1.0	 
8	 45	  37
0.9875709395540669	 -0.09325443914503996	 -0.1265197570660084	 1.3652331766890324	 
0.06331449618930053	 0.9728023726525378	 -0.22281565998351308	 -0.10194813310503222	 
0.1438572692657305	 0.21203573600065043	 0.966615710992776	 -0.11101708896327772	 
0.0	 0.0	 0.0	 1.0	 
8	 46	  37
0.9937517453896622	 -0.05164739572146886	 -0.09894450490144152	 1.1183757776757615	 
0.04827551545239441	 0.9981787137893011	 -0.03617637275547273	 0.05906267605725107	 
0.10063271407850954	 0.03117373659231892	 0.9944351436891531	 -0.06416215906435213	 
0.0	 0.0	 0.0	 1.0	 
8	 47	  37
0.9936075541499196	 -0.10152930752967716	 0.04935410873229467	 0.6605463676594883	 
0.08322926721375558	 0.954201188217002	 0.28735514869986745	 0.09798387854995008	 
-0.07626871845833214	 -0.28141054016828404	 0.9565517186576569	 -0.21399309585796175	 
0.0	 0.0	 0.0	 1.0	 
8	 48	  37
0.9884266352037914	 -0.10797631437011058	 0.10655469184769692	 0.4889933828138334	 
0.04562366005767399	 0.881475734263871	 0.47002022461476084	 0.0638155519604696	 
-0.14467642676902182	 -0.4597190940552888	 0.8762003686933327	 -0.47513695939280476	 
0.0	 0.0	 0.0	 1.0	 
8	 49	  37
0.9944751512702938	 -0.08573878087157687	 0.06056430434324573	 0.29885935406494374	 
0.06401422006888266	 0.9525946172859684	 0.29743179847953566	 0.11560462482639249	 
-0.0831946701111213	 -0.29191155607898484	 0.9528201773118827	 -0.308915230148852	 
0.0	 0.0	 0.0	 1.0	 
8	 50	  37
0.9958039874825698	 -0.019022937824921163	 0.08951282785346208	 -0.014734228335364653	 
0.025105216420185886	 0.9974154586282632	 -0.0673211036590047	 0.012462257119663528	 
-0.08800083307736307	 0.06928586238100834	 0.9937078658498233	 0.025591795525051336	 
0.0	 0.0	 0.0	 1.0	 
8	 51	  37
0.9995226508641074	 0.016943033756767065	 -0.02583416375079952	 -0.292664576994952	 
-0.017611363177730044	 0.999510281573208	 -0.025865747939449873	 -0.10100692432079218	 
0.025383268044288296	 0.026308375787229908	 0.9993315561248076	 0.24289343015659542	 
0.0	 0.0	 0.0	 1.0	 
9	 10	  37
0.9978806631617892	 -0.06506878013741878	 0.00048573574760539843	 -0.44358650730673177	 
0.06338341765869338	 0.9736689708796822	 0.2189778014137587	 -0.09004657693821043	 
-0.014721564240657532	 -0.21848292610070974	 0.9757297200294662	 0.5427032134331375	 
0.0	 0.0	 0.0	 1.0	 
9	 51	  37
0.997179581429379	 0.0016315858871665595	 -0.07503479398132551	 0.3368008865580062	 
0.008137999628450283	 0.9915185221349553	 0.1297104206506164	 0.07627196307563902	 
0.07461002172881676	 -0.12995521609695146	 0.9887087470366689	 -0.08033837487111459	 
0.0	 0.0	 0.0	 1.0	 
9	 52	  37
0.9897072073731646	 -0.11798184810775879	 0.08099337744957665	 -0.2521493775568352	 
0.1058331808840966	 0.9843804839336248	 0.14069257505127164	 0.049905373520593994	 
-0.09632747010882141	 -0.13067266878609843	 0.9867348540184202	 0.2399119633487845	 
0.0	 0.0	 0.0	 1.0	 
9	 53	  37
0.9646960981097684	 -0.1361448987568687	 0.2254462349081698	 -0.6999295428820768	 
0.1238257198568069	 0.9899727675756034	 0.0679787508023164	 0.12977208952225527	 
-0.2324405932571403	 -0.03766279332686028	 0.971881106208515	 0.6286927301918507	 
0.0	 0.0	 0.0	 1.0	 
10	 11	  37
0.9856482871780653	 -0.01466880573250379	 -0.16817336329314542	 0.10504670714534754	 
0.0008505332422203511	 0.9966364056364405	 -0.08194602829472651	 -0.09393160809988939	 
0.1688097466858773	 0.08062692539380535	 0.9823454424617606	 0.402582376562682	 
0.0	 0.0	 0.0	 1.0	 
10	 51	  37
0.9931157206450176	 0.007974091120633067	 -0.11686564627180816	 0.8921900674035267	 
-0.01593201344111153	 0.9976042529935765	 -0.06731957632695348	 0.22515415345381867	 
0.11604885331376565	 0.06871803460466641	 0.9908635099571645	 -0.5366714272179693	 
0.0	 0.0	 0.0	 1.0	 
10	 52	  37
0.9935828086706718	 -0.07351062701924246	 0.08596156134772509	 0.1607396130483391	 
0.07962033277926633	 0.9943681386154662	 -0.0699471766015823	 0.16412077281119222	 
-0.0803355769396085	 0.07634260030711452	 0.9938400286042662	 -0.29531937795562185	 
0.0	 0.0	 0.0	 1.0	 
10	 53	  37
0.9846597311836369	 -0.05170486753520443	 0.1666487937506134	 -0.16077482560814568	 
0.06548219117566448	 0.9947797319043379	 -0.07826472788662106	 0.018711266929906496	 
-0.1617321749813597	 0.0879766540935723	 0.9829052914245087	 0.03880414961781237	 
0.0	 0.0	 0.0	 1.0	 
10	 54	  37
0.9981212964683533	 0.007914202759253738	 -0.0607555999971793	 -0.0653285878604133	 
-0.02076218595396382	 0.9766413139750008	 -0.2138706980200775	 -0.17372709864659752	 
0.05764381294419086	 0.21473031744927773	 0.9749708106386501	 0.36115414110751415	 
0.0	 0.0	 0.0	 1.0	 
11	 12	  37
0.9387063747529066	 0.09897116438420304	 -0.330204558749105	 0.08395938419546294	 
-0.1742328746890809	 0.9627559646265399	 -0.20674587771851619	 -0.12493221796334142	 
0.29744452823314055	 0.2516061628745521	 0.9209891918083023	 0.1573408816965981	 
0.0	 0.0	 0.0	 1.0	 
11	 52	  37
0.965466208073318	 -0.04848915699361553	 0.255976176083981	 -0.07270172007358962	 
0.038235600909466996	 0.9982601528748405	 0.044885476553026604	 0.06430488171624199	 
-0.2577072755892247	 -0.033548007934135926	 0.9656404565220071	 -0.6893738438932762	 
0.0	 0.0	 0.0	 1.0	 
11	 53	  37
0.9343807800242816	 -0.017161864740190394	 0.35586237272273424	 -0.4046023879141121	 
0.016678548288973857	 0.999851105354724	 0.004426414791908977	 0.0625837508672761	 
-0.35588535225292317	 0.001799310861710131	 0.9345278907192849	 -0.32088639289495696	 
0.0	 0.0	 0.0	 1.0	 
11	 54	  37
0.9920214949866715	 0.05074126569926846	 0.11540657450788973	 -0.23346088853304653	 
-0.03499095548388906	 0.9902790627001511	 -0.1346217330598358	 -0.07101011785372252	 
-0.12111559155919292	 0.12950946657656132	 0.9841536016030831	 -0.0008160837106380148	 
0.0	 0.0	 0.0	 1.0	 
11	 55	  37
0.9945620219914595	 0.020152269148849884	 -0.10217764168550464	 -0.17353089129789415	 
-0.02806239550811993	 0.9966685309846458	 -0.0765789873480555	 -0.0675996615027995	 
0.1002939996739832	 0.07902990189200608	 0.9918141903785886	 -0.02377631133341955	 
0.0	 0.0	 0.0	 1.0	 
12	 52	  37
0.8552989681033024	 -0.10128910889297786	 0.5081379651050425	 -0.38136723835952235	 
0.0035320055947431124	 0.9818230862394698	 0.18976551916426254	 0.24918833098043874	 
-0.5181227654696381	 -0.1605115065871286	 0.8401100262199142	 -0.862875329894238	 
0.0	 0.0	 0.0	 1.0	 
12	 54	  37
0.91939364850911	 -0.07060689669664766	 0.38694959002430235	 -0.2805597887930168	 
0.025414121977914438	 0.9923644832719128	 0.12069322576084994	 -0.014063397709285276	 
-0.3925168040800272	 -0.10113060110241975	 0.9141680152113528	 -0.09903255549072236	 
0.0	 0.0	 0.0	 1.0	 
12	 55	  37
0.9713225612204518	 -0.0662144911141767	 0.22835963572976956	 -0.3470601487361888	 
0.03629135716145677	 0.9904741257522529	 0.13283050707834784	 0.060500332853991735	 
-0.23497961498717715	 -0.12073378724202291	 0.9644728783945541	 -0.12229175192325553	 
0.0	 0.0	 0.0	 1.0	 
12	 56	  37
0.9523482009499722	 0.07056207551485205	 -0.29673877004258853	 -0.20565198392768508	 
0.06976263160451227	 0.8966929056261087	 0.43712127405494816	 0.034339502431995045	 
0.2969277342704199	 -0.4369929364404465	 0.8490412793982351	 -0.016547436027955952	 
0.0	 0.0	 0.0	 1.0	 
13	 14	  37
0.9763492915985912	 0.02472768501757741	 -0.21478035847954388	 0.11887378237074046	 
-0.050441709258655355	 0.9920746580071973	 -0.11508043668220955	 -0.037772399047248134	 
0.2102324778952935	 0.12319259122842692	 0.9698586962565372	 0.08929499822994862	 
0.0	 0.0	 0.0	 1.0	 
13	 15	  37
0.7888786228264796	 0.2738822186908093	 -0.5501445707560852	 0.33499176158093824	 
-0.15790539302312626	 0.9554803601255922	 0.24924519708207277	 -0.12904757578421738	 
0.5939161601620299	 -0.10975341315544104	 0.7970055100180432	 0.2957068540052579	 
0.0	 0.0	 0.0	 1.0	 
13	 54	  37
-0.6200130066769433	 -0.1967140261601616	 0.759531081301665	 -1.7136928712857478	 
0.052155466709733825	 -0.976251531891264	 -0.21026828998270322	 1.2362387688591447	 
0.7828561035360887	 -0.09075537665515808	 0.6155483594036082	 1.7212529059906487	 
0.0	 0.0	 0.0	 1.0	 
13	 55	  37
-0.47096999278873064	 -0.21481705227360934	 0.8555938872765869	 -1.8272045749852592	 
0.31466899398798237	 0.8651832920788014	 0.3904373129329204	 -0.9776992911873295	 
-0.8241181287383349	 0.45311312622805944	 -0.33987910310088276	 2.621009426404218	 
0.0	 0.0	 0.0	 1.0	 
13	 56	  37
0.962822066488528	 -0.09857664037573569	 0.25150807990001933	 -0.5514668183873668	 
0.049489529259409526	 0.9796510792132872	 0.19451105235930216	 0.10077638088370684	 
-0.26556440796244446	 -0.17483251690825186	 0.9481081880540236	 0.061632169119420474	 
0.0	 0.0	 0.0	 1.0	 
13	 57	  37
0.9575344934744905	 -0.0702997242616605	 -0.2796169568808109	 -0.25704555049628414	 
0.12429533403198244	 0.9757205834939721	 0.18033306098455884	 0.004635563385305972	 
0.260150655860078	 -0.20743020926306083	 0.9430240423979946	 0.23856881556747989	 
0.0	 0.0	 0.0	 1.0	 
14	 15	  37
0.9129160551345171	 0.11686227119487502	 -0.3910594403013508	 0.2804366168495048	 
-0.018656377752187377	 0.9690795473107408	 0.2460422129496816	 0.06569126675424433	 
0.4077207571939381	 -0.2173201338007692	 0.8868685041188554	 0.15864303958183007	 
0.0	 0.0	 0.0	 1.0	 
14	 18	  37
0.6395234912328877	 0.12667323255122337	 -0.7582635401470406	 0.5489618841566476	 
0.05313303328358301	 0.9766898424078421	 0.20797555748556226	 0.11080463956681	 
0.7669332336881641	 -0.17329409653063313	 0.6178855647870783	 0.03059926235624726	 
0.0	 0.0	 0.0	 1.0	 
14	 56	  37
0.8536197893905888	 -0.3995469806326468	 0.3342087153682596	 -0.5333340237485069	 
0.32255154063155533	 0.9092375932260541	 0.2631492023561958	 0.19685931347446833	 
-0.4090155972539152	 -0.11682983065907217	 0.9050176969933764	 -0.004416464118747632	 
0.0	 0.0	 0.0	 1.0	 
14	 57	  37
0.999222063275466	 -0.0342932191357374	 -0.019474172250135115	 -0.485334382217163	 
0.03943198078655112	 0.876578528988589	 0.4796407003241586	 -0.1502008955496493	 
0.0006222176216589371	 -0.480035475394797	 0.8772488559170207	 0.45090129816057173	 
0.0	 0.0	 0.0	 1.0	 
15	 18	  37
0.7886217539596743	 0.2097032699292088	 -0.5780140722876589	 0.43507278672980704	 
-0.22095742102656563	 0.9739033857265361	 0.05186533875024106	 -0.08110455355830337	 
0.5738061931304458	 0.0868143643148163	 0.8143768899433229	 0.01694335905851397	 
0.0	 0.0	 0.0	 1.0	 
15	 56	  37
0.820042230872745	 0.5536530152821771	 -0.1449105871018561	 -0.7506233259231199	 
-0.5577031415123754	 0.8299089253780394	 0.014777737482292762	 0.23314870508367896	 
0.1284443285337219	 0.06869872085287676	 0.9893343925188793	 -0.17365780583488213	 
0.0	 0.0	 0.0	 1.0	 
15	 57	  37
0.9723828484522318	 -0.09972989893235047	 0.2110107658269303	 -0.44238556529708883	 
0.0926408410748313	 0.9947600854612624	 0.043244039335498856	 -0.012723608538938608	 
-0.21421781111959864	 -0.022501547325582023	 0.9765267071448086	 0.271778423141911	 
0.0	 0.0	 0.0	 1.0	 
15	 62	  37
0.38872650576249335	 0.46250355897601764	 -0.7968576796719723	 0.919046742137611	 
-0.2600593276688378	 0.8847884977887485	 0.38667616977667857	 -0.9422404741265705	 
0.8838896140413208	 0.05691899608433052	 0.4642191056760128	 2.0767224147574934	 
0.0	 0.0	 0.0	 1.0	 
16	 17	  37
0.9934333586684411	 -0.04347613537389676	 -0.10582999356368693	 0.18448245699232882	 
0.03130100918042068	 0.9929759548329153	 -0.1141008323718406	 0.03010491922176994	 
0.11004730214333584	 0.11003898752992163	 0.9878162847991331	 -0.18477349274276916	 
0.0	 0.0	 0.0	 1.0	 
16	 61	  37
0.31814441612586175	 0.9057583398990383	 -0.27997492779045885	 -0.45504302344464265	 
