0	 1	  37
0.8288257718184915	 -0.2777640938749244	 0.48569017709165635	 -0.26515766253346496	 
0.20810622470463827	 0.958831454337471	 0.19322018893550597	 0.11677732079641269	 
-0.5193646495562295	 -0.05907072309471397	 0.8525086571199163	 -0.025499754914157968	 
0.0	 0.0	 0.0	 1.0	 
0	 14	  37
0.9538140881853009	 0.1046346869170642	 -0.2815852756679772	 0.6841997510961856	 
-0.08417850196308035	 0.9929188339892809	 0.08382224595307294	 -0.1027891106035566	 
0.28836203804678334	 -0.05624741241278274	 0.9558679634815528	 0.1330408703656518	 
0.0	 0.0	 0.0	 1.0	 
0	 24	  37
0.5241382719678778	 -0.34951936875590806	 0.7766049721209597	 -1.3079269262362323	 
0.28744921572317866	 0.930992757997043	 0.22500096208058262	 -0.28610160355220793	 
-0.8016557991049866	 0.1053028747068651	 0.5884380038201259	 1.0681518527153964	 
0.0	 0.0	 0.0	 1.0	 
0	 25	  37
0.5984092505913252	 -0.42661016721725353	 0.6781667450071526	 -1.2230061366837295	 
0.3478820791560036	 0.9008457636830021	 0.25972094458569456	 -0.1499315377011559	 
-0.7217232349099101	 0.08050264145515125	 0.6874844703045436	 0.37782452227983965	 
0.0	 0.0	 0.0	 1.0	 
0	 26	  37
0.8220311363066991	 -0.32751809105005164	 0.4658290576780801	 -1.8571872788816015	 
0.24300170720738856	 0.9415785788301974	 0.23319509039086045	 -0.08335042836246011	 
-0.5149902729533945	 -0.07849636885255921	 0.8535943643443016	 -0.014689417693321168	 
0.0	 0.0	 0.0	 1.0	 
1	 2	  37
0.6725955638992132	 -0.040181332516467584	 0.7389185800481002	 -0.5474993067060479	 
0.3901627149287134	 0.8677183528670737	 -0.30795765289583044	 -0.252722240048982	 
-0.6287990643302163	 0.4954294305093853	 0.599300772636404	 -0.08552296432555499	 
0.0	 0.0	 0.0	 1.0	 
1	 14	  37
0.5988364523578256	 0.3157136911102448	 -0.7360161469513002	 0.7007011522738896	 
-0.43252046387084037	 0.9009615092088421	 0.03456019758448078	 -0.35480089664800457	 
0.6740333461042162	 0.2976461391815298	 0.676081226014954	 0.5605044797414169	 
0.0	 0.0	 0.0	 1.0	 
1	 15	  37
0.9042030861829156	 -0.25895489559971574	 0.3396456108684913	 0.09034960253583868	 
0.26910079361097344	 0.9629479197459344	 0.017778265801867654	 -0.2973671356992024	 
-0.3316648034013176	 0.07532374062616597	 0.9403854487830229	 0.47365613925997857	 
0.0	 0.0	 0.0	 1.0	 
1	 16	  37
0.5261693053600726	 -0.30776463510789553	 0.7927337456383464	 -0.6069849981222721	 
0.4301628166825398	 0.9004743956416749	 0.06407662551589206	 -0.1648267695956766	 
-0.7335569597792951	 0.3072894273655765	 0.6061908895625975	 0.08387045329851278	 
0.0	 0.0	 0.0	 1.0	 
1	 23	  37
0.5541022967413858	 -0.3093221202095731	 0.7728456965623701	 -1.4134352556365892	 
0.5198136593622197	 0.8537171129060809	 -0.030997591386487555	 0.5217319147747812	 
-0.6502033561020573	 0.4189115862331336	 0.6338364762565032	 0.01898470072340855	 
0.0	 0.0	 0.0	 1.0	 
1	 24	  37
0.9108882301205397	 -0.15939989102517768	 0.38062357647554196	 -1.524975861610171	 
0.19395945284748362	 0.9795242731891555	 -0.05396229131866464	 -0.1454102375306007	 
-0.3642284487501984	 0.12297915666655604	 0.9231542472125701	 0.33501210340373083	 
0.0	 0.0	 0.0	 1.0	 
1	 25	  37
0.961417628348786	 -0.17135330376134802	 0.21520731676749713	 -0.9459303388169281	 
0.19834091039678656	 0.9738670478044459	 -0.11065196095698611	 0.266314850444272	 
-0.19062273516862765	 0.14906716100712275	 0.9702793176947073	 -0.21077936491351582	 
0.0	 0.0	 0.0	 1.0	 
2	 15	  37
0.9405524232118117	 0.1634631073798549	 -0.2977263033662134	 -0.04994120272006654	 
0.021983985983236896	 0.8454348067741971	 0.5336259849885159	 0.08907712825946015	 
0.3389363414428693	 -0.5084484241497825	 0.7915821855176662	 0.8755039507406096	 
0.0	 0.0	 0.0	 1.0	 
2	 16	  37
0.9725978463170958	 -0.013488758096399493	 0.23210231094145242	 -0.22502904029096144	 
-0.0641499932222003	 0.943991577762461	 0.32367372380706266	 0.12846165576462149	 
-0.22346858327052954	 -0.3296937283579349	 0.917258871732787	 0.049552060652392454	 
0.0	 0.0	 0.0	 1.0	 
2	 23	  37
0.8394530845609568	 -0.3986638470276048	 0.36930428631989193	 -1.2729725132962353	 
0.3606869075993052	 0.9170471220044994	 0.17008683285226825	 1.1412481097666671	 
-0.4064769040272088	 -0.009576695485150534	 0.9136108654104541	 -0.4710309896268275	 
0.0	 0.0	 0.0	 1.0	 
3	 4	  37
0.9602422639340565	 0.06384288274584515	 0.27176990428945064	 -0.009013284061512437	 
0.13904921135643306	 0.734771032917828	 -0.6639102695440262	 0.31192362525229383	 
-0.24207459878300136	 0.675304091137887	 0.6966808976256496	 -0.4971760307887898	 
0.0	 0.0	 0.0	 1.0	 
3	 12	  37
0.8113901675089238	 0.3355943144279992	 -0.4785629030685958	 -0.05368127974495976	 
-0.39068024640721805	 0.9203699385344278	 -0.016974136482566498	 -0.09057793281905198	 
0.4347584859862265	 0.20073772033610174	 0.8778891880512192	 -0.07610689184821062	 
0.0	 0.0	 0.0	 1.0	 
3	 16	  37
0.7924265981149903	 0.2949041135905511	 -0.5339397441540327	 0.057311153919522656	 
-0.3772935006642417	 0.9247875080762787	 -0.0491699019989742	 -0.0915530618219565	 
0.4792803990947518	 0.24041553338633911	 0.8440916243809892	 0.06312742424301883	 
0.0	 0.0	 0.0	 1.0	 
3	 17	  37
0.9632425632097031	 -0.06398134049311797	 0.26090257279280304	 -0.26576946915956967	 
0.0955847043060574	 0.989292493203679	 -0.11029019536465154	 0.38358009187057124	 
-0.25105244217876815	 0.13117450575303524	 0.9590442744297698	 -0.5867058278412561	 
0.0	 0.0	 0.0	 1.0	 
4	 17	  37
0.9981098998133083	 0.05017626462753199	 -0.03548197236194913	 -0.10418893651780527	 
-0.021138221815180443	 0.8224532743151067	 0.568439783219693	 -0.030013857611148997	 
0.05770444933589132	 -0.5666153492770799	 0.821959392239333	 -0.15743453943911973	 
0.0	 0.0	 0.0	 1.0	 
5	 6	  37
0.8659352394923806	 0.03139641818157276	 0.4991697365933157	 -0.09027195863133052	 
0.2724278327156624	 0.8073786133557459	 -0.5233763948226924	 0.08342916500358762	 
-0.4194511139180815	 0.5891977932928122	 0.690584334756994	 -0.06906642974908099	 
0.0	 0.0	 0.0	 1.0	 
5	 11	  37
0.6808497615812165	 -0.0851697394893296	 0.727454271848149	 -1.7472964381288785	 
0.42932923289499	 0.8510960790705322	 -0.30217854651276205	 0.651079456017038	 
-0.5933970103873124	 0.5180555758469216	 0.6160344214386998	 -0.26832415214400884	 
0.0	 0.0	 0.0	 1.0	 
5	 13	  37
0.6086874284900475	 -0.32409328583393776	 0.7241982853304294	 -1.5845283895663422	 
0.49545064473947037	 0.8681881101428587	 -0.027893799200078954	 0.3565856427073448	 
-0.6197001476725791	 0.37578311229209393	 0.6890274156306486	 -0.09365532410391597	 
0.0	 0.0	 0.0	 1.0	 
5	 17	  37
0.557117411974232	 0.44141621615528115	 -0.7034002512014675	 0.29679848981502327	 
-0.4481076026686921	 0.8729236200372625	 0.1928832030311573	 -0.03431490162575746	 
0.6991564672558295	 0.20774040939642688	 0.6841229104467658	 -0.03551026760977635	 
0.0	 0.0	 0.0	 1.0	 
5	 18	  37
0.8718954395629434	 -0.22625705064420643	 0.43428802597254024	 0.02480645501110022	 
0.2621519198618841	 0.9647356518842553	 -0.023695841326857415	 0.15999494025657857	 
-0.4136117906709973	 0.13450973577122327	 0.9004623354703326	 -0.2311172421232589	 
0.0	 0.0	 0.0	 1.0	 
5	 22	  37
0.9774284664442975	 -0.10784840522486629	 0.18166539151638714	 0.2785935927400559	 
0.12173957892428701	 0.9902911578390291	 -0.06710363350201218	 0.5370748359653638	 
-0.1726646110460573	 0.0877048698550325	 0.9810681871796811	 -0.6145465914019278	 
0.0	 0.0	 0.0	 1.0	 
5	 32	  37
-0.2711503847131428	 0.7726179763483283	 -0.5740548157565872	 1.822849739967918	 
-0.32003128538561815	 0.4901015841878092	 0.8107899934946344	 -0.8898695430716952	 
0.9077760986302428	 0.40356151922602124	 0.11437069098174565	 1.0759130118184128	 
0.0	 0.0	 0.0	 1.0	 
6	 18	  37
0.9952107466677059	 0.09017416132825737	 0.03773844652145295	 0.11116551248661223	 
-0.09631309212633472	 0.8385263757097996	 0.5362809949308771	 -0.10986757250610303	 
0.01671400616762334	 -0.5373473158653839	 0.8431954127781389	 -0.10310103042806654	 
0.0	 0.0	 0.0	 1.0	 
7	 8	  37
0.6706534920949468	 0.10398101191997954	 0.734446623452617	 -0.5836755495239279	 
0.3877479956071254	 0.7949359873899232	 -0.46661361730565115	 0.3111617511004723	 
-0.6323570079025846	 0.5977162580292632	 0.4928081669818238	 -0.0391774548649202	 
0.0	 0.0	 0.0	 1.0	 
7	 19	  37
0.33400163588302906	 -0.6962537670872181	 -0.6353531294046788	 2.6097506166749658	 
0.7227967141168831	 -0.24345213122270437	 0.6467580458447815	 -1.7347137332427789	 
-0.6049857992459806	 -0.6752493995702483	 0.4219365249545498	 1.8144876842539361	 
0.0	 0.0	 0.0	 1.0	 
8	 9	  37
0.9634238262130501	 -0.17936838848272052	 0.1991017636740522	 0.4413252419231039	 
0.1045729946527836	 0.9356984784578405	 0.3369463550790116	 -0.061696871193536104	 
-0.24673674204373242	 -0.30380147897071613	 0.9202312978272635	 0.20022387340523368	 
0.0	 0.0	 0.0	 1.0	 
9	 10	  37
0.8288367735047767	 0.2633544044404687	 -0.49363352858977955	 1.0841240912015762	 
-0.3073519796356666	 0.9515588106162061	 -0.008401818416728298	 -0.16084924471730677	 
0.46750867745981717	 0.1586829782947024	 0.8696294319417296	 -0.029152796318743856	 
0.0	 0.0	 0.0	 1.0	 
9	 25	  37
0.2513551748535451	 -0.30193819675077666	 0.9195944222412578	 -0.9253210474437747	 
0.4408509330246483	 0.88153756339477	 0.16894371599828284	 -0.16177765847579587	 
-0.8616675872548762	 0.36293918177416473	 0.3546887641404208	 0.7448183313549392	 
0.0	 0.0	 0.0	 1.0	 
9	 26	  37
-0.16559984005362996	 -0.7029266209697237	 0.6917158799003379	 -2.006891940353776	 
0.7405377104691284	 0.3745789030715728	 0.5579377606389785	 -1.020761745300478	 
-0.6512914803276284	 0.6046360979182301	 0.45851346408460386	 1.153912736022594	 
0.0	 0.0	 0.0	 1.0	 
10	 26	  37
-0.6249122293069869	 -0.3888495180232837	 0.6769643698124972	 -1.8951805906775137	 
0.5946404165577316	 0.324780712293517	 0.7354728165732325	 -1.284280101771125	 
-0.505853220468763	 0.8621563322595132	 0.028266200420385735	 2.6151569870106175	 
0.0	 0.0	 0.0	 1.0	 
10	 29	  37
0.7403492276384362	 0.21137921484007807	 -0.6381236938625308	 1.1846318820791037	 
-0.12298001338618798	 0.9758437361025017	 0.1805683222966945	 -0.3775322916304086	 
0.6608773997064072	 -0.05520715753506831	 0.7484605749898885	 1.3200966930283982	 
0.0	 0.0	 0.0	 1.0	 
11	 13	  37
0.9910306064351422	 -0.08283867159947882	 0.10486225057869174	 -0.240589959978085	 
0.05531770761381625	 0.9686035832207889	 0.24237790698865383	 -0.06809310623584555	 
-0.12164821549511937	 -0.23440318483220737	 0.9644982418892071	 0.2631765542179409	 
0.0	 0.0	 0.0	 1.0	 
12	 16	  37
0.20320579938899863	 0.5321909283396389	 -0.8218760362047741	 1.5130310996970469	 
-0.47615824818671804	 0.7871609216851541	 0.3919834257408524	 -0.2093866019517225	 
0.8555587214086671	 0.31168974825100004	 0.4133627644778783	 0.4733337668452487	 
0.0	 0.0	 0.0	 1.0	 
12	 17	  37
0.9203464388754444	 0.18817000757896168	 -0.34286218907459076	 1.7316104217698267	 
-0.10180067672645353	 0.9616911520017929	 0.2545324151841954	 -0.1322108046015809	 
0.3776229000833013	 -0.19935439902143384	 0.9042448611540345	 -0.2506673098408912	 
0.0	 0.0	 0.0	 1.0	 
13	 18	  37
0.834683852695164	 0.267206776899684	 -0.48156349989262986	 1.2885798448867112	 
-0.2631675800828929	 0.9616367686212471	 0.07744385081463451	 -0.6872079244848708	 
0.4837826896895657	 0.06209076915748332	 0.8729828437845503	 1.3447733461171791	 
0.0	 0.0	 0.0	 1.0	 
13	 22	  37
0.7644158574194995	 0.4168610746476171	 -0.491828467424614	 1.5009969992675594	 
-0.3337436708516827	 0.908539375456465	 0.2513391442088161	 -0.7532366662091388	 
0.5516190343815688	 -0.02798298927581755	 0.8336266509770043	 0.9522131918617633	 
0.0	 0.0	 0.0	 1.0	 
13	 27	  37
0.9495278787913861	 -0.2391090329983894	 0.203036148841788	 -1.1180996138840311	 
0.2223351021504772	 0.9696100020168757	 0.10209577043428607	 -0.41384847188791346	 
-0.2212779016297524	 -0.051800717441061225	 0.9738340597467948	 1.1399251612581416	 
0.0	 0.0	 0.0	 1.0	 
13	 29	  37
-0.9532831295191827	 -0.14042190651157843	 0.2674564696277993	 -0.3207617465201674	 
-0.11323022140767555	 -0.6547308479817294	 -0.7473328800883134	 1.5503550831851427	 
0.2800539089783987	 -0.7427039819960428	 0.6082438681919773	 1.0400158984572598	 
0.0	 0.0	 0.0	 1.0	 
13	 32	  37
-0.2369552560810524	 0.2796598603324698	 0.9303991450632272	 -1.9490769425794265	 
-0.861301372655823	 0.38258027408637474	 -0.3343535244934429	 1.8981340961530686	 
-0.44945761988952443	 -0.880580885778709	 0.15021701476339586	 2.366002266479243	 
0.0	 0.0	 0.0	 1.0	 
14	 15	  37
0.03526641534969638	 -0.4786917049496603	 0.877274490430886	 -0.7455049604448084	 
0.5712597668353065	 0.7299266931936943	 0.37532559379636116	 -0.1581999583568267	 
-0.820011316229023	 0.48791523257191616	 0.29919920969253727	 0.7735148535873583	 
0.0	 0.0	 0.0	 1.0	 
14	 23	  37
-0.665356704181944	 -0.17352254052682678	 0.7260787726750147	 -1.4064663357526281	 
0.43345698850227005	 0.7020682846480313	 0.5649912944549791	 -0.5875899075972059	 
-0.6077956032406643	 0.6906446637891916	 -0.3919112821300639	 1.9949712914612474	 
0.0	 0.0	 0.0	 1.0	 
14	 24	  37
0.21756037823520755	 -0.33062461339989674	 0.9183435342159928	 -1.6847613680510003	 
0.4008292290219347	 0.8881460751506233	 0.2247943023215292	 -0.3844328667679906	 
-0.8899457348534422	 0.31919259735888394	 0.3257494049226409	 1.5093941923267002	 
0.0	 0.0	 0.0	 1.0	 
14	 25	  37
0.4013267429844726	 -0.3170363342913604	 0.8593164772681664	 -1.7928231482331463	 
0.36951605180668984	 0.914490673933279	 0.16481715549739576	 -0.0343740794738579	 
-0.83808993122616	 0.2513856997288307	 0.4841595781859275	 0.7663256137151826	 
0.0	 0.0	 0.0	 1.0	 
14	 26	  37
0.6930433445511385	 -0.19791738024535535	 0.6931952345264545	 -2.5511101131027356	 
0.29511565061224965	 0.9552006320531659	 -0.02232723200355177	 0.41282771100781496	 
-0.657721578889639	 0.2200465021808964	 0.7204039571940678	 0.600257121625988	 
0.0	 0.0	 0.0	 1.0	 
15	 16	  37
0.8620543350101342	 -0.09825829460429042	 0.49719978985483476	 -0.3671841180656763	 
0.19128997947893725	 0.9715465547482944	 -0.13966186203709016	 0.3708931756709474	 
-0.4693298064700165	 0.21550545120292414	 0.8563217463434178	 -0.6110428521964257	 
0.0	 0.0	 0.0	 1.0	 
15	 23	  37
0.6368611240457888	 -0.22250987826769952	 0.7381715672880031	 -1.7605650283677594	 
0.41325257024838646	 0.9068082707508343	 -0.08319298817198542	 0.7351172424300642	 
-0.6508688207789929	 0.3580336774259857	 0.6694637137041775	 -0.38204001868750875	 
0.0	 0.0	 0.0	 1.0	 
16	 17	  37
0.6274984456061268	 -0.35819470470610487	 0.6913336779605076	 -0.659109086100826	 
0.23756323291553272	 0.9336383273879169	 0.2681103951714933	 0.03318345273133036	 
-0.7414913425850745	 -0.00400339266127238	 0.6709504912574286	 -0.4628394354356839	 
0.0	 0.0	 0.0	 1.0	 
16	 23	  37
0.9539346244635291	 -0.14904899429173102	 0.2603711380899337	 -1.0739892196269527	 
0.1731480837789658	 0.9822545612139776	 -0.07208132946891957	 0.6887573239400053	 
-0.2450070883327587	 0.11384363958938695	 0.962814183730041	 -0.5236761262135224	 
0.0	 0.0	 0.0	 1.0	 
18	 22	  37
0.9448763009266514	 0.1875631025621295	 -0.26838192656070625	 0.524569274871728	 
-0.17785511882660052	 0.9822093407140225	 0.060269127431047384	 0.1456185933180389	 
0.2749114996764303	 -0.00921377074775868	 0.9614253864831446	 -0.22092793409255437	 
0.0	 0.0	 0.0	 1.0	 
19	 21	  37
0.886956812806122	 -0.1257192733595857	 0.44441228214659245	 0.2663895044633114	 
0.07383491221919798	 0.9884606146142054	 0.13226495792193038	 -0.051950430532208325	 
-0.45591229195360355	 -0.08450016368294418	 0.886004347835363	 0.06956945176179372	 
0.0	 0.0	 0.0	 1.0	 
19	 31	  37
-0.06773876645648709	 0.12557160090301508	 0.9897692824924438	 -1.3695554482064924	 
0.23993873623651485	 0.9649829889203905	 -0.10600582034724954	 -0.14261926639645475	 
-0.9684218411271908	 0.23030328729942834	 -0.09549624854882646	 2.4065582125411775	 
0.0	 0.0	 0.0	 1.0	 
20	 21	  37
0.9749490875531435	 0.03717343477970174	 -0.21929982313255938	 0.0717575680303299	 
-0.1141071030329777	 0.929900763674471	 -0.34966289301991554	 0.014445764259633623	 
0.19092890225608578	 0.3659271860142598	 0.9108476540118946	 -0.16144917580079374	 
0.0	 0.0	 0.0	 1.0	 
20	 30	  37
0.5735868198523801	 -0.013247049309373253	 0.8190376522335389	 -2.292775249736124	 
0.49475443392141283	 0.8024909888301337	 -0.3335060163798188	 1.2538258461235996	 
-0.6528523647860477	 0.5965171653280642	 0.46685229062545663	 1.4887857263376165	 
0.0	 0.0	 0.0	 1.0	 
20	 31	  37
-0.3926172538710463	 0.9175428978767352	 -0.06298192215803952	 -0.006062267811396045	 
0.8699274514536717	 0.3482736880692837	 -0.34918715240675524	 0.12006615155749621	 
-0.2984592454089465	 -0.19188660389558762	 -0.9349340137546281	 4.17687370913705	 
0.0	 0.0	 0.0	 1.0	 
21	 30	  37
0.19058747395916945	 -0.5846300705542384	 0.7885962816128469	 -2.4294077238003577	 
0.41640829055201817	 0.7756147946415816	 0.47436887112524795	 0.08688185687692541	 
-0.8889772496129513	 0.23796926468945973	 0.39126727276089557	 1.3771169404953216	 
0.0	 0.0	 0.0	 1.0	 
21	 31	  37
-0.2826378400453289	 0.5947563379118843	 0.75258271963164	 -2.081247228631456	 
0.49946392457831973	 0.7610728660405645	 -0.413888729759127	 0.20891869647482997	 
-0.8189332325771949	 0.2589073021188199	 -0.5121673256761121	 2.840769953604721	 
0.0	 0.0	 0.0	 1.0	 
24	 25	  37
0.9889246617773498	 0.022614939323278464	 -0.14668530208564562	 0.705917193286323	 
-0.0193565830858532	 0.9995340043316165	 0.023602899738031258	 0.1212610626976478	 
0.14715072551568747	 -0.02050216340310312	 0.988901575120597	 -0.30122274443867414	 
0.0	 0.0	 0.0	 1.0	 
24	 26	  37
0.9069591655435943	 0.0985283438676558	 -0.40953295043398336	 0.6118172378627924	 
-0.0712640080925465	 0.994134336378876	 0.08135331820594148	 0.4791606760200278	 
0.4151463756159408	 -0.0445991781003714	 0.9086607728551506	 -1.0970784267005584	 
0.0	 0.0	 0.0	 1.0	 
25	 26	  37
0.9336795288524323	 0.16209123300245373	 -0.3193258047600349	 0.009902796306476504	 
-0.14502238631937445	 0.9864514102100295	 0.0766949982780996	 0.33595306054856816	 
0.32743097725800746	 -0.02529915963797886	 0.9445363453321841	 -0.7058907644281794	 
0.0	 0.0	 0.0	 1.0	 
25	 29	  37
0.9053977271045307	 -0.16841855840210382	 0.3897308621853113	 -0.60651530268064	 
0.1697908108675866	 0.9849859415523556	 0.031205375965467703	 0.5088095978762951	 
-0.38913498467611074	 0.03791944263799086	 0.9203999563076625	 -1.6431339450284799	 
0.0	 0.0	 0.0	 1.0	 
26	 29	  37
0.8280287198882096	 -0.23053399634722216	 0.5110993206495894	 -0.2752189705824262	 
0.29361289176752464	 0.9548654182000049	 -0.04498336263157101	 0.359550853021314	 
-0.47766087219721615	 0.18731286569242958	 0.8583437432159009	 -0.751574848446131	 
0.0	 0.0	 0.0	 1.0	 
27	 28	  37
0.9441740193124778	 0.020071270362561375	 0.32883516442338445	 -0.06907539653112271	 
0.11720796878639915	 0.9123717993388029	 -0.39222441513021933	 0.07807718291718681	 
-0.30789237292971033	 0.40887020419359155	 0.859085236058916	 -0.2913162812124482	 
0.0	 0.0	 0.0	 1.0	 
27	 29	  37
0.9124356704253158	 0.15376430731208668	 -0.37923302220710925	 0.5232296895608869	 
-0.20222547689471704	 0.9750836251327714	 -0.09119638420813546	 -0.13098547741631397	 
0.3557611612166338	 0.15990141273537284	 0.9207961415943401	 -0.07656243065069047	 
0.0	 0.0	 0.0	 1.0	 
27	 32	  37
0.9935989445772915	 0.030694064599962188	 -0.10871527828794249	 0.00416956355451385	 
-0.011831498168717178	 0.9853613158668679	 0.17006790656733992	 0.37229590756343195	 
0.11234390497919819	 -0.16769302785580317	 0.9794171202417169	 -0.5510042902590927	 
0.0	 0.0	 0.0	 1.0	 
28	 29	  37
0.7974657598834282	 0.31916837644623663	 -0.512035066465394	 0.04748610933619258	 
-0.16006329633994668	 0.9301359370992308	 0.3304949011427049	 -0.09756347064013905	 
0.5817457373959323	 -0.1816003468972713	 0.7928387042951753	 0.15646693630011776	 
0.0	 0.0	 0.0	 1.0	 
28	 32	  37
0.9189690215186292	 0.19372814804637248	 -0.3434608305813291	 0.09004140583413799	 
0.012492627818621276	 0.8562588268686997	 0.5163959291663957	 0.26209341893117444	 
0.39413179488500993	 -0.4788425900689725	 0.7844551626426833	 -0.3914693120192557	 
0.0	 0.0	 0.0	 1.0	 
29	 32	  37
0.963999321164386	 -0.2274343591436423	 0.1377640050068366	 -0.37765557116458137	 
0.17040463386147958	 0.9261241719508339	 0.3365357022470522	 0.15761500593717034	 
-0.20412635683110128	 -0.3009445636812574	 0.9315389417719253	 -0.24375400047770346	 
0.0	 0.0	 0.0	 1.0	 
30	 31	  37
0.9745897349448697	 0.029301837070103587	 -0.2220726252476996	 -0.04269595470465798	 
-0.172467307932153	 0.7307790504673772	 -0.6604672642096915	 0.05755880188199375	 
0.1429331180473023	 0.6819848838077831	 0.7172633700552119	 -0.2363393281486748	 
0.0	 0.0	 0.0	 1.0	 
33	 35	  37
0.9415701726606411	 -0.18539721327462905	 0.2812000769306642	 -0.13500987664406952	 
0.24579039511150966	 0.9490306054011819	 -0.19730177820484365	 -0.07560661174216494	 
-0.2302882793950603	 0.2548897473847612	 0.9391477652911682	 -0.0066015177947424675	 
0.0	 0.0	 0.0	 1.0	 
36	 37	  37
0.9413145177009683	 -0.13563251306539528	 0.3090805722865138	 -0.23028494199756583	 
0.1850096787593861	 0.9732282588187591	 -0.13637512603827426	 0.17322243963996684	 
-0.2823090461369286	 0.18555478338262157	 0.9412072167344901	 -0.21757135809818864	 
0.0	 0.0	 0.0	 1.0	 
38	 39	  37
0.7771091477996803	 0.45563091140834894	 -0.4341679916521392	 0.4959118904118589	 
-0.4147996103937145	 0.8896094229092087	 0.1911448610043352	 -0.27259272814216196	 
0.4733314437297371	 0.031552293741361585	 0.8803191450470572	 0.3144042006253739	 
0.0	 0.0	 0.0	 1.0	 
38	 40	  37
0.6639672324830501	 -0.026578224480034388	 -0.7472891757360646	 0.7993124194303902	 
-0.4048187745507565	 0.8274742287844958	 -0.38911201532299966	 -0.30788121491008413	 
0.6287044408623352	 0.5608743162964331	 0.5386564093733461	 0.10456369658994462	 
0.0	 0.0	 0.0	 1.0	 
38	 41	  37
0.9577019897502344	 -0.28592166323060736	 0.03249155773248342	 0.2480056323413457	 
0.2748145801034963	 0.9422507618896858	 0.19141694878156582	 -0.34882883454755265	 
-0.08534544739456817	 -0.17439123892486366	 0.9809708713286398	 0.5625713719680969	 
0.0	 0.0	 0.0	 1.0	 
38	 56	  37
0.2596044674199993	 0.21174130266579763	 -0.9422160799100007	 2.2064277813361737	 
-0.583275395342643	 0.8119827602660271	 0.021767182147582942	 -0.02334903614509709	 
0.7696722248356506	 0.5439205987790446	 0.33429784405584256	 -0.43999978430351344	 
0.0	 0.0	 0.0	 1.0	 
39	 40	  37
0.9968843397709797	 -0.03979922090862588	 -0.0681001845404653	 -0.00857507770227067	 
-0.020020242823698554	 0.7074275757511824	 -0.7065022398719523	 0.17211298929094254	 
0.0762941871747724	 0.705664401172308	 0.7044266817217171	 -0.29080966951663717	 
0.0	 0.0	 0.0	 1.0	 
39	 41	  37
0.5447725129444299	 -0.7035215250565287	 0.4563774456766548	 -0.10730287332731106	 
0.6732122990387259	 0.691398441863482	 0.2622086859959875	 -0.25243941188471125	 
-0.5000081094974402	 0.16439482464751093	 0.850274209926368	 0.32681542560726984	 
0.0	 0.0	 0.0	 1.0	 
39	 56	  37
0.8381566481401796	 0.12792926375399785	 -0.5302146137685946	 0.6727412639545934	 
-0.38554787033045373	 0.8265737426696314	 -0.4100349834011359	 0.990371532951752	 
0.3858060041809504	 0.5480966624642757	 0.7421211327899584	 -1.4046186347552791	 
0.0	 0.0	 0.0	 1.0	 
40	 56	  37
0.906102105550252	 0.13792513050723093	 -0.3999445370197771	 0.37794786380830303	 
-0.032263432888034876	 0.9651385933844563	 0.25974327028462857	 -0.27490627938791734	 
0.42182703234344743	 -0.22245034037833633	 0.8789640498051575	 -1.432750579191728	 
0.0	 0.0	 0.0	 1.0	 
41	 56	  37
0.37560432984041314	 0.4411490224785805	 -0.8150514875585028	 1.214130233045903	 
-0.7394540160389477	 0.6728006495392397	 0.02338897482683326	 0.3778232896404053	 
0.5586851936189177	 0.5939080955381657	 0.5789162534298226	 -1.2857963562125168	 
0.0	 0.0	 0.0	 1.0	 
42	 43	  37
0.7668286674708213	 -0.4480082729410762	 0.45963287754606696	 -0.1162235544672457	 
0.5155822317340434	 0.8564644864661305	 -0.025368203374492655	 -0.2427601460607367	 
-0.3822940714490178	 0.2564316103733327	 0.8877466260911794	 0.24939978123029763	 
0.0	 0.0	 0.0	 1.0	 
43	 44	  37
0.9289338783423927	 0.1481272778469895	 -0.3393230897321924	 -0.11147844851702998	 
-0.35974091297150323	 0.5778641397450301	 -0.732570482295844	 -0.2725521870878988	 
0.08756897397017961	 0.8025779373708058	 0.5900850186570009	 0.028430106119935947	 
0.0	 0.0	 0.0	 1.0	 
44	 48	  37
0.988510028255803	 -0.04740696050872128	 0.1435287571639752	 0.24081581877332559	 
0.04384374849028819	 0.9986490410615609	 0.02788939771929694	 -0.021620649019276985	 
-0.14465700728285213	 -0.02127611059731856	 0.9892530906506282	 0.41507783988522867	 
0.0	 0.0	 0.0	 1.0	 
45	 47	  37
0.6805016498442579	 -0.412549831285446	 0.6055742244065492	 -0.046601913184319006	 
0.4733260349911498	 0.8783732558505252	 0.06650479686537379	 -0.06222130941698476	 
-0.5593567458776197	 0.2413774225417484	 0.7930050256639627	 0.06980886235923421	 
0.0	 0.0	 0.0	 1.0	 
46	 47	  37
0.9456251937169138	 0.1818069373159265	 -0.2697021144738239	 -0.017345603937803638	 
-0.1672985375859635	 0.9829693168108388	 0.07604289269899187	 -0.043408570205549155	 
0.27893402863302064	 -0.026787305803965256	 0.9599365853629697	 0.08919097017205782	 
0.0	 0.0	 0.0	 1.0	 
46	 56	  37
0.7020033796677011	 0.11480539672038771	 0.702859143654688	 -0.9872960454120526	 
0.1986443590613641	 0.9161874721531812	 -0.3480530627399568	 0.19710652967154924	 
-0.6839091120523443	 0.38395343044884805	 0.620361257412434	 -0.6032801759042136	 
0.0	 0.0	 0.0	 1.0	 
49	 50	  37
-0.4690922876919586	 -0.1846813355308101	 0.863623314839566	 -2.1499248700999436	 
0.649793364512114	 0.5900846377642223	 0.4791332838685835	 -1.0064329317485063	 
-0.5980978256639556	 0.7859344276599811	 -0.15679944628354353	 2.0168239128516414	 
0.0	 0.0	 0.0	 1.0	 
49	 51	  37
0.7210022682192445	 0.2699681817507202	 -0.6381793713877897	 0.20610582699302454	 
-0.48782166855681003	 0.8518414521789879	 -0.190777776577991	 -0.29998775517303405	 
0.49212371301244323	 0.4488689354274838	 0.7458759480631095	 0.12665049688872218	 
0.0	 0.0	 0.0	 1.0	 
49	 52	  37
0.9676504798329888	 0.18035698889787505	 -0.17641968550781942	 0.18636115689986196	 
-0.23484743308062572	 0.8994223330595725	 -0.36862738635255526	 -0.2601755561174628	 
0.09219127970923859	 0.3981341775700333	 0.9126828280384186	 -0.011009415652890016	 
0.0	 0.0	 0.0	 1.0	 
49	 53	  37
0.43679643620650116	 0.7231260518109756	 -0.5350678335590464	 -0.008280904974351896	 
-0.5199494144160521	 0.6883375767462132	 0.5058102281365576	 -0.32319702998721794	 
0.7340718491848776	 0.05727210168504681	 0.6766523676178728	 0.4036265033663126	 
0.0	 0.0	 0.0	 1.0	 
49	 55	  37
0.19346180695390633	 0.8521462584767219	 -0.48622966118312216	 -0.005940676225934195	 
-0.6548024676976169	 0.4812090411181685	 0.5828135096608896	 -0.15186368084886528	 
0.7306204606683561	 0.20563222731434105	 0.6510830435071258	 0.226370134742671	 
0.0	 0.0	 0.0	 1.0	 
50	 51	  37
0.9519232665960463	 -0.10458734657637767	 0.28792982035423953	 0.021209492967443965	 
0.19780229316208692	 0.9275603048181914	 -0.31702702368316077	 -0.04404894331927279	 
-0.23391525673399732	 0.35873857871951287	 0.9036538523159029	 -0.11469341892817991	 
0.0	 0.0	 0.0	 1.0	 
50	 52	  37
-0.5602167997191221	 0.25781479206007746	 -0.7872030680246902	 0.8446783835874633	 
-0.3575514794862636	 0.7819775526268915	 0.5105566047999403	 -1.6036638715506986	 
0.747204173455723	 0.5674880088448365	 -0.34589490165030434	 2.4573795579987765	 
0.0	 0.0	 0.0	 1.0	 
50	 53	  37
0.999404358497397	 0.007511250322917788	 -0.03368247815991451	 0.05035954920047556	 
0.001413160301291499	 0.9662994347990229	 0.2574167929352149	 -0.055423532524269806	 
0.03448088157761547	 -0.2573110635508606	 0.9657132521509455	 0.21495781544373044	 
0.0	 0.0	 0.0	 1.0	 
50	 54	  37
0.9290590281427062	 0.12914707478715728	 -0.3466559610052144	 0.16613507734074381	 
-0.17817567717995736	 0.9774456287963802	 -0.11337314853311298	 -0.10575253737701366	 
0.32419554328829414	 0.16709600779422595	 0.931115553457915	 0.08283779819981753	 
0.0	 0.0	 0.0	 1.0	 
51	 52	  37
0.8988959667474893	 -0.002684597260980231	 0.4381538929447539	 -0.047676661335074984	 
0.02102480156440191	 0.9990936245840203	 -0.037011985014888414	 0.10301547650473487	 
-0.43765739875417853	 0.04248202270503534	 0.8981376726663982	 -0.1840710204943653	 
0.0	 0.0	 0.0	 1.0	 
51	 53	  37
0.9159404544799288	 0.17343095539232306	 -0.36190439007948993	 0.15002791574795452	 
0.07040855204050045	 0.8183640757732327	 0.5703708226087504	 0.0786187130699995	 
0.39508950839861817	 -0.5479068745649474	 0.7373617410456074	 0.36767345098537646	 
0.0	 0.0	 0.0	 1.0	 
51	 54	  37
0.769977592390389	 -0.12785235020478702	 0.6251306133631693	 -0.7565302672373617	 
0.0998929907078943	 0.9917927092686856	 0.07980358543895613	 0.16471426962592128	 
-0.6302030606273924	 0.0009991939714990657	 0.7764297160640331	 0.21810759190150197	 
0.0	 0.0	 0.0	 1.0	 
53	 54	  37
0.9233654319168401	 0.2250175892905631	 -0.3110681013072385	 0.11453393860629575	 
-0.33077003970643126	 0.8775904491958897	 -0.34702476037418606	 0.04728211342582358	 
0.19490371975319762	 0.42332267596954815	 0.884765761112142	 -0.14075886442108548	 
0.0	 0.0	 0.0	 1.0	 
53	 55	  37
0.9353735836977132	 0.31648890341355745	 -0.15783229370626922	 -0.0801780168827797	 
-0.3055441758741133	 0.9479140897561732	 0.09000908304795947	 0.07687153574194712	 
0.17809833101381592	 -0.035967380469111125	 0.9833551403395848	 -0.04205494467546409	 
0.0	 0.0	 0.0	 1.0	 
