0	 1	  37
0.993433578600919	 -0.04044080602471219	 0.1070246051907801	 0.01284625238200671	 
0.051059253611858084	 0.9938350285725275	 -0.09841183162020185	 -0.08954161822248098	 
-0.1023849477646538	 0.10323021452227257	 0.9893739663448369	 0.0011222893716671997	 
0.0	 0.0	 0.0	 1.0	 
0	 2	  37
0.9450589718359498	 -0.156929406186245	 0.28676942170742376	 0.10630942435639645	 
0.15199364835983684	 0.9875902411818368	 0.03954043981377472	 -0.05067856436928958	 
-0.2894157400879291	 0.00621908324700468	 0.9571832909077149	 -0.1847170306030149	 
0.0	 0.0	 0.0	 1.0	 
1	 2	  37
0.9767567203725537	 -0.11813281092071491	 0.17886013583530663	 0.13522940409859802	 
0.09524757396772786	 0.9867220037058347	 0.1315583028774923	 0.013842710753648475	 
-0.19202658373338846	 -0.11146446243854748	 0.9750392119053316	 -0.15714994044734343	 
0.0	 0.0	 0.0	 1.0	 
1	 34	  37
-0.1103379549103318	 -0.0643247062251709	 0.9918103991566389	 -2.635343308742297	 
-0.9932633817341343	 -0.028409540191597568	 -0.11234212269746988	 0.05211567055578704	 
0.03540325143651166	 -0.9975245511741293	 -0.06075672466958388	 2.3458041418380517	 
0.0	 0.0	 0.0	 1.0	 
1	 37	  37
0.6653825913381761	 -0.5486537680072674	 0.5062065289933761	 -1.6335810444800072	 
0.337959522554721	 0.8260292747609117	 0.4510642951426638	 -0.4407861882962808	 
-0.6656195371672013	 -0.12905301270946953	 0.7350482648451944	 0.19869931146194245	 
0.0	 0.0	 0.0	 1.0	 
1	 38	  37
-0.34057838724908485	 -0.5241322355356358	 0.7805714328690414	 -1.5577048357069263	 
0.1744378112265172	 0.7805664669560952	 0.6002394861038235	 -0.9628930374666543	 
-0.9238927492698029	 0.3405897683960816	 -0.1744155884965249	 2.1453161633149236	 
0.0	 0.0	 0.0	 1.0	 
1	 50	  37
-0.3694965398219385	 0.8649338256281018	 -0.33964950219888457	 1.593709780203069	 
-0.8749355098341838	 -0.44694680226795463	 -0.1863502336291733	 1.5844022788441736	 
-0.31298587937926586	 0.22831564385031855	 0.9219066146212437	 -0.0025807277606349275	 
0.0	 0.0	 0.0	 1.0	 
2	 34	  37
-0.9402726837858325	 -0.2983461176754679	 -0.1639416792465035	 -0.5215956608260938	 
-0.17846095694895045	 0.842101880793208	 -0.5089362525988954	 1.1324333561963031	 
0.28989475154105887	 -0.44928166714491896	 -0.845048529136896	 4.317110925588429	 
0.0	 0.0	 0.0	 1.0	 
2	 36	  37
0.42171546453269193	 -0.5571688766134568	 0.7153453081605228	 -1.670745798233654	 
0.40737771632991987	 0.8212477602468837	 0.39949407070355214	 -0.4598659418124748	 
-0.8100613947175817	 0.12294291042095208	 0.5733110652738452	 0.43228056530990405	 
0.0	 0.0	 0.0	 1.0	 
2	 37	  37
0.2919092022057613	 -0.632596163191546	 0.7173640024303771	 -2.103344664396655	 
0.3069421813486531	 0.7723188400660914	 0.5561565486334735	 -0.9941014233600525	 
-0.9058562330615858	 0.057842057313873395	 0.4196174226949734	 1.7380742985628381	 
0.0	 0.0	 0.0	 1.0	 
2	 38	  37
-0.06268396488957727	 -0.5363488138862523	 0.8416654147513317	 -2.2050653830171973	 
0.34599796004419814	 0.7793454288050254	 0.5224041675235405	 -1.0666341556370376	 
-0.9361389491902229	 0.3239608810389295	 0.1367231339807022	 1.6128174256739904	 
0.0	 0.0	 0.0	 1.0	 
3	 4	  37
0.7473536905002232	 0.1007850924979126	 -0.6567380196287447	 0.05084567030339103	 
-0.0772632271267353	 0.9949054559135404	 0.06475745152053611	 0.08590292369062442	 
0.6599188245759177	 0.0023449783920760194	 0.7513332456684456	 0.12154991038844101	 
0.0	 0.0	 0.0	 1.0	 
3	 6	  37
0.7175343603238573	 0.08931810705246059	 -0.6907725512114657	 0.15557639026841802	 
-0.08716152212708429	 0.995462408649672	 0.03817672099435808	 0.04077671192041859	 
0.6910479801107309	 0.03281567792925212	 0.7220635847810918	 0.18847502615389747	 
0.0	 0.0	 0.0	 1.0	 
3	 31	  37
-0.3615074997309611	 0.3697653679829222	 0.8559123204386783	 -2.308350934654484	 
-0.8414284214144487	 0.26605855265967704	 -0.4703307965598535	 0.92938587411781	 
-0.40163483324315563	 -0.8902170629667192	 0.2149489277215645	 1.095717531987462	 
0.0	 0.0	 0.0	 1.0	 
3	 47	  37
-0.6954194362454715	 0.1549940518213729	 -0.7016898542746818	 1.3655170727483192	 
-0.05545254821569209	 0.9619762167061622	 0.2674448978539061	 -0.19062115839689228	 
0.7164613196735863	 0.22489687056892016	 -0.6603821431715804	 5.024722435217646	 
0.0	 0.0	 0.0	 1.0	 
4	 6	  37
0.9956567277450338	 0.018221418885173337	 -0.09129983784137853	 0.24343845116629925	 
-0.022927155278414612	 0.9984476435522402	 -0.05076069971756909	 -0.005607027673296636	 
0.0902331759769679	 0.05263347773792646	 0.9945288789041374	 -0.04411024144695637	 
0.0	 0.0	 0.0	 1.0	 
4	 7	  37
0.9966026373341174	 -0.08215245873646386	 -0.005844380397756165	 0.5272159145721298	 
0.08231573280005228	 0.9958834132489177	 0.03795190837461684	 -0.1275512217685099	 
0.002702478912126423	 -0.03830405643320987	 0.9992624759633923	 0.49067165487849435	 
0.0	 0.0	 0.0	 1.0	 
6	 7	  37
0.9963676622085559	 -0.03356159190097432	 0.07826302609872311	 0.3486682418742635	 
0.024440210531871624	 0.9930969601678169	 0.11472185412814104	 -0.17103452118292822	 
-0.0815730213625483	 -0.11239238076717274	 0.9903099489206757	 0.5239692760413741	 
0.0	 0.0	 0.0	 1.0	 
8	 9	  37
0.9604787620251246	 0.08107584406318584	 -0.26628416251839915	 0.3657108122990337	 
-0.060864192103736704	 0.9946631751224827	 0.08331097271560377	 -0.08931762182909735	 
0.271617558008025	 -0.06381124951528981	 0.9602874708216569	 0.5863988127503516	 
0.0	 0.0	 0.0	 1.0	 
8	 10	  37
0.6692169426133884	 0.28516802751215803	 -0.6861689877894611	 0.5987905068082269	 
-0.2606799763673162	 0.9548378482606522	 0.14258553029708967	 -0.10840421051950909	 
0.6958409542706747	 0.08344986287461477	 0.7133312601771242	 0.6465135168749017	 
0.0	 0.0	 0.0	 1.0	 
8	 24	  37
-0.7587732286207588	 -0.341576401208597	 0.5546068424260678	 -1.6960342675508453	 
0.10969093685751062	 0.7722965076385396	 0.6257203869626086	 -1.2450117910556109	 
-0.6420522454596289	 0.5356152223627505	 -0.5485300790964432	 2.838679020113065	 
0.0	 0.0	 0.0	 1.0	 
8	 26	  37
-0.026780725079067428	 -0.3277845368216415	 0.9443728554892188	 -1.9945266753512412	 
0.28196674525055465	 0.9038741788293029	 0.3217238309769143	 -0.6460725990363305	 
-0.9590503361852536	 0.2748977378340443	 0.0682179331017635	 2.4925913920499165	 
0.0	 0.0	 0.0	 1.0	 
8	 28	  37
-0.06321850107172287	 -0.326927994013949	 0.9429323983469119	 -1.7017992276291702	 
0.1699148522407913	 0.9275020055589128	 0.3329699275793306	 -0.7840002071937336	 
-0.983428881063717	 0.18126807886169566	 -0.0030853647361926938	 3.1254515432001404	 
0.0	 0.0	 0.0	 1.0	 
8	 29	  37
-0.3565227757192707	 -0.44584162732549637	 0.8210461337447369	 -2.1056655706147827	 
0.2879753021089937	 0.7835677565626553	 0.5505377337209514	 -0.646129234662657	 
-0.888797916159045	 0.43272024937495196	 -0.1509683742120146	 2.515876956433469	 
0.0	 0.0	 0.0	 1.0	 
9	 10	  37
0.8737832363723591	 0.1585846569655019	 -0.459732272534548	 0.2159613913807247	 
-0.15688956347139213	 0.9867151130521836	 0.042177607188801015	 -0.03728274762589389	 
0.46031350263532583	 0.03527310943978376	 0.8870554024648335	 -0.010239039607262279	 
0.0	 0.0	 0.0	 1.0	 
9	 29	  37
0.9940399064661632	 -0.0668321244383873	 0.08612857537306479	 -0.04236517815215999	 
0.05363966993795934	 0.9876376807896076	 0.14729085950414872	 0.3830266388377743	 
-0.09490758748218538	 -0.14179308384958694	 0.9853361209306876	 -0.9962705766828615	 
0.0	 0.0	 0.0	 1.0	 
10	 11	  37
0.8765387506673081	 0.11831907726339036	 -0.4665623372435186	 0.2893249971824453	 
-0.12036691428104947	 0.9924010104662266	 0.025535081203547118	 -0.2021201323836257	 
0.4660382221718016	 0.03377618067741129	 0.8841196441058151	 0.7208891776620155	 
0.0	 0.0	 0.0	 1.0	 
11	 12	  37
0.9914379530503139	 0.058745683220674416	 -0.11661788007994027	 0.2269697368753135	 
-0.03973626436192735	 0.9864618801960292	 0.1591037027057341	 -0.27417842918303836	 
0.12438574896652041	 -0.1531074904211148	 0.9803500812622936	 0.8849376860647725	 
0.0	 0.0	 0.0	 1.0	 
11	 15	  37
0.32493577796903683	 0.41789112018769825	 -0.8484007024183368	 1.365002359194973	 
-0.3275818272147879	 0.8912787174178426	 0.3135480734379128	 -0.7148429753739909	 
0.8871904455494756	 0.17603766513526753	 0.4265018801593332	 2.2251767958043023	 
0.0	 0.0	 0.0	 1.0	 
11	 17	  37
0.38605041140086827	 0.5704696557988103	 -0.7249341016051093	 1.1107927427797502	 
-0.28342674507082394	 0.8211948701443231	 0.49528604404647436	 -1.0228277205321759	 
0.8778578244999458	 0.01426033174352785	 0.4787089751642286	 2.122765266099983	 
0.0	 0.0	 0.0	 1.0	 
12	 13	  37
0.9739577498601505	 0.16467119403402736	 -0.15585152980565015	 0.5167483871115889	 
-0.14920841798144074	 0.9830787937157012	 0.10626821420330035	 -0.23135169691170143	 
0.17071364764080632	 -0.08024639058481468	 0.9820475382115065	 0.4057901648767542	 
0.0	 0.0	 0.0	 1.0	 
12	 14	  37
0.8315607410907746	 0.2538152935730405	 -0.49404911762393944	 1.0352945936507227	 
-0.27149137591800493	 0.9617247893488585	 0.03711956834397162	 -0.42002339474344397	 
0.4845607977114022	 0.10326289895371667	 0.8686412418374828	 0.8066731439193272	 
0.0	 0.0	 0.0	 1.0	 
12	 15	  37
0.43071081237298275	 0.37312757856611145	 -0.8217444896185162	 1.3415599722187583	 
-0.40190670856520005	 0.8945598182023543	 0.19553447079238628	 -0.5960622301878231	 
0.8080589048548958	 0.24604581234225778	 0.5352590629905727	 1.1944916232824199	 
0.0	 0.0	 0.0	 1.0	 
12	 16	  37
0.6587502696709345	 0.34824145036004595	 -0.6669152678261326	 1.0929108214371424	 
-0.3225249080749055	 0.9315593449025595	 0.16785371784975897	 -0.9456701654171334	 
0.6797247721539533	 0.10452310355057681	 0.7259815114342865	 1.133006468511762	 
0.0	 0.0	 0.0	 1.0	 
12	 17	  37
0.49953390368633527	 0.5365527144746107	 -0.6801301814048673	 1.0634392395360603	 
-0.3676962724103966	 0.8421949304891255	 0.39434394925485633	 -0.9215366353109664	 
0.7843885072611597	 0.05309316009001268	 0.6179933543560693	 1.0202939877733237	 
0.0	 0.0	 0.0	 1.0	 
12	 18	  37
0.6611194719427916	 0.5378273890117533	 -0.5231278461780485	 0.9223335519484105	 
-0.3619749720186507	 0.8393712812223036	 0.40549965707917135	 -0.9939312833238483	 
0.657187312301585	 -0.07872453167868901	 0.7496047522940267	 1.232226731935121	 
0.0	 0.0	 0.0	 1.0	 
12	 21	  37
0.22901434176746985	 0.6925277331456274	 -0.6840743892947544	 0.5029804410311995	 
-0.5083950278197632	 0.684383872025263	 0.5226406139976604	 -1.1098052682080048	 
0.8301125989604998	 0.22808782198067368	 0.5088113781266665	 1.6783909332907245	 
0.0	 0.0	 0.0	 1.0	 
13	 14	  37
0.9424013573712853	 0.1409823812354122	 -0.30332103422933504	 0.5279351640448787	 
-0.17130470010586038	 0.9823085606036748	 -0.07566103016995412	 -0.2048638479437548	 
0.28728797633455155	 0.12326337633673005	 0.9498798654080786	 0.2610886302523887	 
0.0	 0.0	 0.0	 1.0	 
13	 15	  37
0.618928348082024	 0.33942568330716283	 -0.7083204821632103	 0.949885293875476	 
-0.4297448634548732	 0.9011910253037878	 0.056339047259071025	 -0.34534637753831027	 
0.6574549811771212	 0.2695272554369471	 0.7036391165235327	 0.5593230388160819	 
0.0	 0.0	 0.0	 1.0	 
13	 16	  37
0.823986368944076	 0.260125284575573	 -0.5033699435989742	 0.7246793319361872	 
-0.2724874345078524	 0.9608340796272188	 0.05048236783515906	 -0.7669908812854641	 
0.4967867367690952	 0.0955652015714545	 0.8625950558743776	 0.5153509159052347	 
0.0	 0.0	 0.0	 1.0	 
13	 17	  37
0.6848220739562941	 0.44044815569593	 -0.5805378102813404	 0.6794255504770303	 
-0.35487885092130494	 0.8973882785956627	 0.26221227775961686	 -0.6980408721014321	 
0.6364587403681199	 0.026451835156868206	 0.7708570374757302	 0.4250634544843658	 
0.0	 0.0	 0.0	 1.0	 
13	 18	  37
0.8112420848286781	 0.41533113997219745	 -0.41156569824538874	 0.6092370020020615	 
-0.33422504771628203	 0.9069359765632515	 0.25643859283327614	 -0.7584990214958264	 
0.47977067155242875	 -0.07047821354614946	 0.8745587025085708	 0.6529499488314109	 
0.0	 0.0	 0.0	 1.0	 
14	 15	  37
0.8566767027262487	 0.22924609341788174	 -0.4621160629741441	 0.4860383144971973	 
-0.23392992573855867	 0.9710647656166836	 0.04806257194291415	 -0.0630694422333574	 
0.45976278323722064	 0.06692869063753769	 0.8855160831512374	 0.16645378126131694	 
0.0	 0.0	 0.0	 1.0	 
14	 16	  37
0.9713394852081149	 0.09067317431003509	 -0.21972250666733759	 0.3215533895000353	 
-0.07780236134635286	 0.9947446461010985	 0.06655735588297378	 -0.4576654645275642	 
0.22460275386683898	 -0.0475548579405221	 0.9732893395294585	 0.22412538875674823	 
0.0	 0.0	 0.0	 1.0	 
14	 17	  37
0.8919221757718621	 0.25557751636431947	 -0.37303480467033306	 0.2832494293065942	 
-0.16266413460598422	 0.9510726734402384	 0.26268069808823874	 -0.44604814345570304	 
0.42191848937830906	 -0.1736113560925218	 0.889856103736128	 0.16208371439836275	 
0.0	 0.0	 0.0	 1.0	 
14	 18	  37
0.9684417664150936	 0.1833335879710993	 -0.1688470923186322	 0.2523025205462493	 
-0.12965596134411353	 0.9491406319337738	 0.2869170481172035	 -0.45998469956062105	 
0.2128611677848904	 -0.25597042081849825	 0.9429577227613403	 0.39214218502817977	 
0.0	 0.0	 0.0	 1.0	 
14	 20	  37
0.9857620826534287	 0.10935528023365804	 -0.12772838011887103	 0.36310776602028944	 
-0.09870428376169192	 0.9913107338730156	 0.08695109703294139	 -0.7632033875233007	 
0.13612707581471115	 -0.07310575622451836	 0.9879903681903863	 0.9074701446521496	 
0.0	 0.0	 0.0	 1.0	 
14	 21	  37
0.7005194432323398	 0.5106888526877978	 -0.4984670554749561	 0.20779509632637075	 
-0.35497497447191617	 0.8553072894549019	 0.37741516676462694	 -0.7206126415668223	 
0.619084224602852	 -0.08744333219708379	 0.780441148647453	 1.0287870659681744	 
0.0	 0.0	 0.0	 1.0	 
15	 16	  37
0.9554519009563722	 -0.17000415521543014	 0.2412680090031483	 -0.02575307106298803	 
0.16153615502302435	 0.9853549503699541	 0.054604875256722016	 -0.3793344571059596	 
-0.24701768272581812	 -0.013198825361091552	 0.968921078019182	 0.10240448056298179	 
0.0	 0.0	 0.0	 1.0	 
15	 17	  37
0.9966720771984009	 -0.07515630627046362	 0.03156422279741446	 -0.09660787817629962	 
0.0668858036167364	 0.9753360449951011	 0.21034706702936776	 -0.37403889264241097	 
-0.046594632819327436	 -0.2075358498214086	 0.9771170918735061	 0.06082446248333685	 
0.0	 0.0	 0.0	 1.0	 
15	 18	  37
0.9665917675993894	 -0.15493629263298211	 0.20419378059636337	 0.020584470310222713	 
0.08663176508079909	 0.9472259585129993	 0.3086388193311344	 -0.4328440515262653	 
-0.24123700397757	 -0.2806380742954857	 0.9290032180609753	 0.2861528687534485	 
0.0	 0.0	 0.0	 1.0	 
15	 21	  37
0.9578738822703461	 0.23206910585326948	 -0.1691790642272251	 0.31440814862840133	 
-0.1813800582715738	 0.9455831998656459	 0.2701364221893203	 -0.5952285194098531	 
0.22266319885813196	 -0.22807091493724113	 0.9478421586076207	 0.8371215090249104	 
0.0	 0.0	 0.0	 1.0	 
16	 17	  37
0.9779429858196034	 0.13139110342652274	 -0.16236962285661882	 -0.08792573762158169	 
-0.10273853218426747	 0.9794137204439479	 0.17376293681555594	 0.04162511174552117	 
0.1818579404119106	 -0.15324862853058563	 0.971309707231752	 -0.0486353386045104	 
0.0	 0.0	 0.0	 1.0	 
16	 18	  37
0.998054438186828	 0.04907721881003035	 0.03845471374807926	 -0.0591438665325682	 
-0.05699044331888122	 0.9682439014016833	 0.2434252180213983	 -0.0506786544552753	 
-0.025286909378009686	 -0.24514317039705624	 0.9691570554981208	 0.18837825664664218	 
0.0	 0.0	 0.0	 1.0	 
16	 19	  37
0.951245144609478	 -0.14538956547181003	 0.27201939105294	 0.28250009385157887	 
0.0961864144143666	 0.977783427337209	 0.18624645743425053	 -0.4129624153470597	 
-0.2930543440029535	 -0.15100146845848506	 0.9440962387301305	 0.7542398425359959	 
0.0	 0.0	 0.0	 1.0	 
16	 20	  37
0.9947629882716135	 0.013668391248830793	 0.10129053384002856	 0.20920308381650382	 
-0.01817636220057083	 0.9988785971539736	 0.04371690754001667	 -0.36539110954173487	 
-0.10057940655065911	 -0.045329055013066284	 0.9938958998554827	 0.6352355889352161	 
0.0	 0.0	 0.0	 1.0	 
16	 21	  37
0.8349109509842182	 0.4423042661012771	 -0.32755249978475054	 0.07386234930371562	 
-0.3679848823409425	 0.8911555824864096	 0.2653843517840327	 -0.27127719955442126	 
0.40928086969115884	 -0.10103793343056418	 0.9067968381687982	 0.7794715272052508	 
0.0	 0.0	 0.0	 1.0	 
17	 18	  37
0.9774734719209562	 -0.11774579148560163	 0.1751614691598001	 0.1156666308634907	 
0.1091778572650997	 0.992339988326647	 0.05780608143500293	 -0.05473802902848989	 
-0.18062615307256016	 -0.03738015724014391	 0.9828412469320307	 0.19748694208390744	 
0.0	 0.0	 0.0	 1.0	 
17	 21	  37
0.9282751903186872	 0.32367819128049025	 -0.18313273745618408	 0.35981233494592474	 
-0.31779493564954664	 0.9461665169417813	 0.06144347885462766	 -0.4011926480828796	 
0.19316197843857807	 0.0011621994875916956	 0.9811661935564459	 0.7164085146345244	 
0.0	 0.0	 0.0	 1.0	 
17	 22	  37
0.5919198607024754	 0.6655306227566801	 -0.45464257244462514	 0.31102104586920803	 
-0.5907861396365635	 0.7419640094824682	 0.31695606295830137	 -0.29605894244298053	 
0.548272391899582	 0.08098394165391444	 0.8323695005674501	 0.7604937994886019	 
0.0	 0.0	 0.0	 1.0	 
18	 19	  37
0.951545893228939	 -0.17515571119932316	 0.2527466912016835	 0.32806590204832364	 
0.18691463104776518	 0.9821047032898376	 -0.02309269313565134	 -0.49624072673530933	 
-0.244178897080435	 0.06921581185133148	 0.9672568622710016	 0.4770788256621238	 
0.0	 0.0	 0.0	 1.0	 
18	 20	  37
0.9960226347527945	 -0.037868388503149726	 0.08065293678642398	 0.24901596651414473	 
0.05289217411145206	 0.9797360579715945	 -0.19318300812453432	 -0.3989337250395034	 
-0.07170306114709625	 0.19668055791677688	 0.9778422312212133	 0.3726994770429921	 
0.0	 0.0	 0.0	 1.0	 
18	 21	  37
0.8576372249739045	 0.3716562362589099	 -0.3554293634309382	 0.11331194347106889	 
-0.38219493048786507	 0.9230806495798322	 0.04300173811197505	 -0.3824600502562808	 
0.3440718318148642	 0.09896340950642468	 0.9337134561151119	 0.527418264899678	 
0.0	 0.0	 0.0	 1.0	 
19	 20	  37
0.9800792972749458	 0.06728029849788653	 -0.18686340596030176	 -0.03769904622691541	 
-0.0984901386321929	 0.9816784946905639	 -0.1631166014061109	 0.1308876423116754	 
0.17246525344329686	 0.17827140683829218	 0.9687492151525265	 -0.11520156305747332	 
0.0	 0.0	 0.0	 1.0	 
20	 21	  37
0.8087774794702326	 0.41287667016844726	 -0.41882197164474455	 -0.1464645079232302	 
-0.3507144947909954	 0.9102555800619512	 0.22007753658557747	 0.07164556228092636	 
0.47209991722650585	 -0.031106819134946034	 0.8809960465053351	 0.13869311721077288	 
0.0	 0.0	 0.0	 1.0	 
21	 22	  37
0.8340970462825061	 0.41722740539483094	 -0.36083709561282	 -0.031626207323787306	 
-0.38833474595656675	 0.9087168118512526	 0.15306822316125251	 0.08792129941612695	 
0.391762992720914	 0.012451829037997676	 0.9199819071525057	 0.05976984059797093	 
0.0	 0.0	 0.0	 1.0	 
22	 23	  37
0.9785238003456878	 -0.0015101725061470001	 -0.20612833753764553	 -0.12995158225184494	 
-0.09098972348221433	 0.8941166356182729	 -0.4384932292878539	 -0.09093739587515545	 
0.1849649760837494	 0.44783162158300277	 0.8747769980587483	 -0.1409973502854599	 
0.0	 0.0	 0.0	 1.0	 
23	 31	  37
0.9931970171531003	 0.07710755129228879	 -0.08725887147958307	 -0.8513280440954234	 
-0.0679564073397292	 0.9923174495697226	 0.10338281279263652	 -0.2799094936310315	 
0.09456009633910144	 -0.09674970187627234	 0.9908066831462091	 0.7091008439879882	 
0.0	 0.0	 0.0	 1.0	 
23	 32	  37
0.9540380753947578	 -0.13716471517005568	 0.26645298198628226	 -0.8367293908135549	 
0.053779568888362786	 0.9530355141055039	 0.29804541067400825	 -0.5378182167479738	 
-0.2948204685350837	 -0.2700169434794308	 0.91660882690861	 0.688040133328481	 
0.0	 0.0	 0.0	 1.0	 
23	 42	  37
0.03933875373656762	 -0.42788377256744003	 0.9029772641810574	 -2.7712048513165883	 
0.35515340665667877	 0.8506571602872324	 0.3876189538608974	 -0.8836412525224601	 
-0.9339799356488384	 0.3054470049378709	 0.1854281720232255	 2.6566731183222134	 
0.0	 0.0	 0.0	 1.0	 
24	 25	  37
0.8369266185448417	 0.16873151817450133	 -0.5206568062991439	 -0.06693818052988225	 
-0.1783598288382978	 0.9834446614333706	 0.03200577065118314	 -0.08582790187167459	 
0.5174375388661608	 0.06607777744999353	 0.8531659397206378	 0.07478936770526802	 
0.0	 0.0	 0.0	 1.0	 
24	 26	  37
0.8030190083486465	 0.2368215991583893	 -0.5468784164719049	 -0.010121382448813191	 
-0.22044069363964286	 0.970602744030872	 0.09662408533804807	 0.03171906707682607	 
0.5536843620858624	 0.04296328027286234	 0.8316175705994711	 0.11734973441795041	 
0.0	 0.0	 0.0	 1.0	 
24	 28	  37
0.6618603516930512	 0.22273588330518873	 -0.7157720315470616	 -0.032171013105107116	 
-0.19958704965675686	 0.972731831903976	 0.1181431030997857	 -0.053167902889154996	 
0.7225689478977505	 0.06466459223556857	 0.6882678301685659	 0.0719873635567277	 
0.0	 0.0	 0.0	 1.0	 
24	 29	  37
0.9578420331449365	 0.1148136656788297	 -0.2633561499455894	 0.07385694466873895	 
-0.06333288182727737	 0.9785068951311161	 0.19624780829429728	 0.11559155312668759	 
0.28022773884864793	 -0.17129529577385733	 0.9445265141993222	 0.054730824320030964	 
0.0	 0.0	 0.0	 1.0	 
24	 30	  37
0.9965092529596956	 0.024464321846174624	 -0.07981732720604216	 -0.13818211298340533	 
-0.033367675439745094	 0.99312589677427	 -0.1121942573933683	 -0.10574003977718449	 
0.0765238982374621	 0.11446593429011236	 0.9904754630406728	 0.4183125258616573	 
0.0	 0.0	 0.0	 1.0	 
24	 31	  37
0.9250641874370404	 -0.13618922818273632	 0.35455428815407014	 -0.32344333870656977	 
0.07041398537538829	 0.9788146026358436	 0.19225983545814204	 -0.30120870274472067	 
-0.37322663327394484	 -0.15288710800400343	 0.9150559613603799	 0.939183154262902	 
0.0	 0.0	 0.0	 1.0	 
25	 26	  37
0.9982297263957226	 0.04565088263526296	 -0.038123618067309295	 0.01991594047877965	 
-0.042085979040535425	 0.9950897240009529	 0.08958354511798884	 0.060516366345528046	 
0.04202598848474886	 -0.08782048794175888	 0.9952494050184363	 0.016318530245482528	 
0.0	 0.0	 0.0	 1.0	 
25	 27	  37
0.9218806573219445	 0.08555407479652982	 -0.3779107751062027	 -0.003391406913336131	 
-0.07002891547051462	 0.9960461707061137	 0.05466238944386197	 -0.04495653190642459	 
0.3810931705681494	 -0.023927517785986094	 0.924226957645641	 0.05181451758937363	 
0.0	 0.0	 0.0	 1.0	 
25	 28	  37
0.9677134228776545	 0.04963815306456614	 -0.24711694588342686	 -0.011288919576222306	 
-0.043589087739863426	 0.9986022281768542	 0.02989283041514488	 0.07276817051092296	 
0.24825535767112916	 -0.01815609100442146	 0.9685244621314522	 -0.0011623114506042675	 
0.0	 0.0	 0.0	 1.0	 
25	 29	  37
0.953045476416812	 -0.15931381092622918	 0.257533356149475	 0.011385813557704107	 
0.11128904217764007	 0.9751792934815202	 0.1914160250764462	 0.273710462161	 
-0.28163641272504963	 -0.1537675362781261	 0.9471200957715556	 -0.09339259864926575	 
0.0	 0.0	 0.0	 1.0	 
26	 27	  37
0.9349009640694501	 0.015211358956199107	 -0.354582574220334	 0.008144307658249013	 
-0.07280509592295017	 0.9860536066752835	 -0.14965862076845202	 0.10131483415698467	 
0.3473609151727687	 0.16573140716644782	 0.9229699319528053	 0.03242336518749842	 
0.0	 0.0	 0.0	 1.0	 
26	 28	  37
0.9765910870667643	 0.005248249983705667	 -0.2150402393364213	 -0.013885704007920477	 
-0.02369360794074731	 0.9962437448198888	 -0.08328873783408752	 0.040234612204424196	 
0.21379537320650058	 0.08643411814413192	 0.9730471117146073	 -0.023863657236196687	 
0.0	 0.0	 0.0	 1.0	 
26	 29	  37
0.9346150362326637	 -0.21103144402227966	 0.28628737953617245	 -0.006457774192909626	 
0.16429685282276146	 0.9700860145747217	 0.1787167269146041	 0.07201231579989491	 
-0.31543823198901116	 -0.11999522474000732	 0.941328777760057	 -0.07448423368162878	 
0.0	 0.0	 0.0	 1.0	 
27	 28	  37
0.986386036853257	 -0.027084644925381814	 0.16220051883453426	 -0.06633856977789251	 
0.017565116705199283	 0.9980534780198964	 0.05983913174103976	 -0.02544372876418499	 
-0.1635055135952876	 -0.05617541296381151	 0.9849417597006874	 -0.03367089952397858	 
0.0	 0.0	 0.0	 1.0	 
28	 29	  37
0.8331497259791847	 -0.2648555526732517	 0.4855029045422447	 -0.020503973669082968	 
0.1533333593481575	 0.9540761950354969	 0.2573470321911586	 0.03459244882161681	 
-0.531366554284157	 -0.13996481802486954	 0.8354995120904901	 -0.04914834014955675	 
0.0	 0.0	 0.0	 1.0	 
29	 30	  37
0.9774027164100811	 -0.015212488223101788	 0.21083763932527982	 -0.09589433129588602	 
0.07130031852257221	 0.962681853870023	 -0.26107453496646366	 -0.34820644772805603	 
-0.19899797620271048	 0.27020775050216006	 0.9420125142670812	 0.3402357885044933	 
0.0	 0.0	 0.0	 1.0	 
29	 31	  37
0.7964161531547006	 -0.20879279833362366	 0.5675622242171185	 -0.0728156564388174	 
0.2244349620422591	 0.9735307469858479	 0.043206856935742215	 -0.5463438659056316	 
-0.5615605566698549	 0.09297016745811969	 0.8221960162609957	 0.8221014702312915	 
0.0	 0.0	 0.0	 1.0	 
30	 31	  37
0.915077404468961	 -0.1252221292870342	 0.3833441823833649	 -0.09530266270992296	 
0.018781665525553652	 0.9627716555644045	 0.26966273061337526	 -0.09296611118902734	 
-0.4028406544409777	 -0.23956242939700945	 0.8833624678188268	 0.5113106544124966	 
0.0	 0.0	 0.0	 1.0	 
30	 32	  37
0.6872025273021013	 -0.3710429211341275	 0.6245637174427107	 -0.03588731493986267	 
0.04838112775634217	 0.8811953595176082	 0.4702701402828576	 -0.3607584668570977	 
-0.7248530561062906	 -0.29295373191152146	 0.6235111530778609	 0.5266349633225956	 
0.0	 0.0	 0.0	 1.0	 
31	 32	  37
0.9196758591315283	 -0.21590257704411178	 0.32799754779021767	 0.045370105714282766	 
0.15588651379988444	 0.9673813463405024	 0.1996815604099543	 -0.19670270643341609	 
-0.36041047285838274	 -0.13251191636282075	 0.9233335708593338	 -0.067284123751519	 
0.0	 0.0	 0.0	 1.0	 
31	 33	  37
0.9697376235746298	 -0.1008461498999848	 0.222348814870192	 -0.031447212518202206	 
0.11181815912329202	 0.9930288199468332	 -0.03728889975954216	 -0.5509268453744253	 
-0.2170383392723674	 0.061023084200561364	 0.9742538388328494	 0.41546513187186074	 
0.0	 0.0	 0.0	 1.0	 
31	 47	  37
0.10467752458338425	 -0.33687004457806624	 0.9357142667038192	 -2.2500541913948435	 
0.5621035601123202	 0.7962206334976398	 0.22376838584052144	 -0.7201395666903725	 
-0.8204158723209533	 0.5025447998523004	 0.272702256289274	 1.5986127191636739	 
0.0	 0.0	 0.0	 1.0	 
31	 48	  37
0.25225105769907624	 -0.25744167003640617	 0.9327878592791413	 -2.762550959995702	 
0.5340181559526921	 0.8409150524661652	 0.08767259348686685	 -0.9239375050519679	 
-0.8069659305092028	 0.47601014806902325	 0.34960023731788714	 2.1460985254851677	 
0.0	 0.0	 0.0	 1.0	 
33	 34	  37
0.9139686881909754	 0.14525141902721306	 -0.3788974297577761	 -0.493560034735916	 
-0.16640141134936792	 0.9857782861106295	 -0.023489166305549494	 -0.25045784123330117	 
0.37009702418069546	 0.08451742958332455	 0.9251405281303061	 0.6027872884945866	 
0.0	 0.0	 0.0	 1.0	 
33	 36	  37
0.880810404140212	 0.10916150789799449	 -0.46071335681939246	 -0.496693132358789	 
-0.09473414660221977	 0.994014830945825	 0.05440548986354485	 -0.31559721139775754	 
0.4638948948047453	 -0.004275634827626144	 0.8858799272592842	 0.9475046502409651	 
0.0	 0.0	 0.0	 1.0	 
33	 38	  37
0.9699682464374524	 -0.23418782360058948	 0.065708935315324	 -0.8700163234282766	 
0.21341927349413584	 0.9490278349154062	 0.23194478277601438	 -0.8678235703536179	 
-0.11667825249072461	 -0.21095552098249656	 0.9705070600272389	 1.2269456871828428	 
0.0	 0.0	 0.0	 1.0	 
33	 41	  37
0.5180709358588947	 -0.4610200602160813	 0.720460276140642	 -1.4918633132264894	 
0.35335188434074843	 0.8824314894222112	 0.3105754534874575	 -0.4339715497969375	 
-0.7789383488127487	 0.09367588032390428	 0.6200644145525612	 1.190690397113841	 
0.0	 0.0	 0.0	 1.0	 
33	 42	  37
0.34152108679471427	 -0.5112912649499981	 0.7886346363560178	 -1.8133943040287892	 
0.39509894740254337	 0.8394450220135953	 0.3731338590613252	 -0.34728028679538325	 
-0.8527955024717002	 0.1841556336429207	 0.48869881682035504	 0.9552562482404271	 
0.0	 0.0	 0.0	 1.0	 
33	 47	  37
0.18377462221277366	 -0.39905551959514857	 0.8983215351482995	 -2.604903963300347	 
0.46488647056415044	 0.8405044961796566	 0.2782674278247242	 -0.18440381927229804	 
-0.8660874423041585	 0.3664790364842534	 0.3399789083172859	 0.9340318769702414	 
0.0	 0.0	 0.0	 1.0	 
33	 48	  37
-0.9932908336307994	 -0.04521090977301046	 -0.10643915380407394	 -0.7724474125903088	 
-0.10684241840155274	 0.710961316810563	 0.6950674094137178	 -1.4284368847116826	 
0.044249491015582884	 0.7017763031311944	 -0.7110218019922986	 3.7390393069066294	 
0.0	 0.0	 0.0	 1.0	 
34	 35	  37
0.9408642331670547	 0.021668709874169523	 -0.33809016809034825	 -0.06984520039147828	 
-0.09700595432019878	 0.9733985970170148	 -0.20756930445452407	 -0.06445258839779558	 
0.32459873624738317	 0.22809129386650548	 0.9179379184285315	 0.026173656328772072	 
0.0	 0.0	 0.0	 1.0	 
34	 36	  37
0.9984175502882169	 -0.04093203956760652	 -0.03856116457410371	 0.038919065943275925	 
0.04368151150250948	 0.9963464488676463	 0.07338718813040511	 -0.05425521850275335	 
0.03541639209929994	 -0.07495546654959312	 0.996557754073993	 0.37058617410532374	 
0.0	 0.0	 0.0	 1.0	 
34	 37	  37
0.9637220184024111	 -0.23290424696312756	 0.13036672502183858	 -0.12447723403012369	 
0.19292502608019008	 0.945375290653723	 0.262765093064785	 -0.3682055328310759	 
-0.18444458668754446	 -0.22808150202926514	 0.956012041176121	 0.739004726700496	 
0.0	 0.0	 0.0	 1.0	 
35	 50	  37
0.7881733694476256	 -0.20759332461684918	 0.5793856671234628	 -1.555055887631618	 
0.11298685907096251	 0.9742028263151147	 0.19535307235085989	 0.12374768069832927	 
-0.6049931482015769	 -0.08850912254770879	 0.7912960418547408	 1.1663939315485292	 
0.0	 0.0	 0.0	 1.0	 
36	 37	  37
0.9631956768246404	 -0.20164625507467634	 0.1777438492907146	 -0.17204042705932235	 
0.1619495972994743	 0.9630926519380334	 0.2149997016684069	 -0.40745380023420646	 
-0.21453767986267572	 -0.1783012383505078	 0.9603032085345833	 0.3720973870023791	 
0.0	 0.0	 0.0	 1.0	 
36	 48	  37
0.3867642397005205	 -0.23379401656384025	 0.8920503240893	 -1.910377928000147	 
0.437739124824047	 0.8979474677077867	 0.04555001465917409	 0.06315114382076334	 
-0.8116636504656075	 0.3728682113778549	 0.44963475783876383	 0.586772538104143	 
0.0	 0.0	 0.0	 1.0	 
36	 49	  37
0.8244309277833166	 -0.09774478980014617	 0.5574581611038311	 -1.9697181725358321	 
0.2193061457666681	 0.9631930136253498	 -0.15544784634174105	 0.21672834356730747	 
-0.5217455890980862	 0.2504100129192954	 0.8155221429773984	 0.46055732861506193	 
0.0	 0.0	 0.0	 1.0	 
37	 38	  37
0.8973774185163532	 -0.15556392710003158	 0.4129329646833021	 -0.19232786601785984	 
0.22261381850894213	 0.9675843955741585	 -0.11926242178598295	 -0.009511404570775235	 
-0.3809945623572502	 0.19894798824468193	 0.9029190669310292	 0.021869870806939917	 
0.0	 0.0	 0.0	 1.0	 
37	 49	  37
0.9395978500194692	 -0.007915926951281474	 0.3421888635524143	 -1.665377005491338	 
0.1450191558983469	 0.9147739355110474	 -0.3770385806945501	 0.881760092326925	 
-0.3100408435373022	 0.403888579945177	 0.8606675841046565	 -0.13325747560204265	 
0.0	 0.0	 0.0	 1.0	 
38	 39	  37
0.9299176462287055	 -0.14855601571927637	 0.33642871670842417	 0.1497071667412128	 
0.1950026976045465	 0.9747745194932518	 -0.10857524613672119	 0.12947320852248762	 
-0.3118126347013746	 0.16657054463594076	 0.9354288505815249	 0.06845819777878634	 
0.0	 0.0	 0.0	 1.0	 
39	 40	  37
0.9056478941974382	 -0.1710776762545496	 0.3879875261179011	 -0.10848553084030987	 
0.17355603579596177	 0.9843987171764701	 0.028939040414486087	 0.10207688558901495	 
-0.3868852467780806	 0.04112899595983159	 0.921210188565454	 -0.002893196988965975	 
0.0	 0.0	 0.0	 1.0	 
40	 41	  37
0.9985414937294426	 -0.0034133170858781053	 0.053881671902829394	 -0.2069769499763446	 
-0.003015260404484466	 0.9929161620610201	 0.11877879997165547	 0.22686336766758367	 
-0.05390541257857188	 -0.11876802761890357	 0.9914576955726588	 -0.4407583468905409	 
0.0	 0.0	 0.0	 1.0	 
41	 42	  37
0.9712662198586276	 -0.1332649841080717	 0.19718614092326034	 -0.04654181516682755	 
0.13422517593425629	 0.9909139799617436	 0.008549062041837184	 0.21607965718112654	 
-0.1965337943127094	 0.0181639292845097	 0.9803287914602922	 -0.37764986527750266	 
0.0	 0.0	 0.0	 1.0	 
41	 43	  37
0.8626045982947533	 -0.14734028416128248	 0.4839464305726609	 0.028683559771371804	 
0.23755419463208008	 0.9625872232956252	 -0.1303604317295818	 0.3217009759189733	 
-0.4466333077743425	 0.22741301240538464	 0.8653334676153798	 -0.6200974121966578	 
0.0	 0.0	 0.0	 1.0	 
41	 44	  37
0.6959797358519706	 0.5753841747057193	 -0.4295873121748812	 1.3933366087845431	 
-0.6208172595182377	 0.7827931930106378	 0.04267021514446337	 -0.454333788235695	 
0.36082979029964585	 0.236997612803225	 0.9020166262092321	 -0.26062567933940733	 
0.0	 0.0	 0.0	 1.0	 
41	 45	  37
0.9892861719437083	 0.14163986570026088	 -0.03536973911942472	 0.7972222054517252	 
-0.141189449687283	 0.9898699224793645	 0.014935724545500845	 -1.0305382565984074	 
0.03712693493902112	 -0.009781871758969867	 0.9992626810238262	 0.040086468845956395	 
0.0	 0.0	 0.0	 1.0	 
41	 46	  37
0.9145944412492923	 -0.07515897980979276	 0.3973262334528714	 -0.049593484824037956	 
0.19914323449637483	 0.938878030108827	 -0.2808024514374659	 0.6426643595111055	 
-0.35193604559666275	 0.3359451924539465	 0.8736600296893893	 -0.515861600268293	 
0.0	 0.0	 0.0	 1.0	 
41	 47	  37
0.9867388605874899	 -0.10423263941616741	 0.12442659638052271	 0.08338408488000072	 
0.12430958563828895	 0.9781959680662763	 -0.16637239848399385	 0.6650064956448019	 
-0.10437216067965242	 0.17963352955174947	 0.9781810911768037	 -0.8541305254744155	 
0.0	 0.0	 0.0	 1.0	 
41	 48	  37
0.934002381347397	 0.007590986212351511	 -0.3571861259423649	 0.18596355419499283	 
-0.08355075494813177	 0.9766915545575677	 -0.1977191912878407	 0.7413313125247287	 
0.3473597889580604	 0.21451336598040774	 0.9128664704275027	 -0.9543392062227513	 
0.0	 0.0	 0.0	 1.0	 
42	 43	  37
0.9326045567697555	 -0.08449474114098866	 0.350869462067883	 -0.03777810005697069	 
0.13446395476670606	 0.98355881487628	 -0.12054668202677657	 -0.06647101650403459	 
-0.33491519159450744	 0.1596016804381609	 0.9286329296554855	 -0.22570342566631799	 
0.0	 0.0	 0.0	 1.0	 
42	 44	  37
0.9370209716857187	 -0.06915576102538823	 0.342358261676495	 -0.18692785688969343	 
0.1562427906267427	 0.9596531279110845	 -0.23378208756797417	 0.20970214657723124	 
-0.3123777985041829	 0.2725497290541147	 0.9100201954870062	 -0.07986338025583291	 
0.0	 0.0	 0.0	 1.0	 
42	 45	  37
0.8608298888178959	 -0.0646274778329126	 0.504772415675348	 -0.5801413150729405	 
0.23263205236892368	 0.9321715576605879	 -0.2773779286447572	 0.227777670521255	 
-0.45260825304935837	 0.35620145451358043	 0.8174755611478653	 0.1471032236585489	 
0.0	 0.0	 0.0	 1.0	 
42	 46	  37
0.9838434008948846	 0.019346404017764884	 0.17798280581890305	 0.07756415955767423	 
0.028889090759829327	 0.9639605057198448	 -0.2644722364396912	 0.28157050720182863	 
-0.1766849822442709	 0.2653410259720931	 0.9478272822542193	 -0.15493318061243874	 
0.0	 0.0	 0.0	 1.0	 
42	 47	  37
0.9887183255207411	 0.022260430134639585	 -0.14812341485964714	 0.3971302911442484	 
-0.050031057829926416	 0.9811800806169639	 -0.18650078459059352	 0.44130024314568106	 
0.14118415644781415	 0.19180751458352474	 0.9712244392092959	 -0.3774557398098446	 
0.0	 0.0	 0.0	 1.0	 
42	 48	  37
0.843833481979987	 0.18188665876492824	 -0.5048388832616421	 0.28988430621057526	 
-0.22472317969059505	 0.9741104605641641	 -0.024663802002538593	 0.17709471414136477	 
0.4872828205460149	 0.13426114100067227	 0.8628611700719406	 -0.6121701628371018	 
0.0	 0.0	 0.0	 1.0	 
43	 44	  37
0.9971567382056631	 -0.041311689415853954	 -0.06302208952938236	 -0.031996969989535114	 
0.036039183479594984	 0.995929369584406	 -0.0826188117400008	 0.22197069568303357	 
0.06617867258540001	 0.0801126401812698	 0.9945865212127198	 0.06702097213415546	 
0.0	 0.0	 0.0	 1.0	 
43	 45	  37
0.9917506743366523	 -0.07455561297987916	 0.10426917342143627	 -0.4360333885858049	 
0.08980438688447609	 0.9845730598231899	 -0.1501701100975306	 0.3080082869034323	 
-0.09146459451120044	 0.15829513714449822	 0.9831464171258039	 0.09667886042958158	 
0.0	 0.0	 0.0	 1.0	 
43	 46	  37
0.9780666113579506	 0.057254260972151035	 -0.20026895252961108	 0.14992824230402577	 
-0.0856065875948945	 0.9870160270095009	 -0.13590759576542008	 0.35961118446683654	 
0.18988737690308	 0.15007102327535402	 0.9702687628002644	 0.06861516896705878	 
0.0	 0.0	 0.0	 1.0	 
43	 47	  37
0.8717121180479234	 0.11107116106332018	 -0.4772642668673705	 0.4879117224474217	 
-0.11282197966460297	 0.9932981823191852	 0.02509824507732394	 0.3436769160636695	 
0.4768534199866479	 0.03196745503551209	 0.8784013306374193	 -0.05924621327312752	 
0.0	 0.0	 0.0	 1.0	 
44	 45	  37
0.9916900950384845	 -0.033975240321994386	 0.12408238572668098	 -0.33039387989148267	 
0.039757471267098755	 0.9982213278864077	 -0.04442436303586434	 0.03507755652418196	 
-0.12235235543710601	 0.04898840268634204	 0.9912769731620082	 0.036527591920256355	 
0.0	 0.0	 0.0	 1.0	 
44	 46	  37
0.9816786054936604	 0.09991516113447763	 -0.1622469601918409	 0.23827468007870586	 
-0.10500061616383607	 0.9942048604929498	 -0.02305571463670425	 0.06694373233484761	 
0.15900310097993733	 0.039669332584072056	 0.9864807945069677	 -0.007750970877182909	 
0.0	 0.0	 0.0	 1.0	 
44	 47	  37
0.8837895022990249	 0.17076627642239608	 -0.4356087630694217	 0.58092038585772	 
-0.1370692628602057	 0.9846659545944079	 0.10791188554391902	 0.11802234918536193	 
0.4473568293934961	 -0.03566281956763799	 0.8936442415723855	 -0.13263915751051353	 
0.0	 0.0	 0.0	 1.0	 
45	 46	  37
0.9498961126924369	 0.10804899156039097	 -0.29329642090311775	 0.58920524501144	 
-0.10033147590020032	 0.9940974327253114	 0.041278192700644076	 -0.017507909011310538	 
0.2960252861420523	 -0.009783131999854791	 0.9551300017760875	 0.04578975645893486	 
0.0	 0.0	 0.0	 1.0	 
45	 47	  37
0.8307706553271318	 0.20905509105494577	 -0.5158644077190603	 0.8497028466925135	 
-0.12424943404220411	 0.973054292953032	 0.19423547849419182	 -0.0340642758448952	 
0.5425699921554084	 -0.09726927505478876	 0.8343599293726874	 -0.0686090157325038	 
0.0	 0.0	 0.0	 1.0	 
46	 47	  37
0.9467246523326117	 0.02327071221127251	 -0.32120228302251314	 0.34985854664312943	 
0.022397595677079257	 0.9902130194522848	 0.1377553041268291	 -0.04442162280695735	 
0.321264346564602	 -0.13761050127213892	 0.9369378685729646	 -0.15963402300248292	 
0.0	 0.0	 0.0	 1.0	 
46	 48	  37
0.44181820668509425	 0.17384424523077302	 -0.8800993413483005	 1.090064900952975	 
-0.10591545364764	 0.9842911599399491	 0.14125448361975873	 -0.08387839036507887	 
0.8908302806484429	 0.030807318354783477	 0.4532905472383084	 0.43008472789772834	 
0.0	 0.0	 0.0	 1.0	 
47	 48	  37
0.8643022793876867	 0.15988391027019172	 -0.47688437286407576	 0.14469363344743194	 
-0.16915959012295884	 0.9853023267709591	 0.02375621874723867	 0.010444697406603901	 
0.4736735193302262	 0.060137011036860255	 0.8786449436426924	 -0.10748801843793186	 
0.0	 0.0	 0.0	 1.0	 
48	 49	  37
0.8509837119203861	 0.171305091610602	 -0.49646881839092827	 0.09864702972741984	 
-0.16479197654374228	 0.9846631409776899	 0.05728964362567338	 0.035870366467122466	 
0.4986685537639283	 0.03306152428780551	 0.8661619993388987	 -0.11311046079870236	 
0.0	 0.0	 0.0	 1.0	 
48	 50	  37
0.630295555563669	 0.3101985488665944	 -0.711691206154568	 0.3329665428084706	 
-0.2704614354825109	 0.9470158604380639	 0.17323848300967087	 -0.011505604269898937	 
0.7277211860001221	 0.08329357934325661	 0.6807966326934669	 -0.1353037890299753	 
0.0	 0.0	 0.0	 1.0	 
49	 50	  37
0.965502850885933	 0.12151167536302844	 -0.2303023180117965	 0.04176348166051153	 
-0.11003904636204342	 0.9919872186511718	 0.06207065577585853	 -0.008687088985022802	 
0.2359992652676456	 -0.03458714765896464	 0.9711375165289146	 -0.14047903879947607	 
0.0	 0.0	 0.0	 1.0	 
49	 51	  37
