0	 1	  37
0.9597463176936021	 0.02226343909837975	 0.2799845441324999	 -0.11467395045484756	 
0.0420383496956948	 0.9742380234165012	 -0.2215695170468423	 0.0027389590592363693	 
-0.2777044883116468	 0.22442061627448823	 0.9340854372928338	 -0.1078526982193261	 
0.0	 0.0	 0.0	 1.0	 
0	 12	  37
0.9964785144708594	 -0.036367312830378015	 -0.07555123265337949	 -0.9592016478802528	 
0.04298390338286868	 0.9952029641401842	 0.08788312816782544	 -0.11097265015789025	 
0.07199273746649641	 -0.09082113588855656	 0.993261580364403	 0.6250493935162241	 
0.0	 0.0	 0.0	 1.0	 
2	 3	  37
0.6623098294642642	 -0.32849730524941595	 0.6733759798499561	 -0.20152010282036756	 
0.32177165131042307	 0.9363634657799066	 0.14030846148969325	 -0.020264372818903843	 
-0.6766156177683013	 0.12374562778746215	 0.7258638476983863	 0.018051091598569696	 
0.0	 0.0	 0.0	 1.0	 
3	 4	  37
0.8982279542684688	 0.10790840006845731	 0.42607783252047665	 -0.12889116666532208	 
0.1115613436003161	 0.8816752230497038	 -0.45847886284358524	 0.09991541476390028	 
-0.42513598857868246	 0.4593523465216225	 0.7799069258317343	 -0.27900009832050215	 
0.0	 0.0	 0.0	 1.0	 
4	 5	  37
0.9820452309350662	 -0.12440079404483051	 0.14181539704386462	 -0.04026085412942457	 
0.04807422681377681	 0.8919693800010414	 0.44953252814097483	 0.11708274353266417	 
-0.18241719522553432	 -0.43464360984785455	 0.8819347477588552	 -0.0551525565850769	 
0.0	 0.0	 0.0	 1.0	 
5	 6	  37
0.7928907774838042	 -0.35180340390831627	 0.49755259016474807	 0.05910653398107155	 
0.3335388327230243	 0.9338955294690231	 0.12880600569668757	 0.005927949037010294	 
-0.5099765308785204	 0.06382401614043753	 0.8578172491369094	 0.061835148602215693	 
0.0	 0.0	 0.0	 1.0	 
6	 7	  37
0.8120497554190291	 -0.3442836985632848	 0.4712153749905451	 0.03643552406901739	 
0.35353866263210315	 0.9326330619722025	 0.07215251721636405	 0.150929106562466	 
-0.4643119735137121	 0.1080014195274268	 0.8790620482263245	 -0.319840480586806	 
0.0	 0.0	 0.0	 1.0	 
7	 8	  37
0.8232685368501983	 -0.12376135078996338	 0.5539964298469593	 -0.004701463114835823	 
0.28773949336143323	 0.9322547772998652	 -0.21933311232388839	 0.17931755603502944	 
-0.4893208560777266	 0.3399767025138947	 0.8031070548532988	 -0.22714346539707006	 
0.0	 0.0	 0.0	 1.0	 
8	 9	  37
0.9483174402966246	 0.1266251436065109	 0.2909640964722054	 -0.14862519629371662	 
0.0518066032693718	 0.8428492255503264	 -0.5356503139613598	 -0.04329881757574512	 
-0.31306566130277896	 0.5230403961414871	 0.7927286015511289	 -0.02378500438909173	 
0.0	 0.0	 0.0	 1.0	 
8	 10	  37
0.7765364830910249	 -0.3388037632450863	 0.5312279176018411	 0.019965960405676962	 
0.3133317320813268	 0.9391281101633152	 0.14093125406379267	 -0.04191685612237343	 
-0.5466391095590732	 0.057012303163836306	 0.8354252098113971	 0.08716265766015552	 
0.0	 0.0	 0.0	 1.0	 
8	 15	  37
0.9083167916732869	 -0.2965125174272377	 0.29502700380356456	 0.11571920154760179	 
0.21575626076528626	 0.9363820367569438	 0.27683554175629244	 -0.37268163539949883	 
-0.35834319011937193	 -0.18780044794376863	 0.9145059594377676	 0.7779408962123144	 
0.0	 0.0	 0.0	 1.0	 
8	 16	  37
0.928510338614319	 -0.23267416651762632	 0.28936358326792144	 0.6323760208329976	 
0.2060077524498795	 0.971179817361489	 0.11987730510924384	 -0.6389104419557193	 
-0.3089164239998782	 -0.051696175729288196	 0.9496831831711537	 1.0602085032710253	 
0.0	 0.0	 0.0	 1.0	 
10	 14	  37
0.7413462323044911	 -0.3023451864389388	 0.5991603725924631	 -0.49585157605177876	 
0.3522602318965129	 0.9352069651731959	 0.03606468238812513	 -0.17032864059134328	 
-0.5712429368247374	 0.18432395538492757	 0.7998163455438414	 0.311562621264036	 
0.0	 0.0	 0.0	 1.0	 
10	 15	  37
0.9290634852539092	 0.20298314253301156	 -0.3092553705520424	 -0.17218301175390102	 
-0.14382702994011867	 0.9684401728789007	 0.2035618260207173	 -0.30363388875082714	 
0.34081494366659165	 -0.14464257810792608	 0.9289368647932051	 0.6906920693017138	 
0.0	 0.0	 0.0	 1.0	 
10	 16	  37
0.9307386167799774	 0.15422744767711918	 -0.3315712919079321	 -0.14509563513528745	 
-0.14200742709660705	 0.9879884814643627	 0.060931528317812574	 -0.703765456911409	 
0.33698593128481713	 -0.009625740321867438	 0.941460475664996	 1.140611358551371	 
0.0	 0.0	 0.0	 1.0	 
11	 12	  37
0.8617018005612214	 -0.004652037667193757	 0.5073936986749941	 -0.3093236024802007	 
0.18612065658362184	 0.9331578807379041	 -0.3075312517608972	 0.09108111238627739	 
-0.47204778158829347	 0.3594366817149937	 0.8049696663448157	 -0.22457681003064944	 
0.0	 0.0	 0.0	 1.0	 
11	 13	  37
0.8009543705804157	 -0.09513060230805548	 0.5911195012454229	 -0.3501705936199129	 
0.3166083026673841	 0.9052589435790553	 -0.28331153833229367	 0.23513533149251548	 
-0.508164617944037	 0.41407295682601525	 0.7551902458951335	 -0.4363961624940458	 
0.0	 0.0	 0.0	 1.0	 
12	 13	  37
0.9893023912466737	 -0.10497753684491634	 0.10129410363681725	 0.11226653370799802	 
0.10424051365357231	 0.9944728474808309	 0.012556708828654417	 0.04111014590363855	 
-0.10205240804043474	 -0.0018634326771960214	 0.9947772784054763	 -0.2296601931253782	 
0.0	 0.0	 0.0	 1.0	 
14	 15	  37
0.4673803868513292	 0.5671917449413176	 -0.6781217430942058	 -0.04240837267743025	 
-0.35708724372372924	 0.822819561865693	 0.4421048167357354	 -0.13364317098241546	 
0.8087300379956776	 0.03551750387585735	 0.5871066619975767	 0.43613762898638586	 
0.0	 0.0	 0.0	 1.0	 
15	 16	  37
0.9993454305741915	 0.029063370017242695	 -0.021541376783412877	 0.25954197356642794	 
-0.03242378901946261	 0.98366797211917	 -0.17704806842375034	 -0.41443197847445623	 
0.016043948893756915	 0.17763063122727563	 0.9839664377171075	 0.3467580321437219	 
0.0	 0.0	 0.0	 1.0	 
16	 17	  37
0.6863902422351892	 -0.4436574089443285	 0.5762261178158472	 -0.10399284871294248	 
0.4079430084448246	 0.8908420749415423	 0.19995724386686262	 -0.1659401114590995	 
-0.602038983144201	 0.09781871499182204	 0.7924522457360098	 0.4076941238494507	 
0.0	 0.0	 0.0	 1.0	 
17	 18	  37
0.9630691348438354	 0.15781066978253172	 -0.21815965258024897	 0.008720710879609626	 
-0.23751820023505812	 0.8795478710740113	 -0.4122870929901549	 -0.26596900637963344	 
0.12681855569373482	 0.4488778619980745	 0.8845483135136217	 0.4383398652172064	 
0.0	 0.0	 0.0	 1.0	 
17	 19	  37
0.9263363098159305	 0.20662748499361233	 -0.3149700359745635	 -0.06223834096495199	 
-0.29647147807363583	 0.9157287855490238	 -0.2711926510909591	 -0.6876779698201526	 
0.23239127308364438	 0.3445952317750835	 0.9095319798844009	 0.8469119750460645	 
0.0	 0.0	 0.0	 1.0	 
18	 19	  37
0.9875019392553813	 -0.01917117037015459	 -0.1564365244867733	 0.1614467844606222	 
0.03333618063445632	 0.9955241184239817	 0.08843318775698522	 -0.13270920820897114	 
0.15404096542014153	 -0.09254294064267572	 0.9837210911176189	 0.536001484331063	 
0.0	 0.0	 0.0	 1.0	 
19	 20	  37
0.7911140615680118	 -0.46273261510174435	 0.40002133506909965	 0.0997795688562074	 
0.33213638051122585	 0.874148735943232	 0.35432952486316044	 -0.06933307696932844	 
-0.5136379720486665	 -0.14745343119083998	 0.8452416928309808	 0.4601541461779386	 
0.0	 0.0	 0.0	 1.0	 
20	 21	  37
0.25713423470271934	 -0.6231370090371341	 0.7386353994442064	 -0.11237697921822057	 
0.731331545966524	 0.6251025653817499	 0.2727653801848186	 -0.3929986232113254	 
-0.6316930862515917	 0.47005005129391275	 0.6164550219282259	 0.2668881916622152	 
0.0	 0.0	 0.0	 1.0	 
21	 22	  37
0.9377156925063213	 -0.06000212559845633	 0.3421827361966964	 -0.23063029500873639	 
0.1937106951862842	 0.9079448821621691	 -0.37163457525635674	 -0.11182921558261591	 
-0.28838419963277684	 0.41477202880521424	 0.8630172173965999	 0.03606735167916084	 
0.0	 0.0	 0.0	 1.0	 
21	 28	  37
0.6000126512324675	 -0.4513255313055843	 0.6605225833782802	 0.06417988071477622	 
0.5595126721009024	 0.8268775302942439	 0.056737286267488	 -0.5037159583520451	 
-0.5717782683169175	 0.3355276660518815	 0.7486593332045521	 0.5726286574818296	 
0.0	 0.0	 0.0	 1.0	 
22	 23	  37
0.9894410144567263	 0.11638519065247968	 -0.0863768852623842	 -0.06495302192011028	 
-0.14448133817262584	 0.8392127943131081	 -0.5242585514619976	 -0.13942616735999735	 
0.011472655782010793	 0.5312027609660656	 0.8471670466391726	 0.24409169978719292	 
0.0	 0.0	 0.0	 1.0	 
22	 29	  37
0.9646466080553783	 0.17356659364800986	 -0.19832185743553682	 0.05521015939953429	 
-0.14222881934471346	 0.9763722652681106	 0.1626903886621073	 -0.37657539875353935	 
0.2218735777758672	 -0.12873164795280628	 0.9665403655824686	 0.9523520101370488	 
0.0	 0.0	 0.0	 1.0	 
23	 28	  37
0.7793383979966144	 -0.5231279698568395	 0.3449185245264909	 0.13455450381380005	 
0.043836310702519386	 0.5946268554306262	 0.8028058798144647	 0.22034972982303394	 
-0.6250680277154337	 -0.61053749266867	 0.48634754114089135	 0.4165056850486581	 
0.0	 0.0	 0.0	 1.0	 
23	 29	  37
0.9823184817523432	 0.01535679599603644	 -0.1865866265960859	 0.12493428691153333	 
0.10810511913333225	 0.7671613941316759	 0.6322789562931151	 0.1791666138046326	 
0.15285183553015996	 -0.6412702738866656	 0.751936667681781	 0.710059602104918	 
0.0	 0.0	 0.0	 1.0	 
23	 30	  37
0.8657810020819765	 -0.05843302369955023	 -0.4969998371984179	 0.20414169388871717	 
0.13029704605892076	 0.9852256043793712	 0.11114489760498081	 0.10086392849423115	 
0.48316243254442504	 -0.16098475150345773	 0.8606032614167359	 0.6333278707985108	 
0.0	 0.0	 0.0	 1.0	 
24	 27	  37
0.8609770915788958	 0.19107638141779532	 0.47138971588339407	 -0.07184114837932484	 
0.17906166931932105	 0.7535718428974646	 -0.6325080206390243	 0.011208081731636026	 
-0.47608336072259844	 0.6289827454361522	 0.6145936377694415	 -0.17981098414592883	 
0.0	 0.0	 0.0	 1.0	 
24	 28	  37
0.9569105687432108	 -0.16915094680731663	 0.23602991467551845	 0.05037565029086367	 
0.1173595912676398	 0.9687618980347851	 0.2184653548129149	 0.03197001906774864	 
-0.2656104097452448	 -0.18135143261145922	 0.9468699848050602	 0.02698162894645813	 
0.0	 0.0	 0.0	 1.0	 
25	 27	  37
0.9000667924765374	 2.3945647578561795e-06	 -0.43575195820014717	 0.17420534997097004	 
-0.3328549639663746	 0.6453817569437492	 -0.6875245164844244	 0.02015732232256846	 
0.2812247180529128	 0.7638601886461059	 0.5808874849379989	 -0.19712136841357167	 
0.0	 0.0	 0.0	 1.0	 
26	 27	  37
0.7597290180137751	 -0.23175796436706994	 -0.6075360607735618	 0.17406470572842614	 
0.02451737375107963	 0.9438716232831316	 -0.32940136178409474	 0.031901997896076534	 
0.6497774369522037	 0.23536058445138663	 0.722768758120138	 -0.023980972658133717	 
0.0	 0.0	 0.0	 1.0	 
28	 29	  37
0.6352558703980566	 0.4332618144004515	 -0.6393232197466595	 -0.12029583164968548	 
-0.5400199955104168	 0.8409913673094268	 0.03334553283348902	 -0.22887297274127147	 
0.5521126547849956	 0.32406437677327116	 0.7682147461047691	 0.16107301984027628	 
0.0	 0.0	 0.0	 1.0	 
28	 30	  37
0.3896202542721011	 0.024188896709119004	 -0.920657892344892	 -0.006196015693765826	 
-0.5930579185740174	 0.7713971891931961	 -0.23071341903211737	 -0.2518324560413011	 
0.7046122073010063	 0.6358940743400828	 0.31489738573314996	 0.11126777190775147	 
0.0	 0.0	 0.0	 1.0	 
29	 30	  37
0.9504451870022099	 -0.024344239217998342	 -0.3099375816535187	 0.07656837365878759	 
-0.13586195477966762	 0.8641726531538846	 -0.484507125628121	 -0.0021194310829356806	 
0.27963453961873574	 0.5026061913246528	 0.8180412830012586	 -0.11462114922954365	 
0.0	 0.0	 0.0	 1.0	 
30	 31	  37
0.9541488250770591	 0.19741419397942556	 -0.2250059012993256	 -0.07174482444963827	 
0.08698199696685459	 0.536396673748557	 0.8394717032724467	 0.22139019604948304	 
0.28641604670082044	 -0.8205524019871846	 0.4946307752104957	 0.544951297964442	 
0.0	 0.0	 0.0	 1.0	 
31	 32	  37
0.767049297385159	 0.3407523081021871	 -0.5436204925349725	 0.0559295440541425	 
-0.5310833421737732	 0.8126220468334086	 -0.23999144290123262	 -0.3565927422702576	 
0.35998035925098615	 0.4727930557054669	 0.804289044703593	 0.1207303124292763	 
0.0	 0.0	 0.0	 1.0	 
31	 33	  37
0.44633513539263625	 0.2874555002994634	 -0.847439839907012	 0.24054364837799783	 
-0.7148137572348131	 0.6842476896668103	 -0.14438279555917605	 -0.487960682575056	 
0.5383551238558867	 0.6702047705986721	 0.5108809314164063	 0.169103685640315	 
0.0	 0.0	 0.0	 1.0	 
31	 34	  37
0.9999352466728474	 -0.0032051532267617817	 0.01091922406142446	 -0.42334576743128105	 
0.004532524473949314	 0.9922972227385887	 -0.12379692228474669	 -0.05262317374850352	 
-0.010438327605687693	 0.1238383976724324	 0.9922474956273365	 -0.018501257529462665	 
0.0	 0.0	 0.0	 1.0	 
32	 33	  37
0.9059935123636951	 0.1059162824467304	 -0.40982617860205084	 0.2300409606426824	 
-0.18634202669218566	 0.9691237793294333	 -0.16147987313124926	 -0.02707525900621028	 
0.3800689472229273	 0.222667558146444	 0.8977565114806778	 -0.03418683055407945	 
0.0	 0.0	 0.0	 1.0	 
32	 34	  37
-0.6543317845021189	 -0.43800373895577205	 0.6164435419817748	 -1.3106175413692895	 
0.4315657508266291	 0.45309948305716524	 0.7800332436292554	 -0.8316337273638039	 
-0.620967727425283	 0.7764364643124984	 -0.1074499808384641	 2.090827646252268	 
0.0	 0.0	 0.0	 1.0	 
32	 35	  37
-0.5202425892496316	 -0.04592030000569618	 0.8527830758042899	 -1.4477156809831955	 
0.42226839988162346	 0.8541180037075783	 0.30359814591659456	 -0.9616425567356558	 
-0.7423186962432319	 0.5180480303890436	 -0.4249578701680679	 2.098320308248165	 
0.0	 0.0	 0.0	 1.0	 
32	 36	  37
-0.5325323567092515	 -0.23742112021934017	 0.8124287665583266	 -1.3419977423784035	 
0.42712954542894255	 0.7532901086957294	 0.5001143504868067	 -1.0291328739368248	 
-0.7307322631986044	 0.6133394034423105	 -0.299741781714988	 2.0906254471629167	 
0.0	 0.0	 0.0	 1.0	 
33	 34	  37
0.9201067061911786	 0.2148160648128073	 -0.3275022252143654	 0.09415298568277272	 
-0.002425322225953968	 0.8392824062271614	 0.5436903166414195	 0.07482006857890947	 
0.39166026992040104	 -0.4994588080071134	 0.7727503685343617	 0.2555637859740708	 
0.0	 0.0	 0.0	 1.0	 
33	 35	  37
0.820702948154041	 0.032003678641914224	 -0.5704580926278909	 0.2617683116054235	 
-0.08743057261546101	 0.9937056556019314	 -0.07003545528423025	 0.030835791208831557	 
0.5646260407237689	 0.1073537823186584	 0.8183352610993125	 0.11550484470568029	 
0.0	 0.0	 0.0	 1.0	 
33	 36	  37
0.8507319429585884	 0.13924388058073345	 -0.506819793369126	 0.10865462070726148	 
-0.08910174514930681	 0.9885197464207889	 0.12202290747038895	 0.056076098165712504	 
0.5179923167782059	 -0.05865025709233979	 0.8533721972865939	 0.08741598393345061	 
0.0	 0.0	 0.0	 1.0	 
34	 35	  37
0.9834929420848237	 0.06741985899558507	 -0.16791722806892648	 0.01724489426046026	 
-0.15437414691692752	 0.7967374099745077	 -0.5842757245605735	 -0.008878908253359602	 
0.09439415041731786	 0.6005531301726162	 0.7939935026225747	 -0.20997226359789106	 
0.0	 0.0	 0.0	 1.0	 
34	 36	  37
0.9851709044821622	 0.08860776935499624	 -0.14692498824818553	 -0.04074759767726609	 
-0.14267865106357452	 0.8986983852210696	 -0.4147095549076731	 0.01491215248829746	 
0.09529476109669718	 0.42952284643656985	 0.8980139380302236	 -0.15815822324375636	 
0.0	 0.0	 0.0	 1.0	 
35	 36	  37
0.999909857997843	 -0.0014492449906588103	 0.013348242119904269	 -0.07358603262577204	 
-0.0011972687272041062	 0.9805732611326226	 0.19614955034189832	 0.018247240382437083	 
-0.013373198059155498	 -0.19614785046156136	 0.9804831351598966	 0.035887135864337165	 
0.0	 0.0	 0.0	 1.0	 
