0	 1	  37
0.9987012836151515	 -0.03018749778208743	 -0.04104218662673981	 -0.05325312114288989	 
0.03130661674496949	 0.9991476779204139	 0.026903781411323203	 0.10565473812541913	 
0.04019504762319956	 -0.028153733036688756	 0.9987951368837696	 0.4705620215330765	 
0.0	 0.0	 0.0	 1.0	 
0	 6	  37
-0.02696647003661409	 -0.47978173031457944	 0.8769733751660373	 -3.728447362035107	 
0.7568027997597755	 0.5633578497045413	 0.33147768469693334	 0.1575587758758643	 
-0.6530867720062387	 0.6726346886926233	 0.3479083842017147	 1.8431704742684987	 
0.0	 0.0	 0.0	 1.0	 
0	 8	  37
0.988994478663326	 0.0669692417266129	 0.13192816922862832	 -0.4412766584925712	 
-0.06706080934234662	 0.9977418284198067	 -0.00375388756487426	 -0.11411539083559838	 
-0.13188164778999595	 -0.005134635728342315	 0.991252170989871	 0.0969379124155392	 
0.0	 0.0	 0.0	 1.0	 
0	 9	  37
0.9275359198452305	 -0.015922661199470004	 -0.373394678935291	 0.15092240193828874	 
0.014643403162641124	 0.9998731682932207	 -0.006262433320464996	 0.13664766511689905	 
0.3734470352549054	 0.00034086302793259857	 0.9276514408287831	 -0.20964125739999198	 
0.0	 0.0	 0.0	 1.0	 
0	 10	  37
-0.9111361311690501	 0.07469054217429506	 -0.40528048730231997	 1.1321485638253255	 
-0.1146364587399234	 -0.9905595918326774	 0.07516766163617077	 1.9250820461616303	 
-0.39584016067835487	 0.11494789227293321	 0.9110968934510445	 0.26931598117380456	 
0.0	 0.0	 0.0	 1.0	 
0	 11	  37
-0.9148771983262676	 0.17152387521290405	 0.365484982201222	 -0.8294395940000119	 
-0.3003659544892667	 -0.8940758619805227	 -0.332277965576318	 2.0928551005082743	 
0.2697776961989833	 -0.4137727797423763	 0.8694895521959056	 0.8222559318092904	 
0.0	 0.0	 0.0	 1.0	 
0	 27	  37
0.9472701886068295	 -0.019155638808420868	 -0.319862863237707	 1.2714633702155929	 
0.06766345143707944	 0.9876608333399752	 0.1412364528930444	 0.3142017942151079	 
0.3132105475816625	 -0.15543210668336352	 0.9368778005137954	 0.3886591757948438	 
0.0	 0.0	 0.0	 1.0	 
0	 28	  37
0.9693343398416067	 0.12350893761343071	 -0.2124534771036673	 1.1476394782349058	 
-0.08126537052438669	 0.9769911989720222	 0.19719061003187927	 -0.04027785037661906	 
0.2319199800736687	 -0.1738785192621914	 0.9570681184648341	 0.8949692711199287	 
0.0	 0.0	 0.0	 1.0	 
1	 2	  37
0.9997273692073244	 0.010989066752530578	 -0.020601642403192177	 -0.01075726440595855	 
-0.010489813326483834	 0.9996524140177061	 0.02418708260512461	 0.027295843985213557	 
0.020860275026377068	 -0.023964381078593357	 0.9994951512465391	 0.8752695137353782	 
0.0	 0.0	 0.0	 1.0	 
1	 6	  37
-0.9012843200323434	 0.19133150391448714	 0.3886886029634227	 -1.2085582350568644	 
-0.25157590042341993	 0.4992741835050489	 -0.8291169133551147	 1.4508482710878585	 
-0.35269837083545247	 -0.8450547587554245	 -0.401853597613397	 3.8294760838517745	 
0.0	 0.0	 0.0	 1.0	 
1	 8	  37
-0.28389658718290417	 0.008379899493986175	 0.9588182857405103	 -2.3042949242257222	 
0.1193934021136489	 0.9924885649506637	 0.026677030829934077	 -0.20088391456184765	 
-0.9513926336259015	 0.12205009515212753	 -0.28276462111750916	 2.3919823540519243	 
0.0	 0.0	 0.0	 1.0	 
1	 9	  37
-0.06071140061245425	 0.09880413993586183	 -0.9932531740534273	 2.28912400725845	 
0.02399545554370745	 0.9949456447308199	 0.09750580569597889	 -0.2960148869911168	 
0.9978668969100656	 -0.017913848349996712	 -0.06277539397223442	 2.2280410185923056	 
0.0	 0.0	 0.0	 1.0	 
1	 10	  37
0.9813011758276211	 -0.17968458425898548	 0.0690032789003753	 -0.669013575485781	 
0.18953309182674058	 0.9645329812828329	 -0.18372080753209608	 0.46136738098157654	 
-0.033544141394940045	 0.19336384925141695	 0.9805535234655735	 -0.2611691576854035	 
0.0	 0.0	 0.0	 1.0	 
1	 27	  37
0.9200222325149822	 0.06642378985109092	 -0.3861955098392089	 1.6238430428211497	 
0.01247405794048799	 0.9800653976592424	 0.19828316668221888	 -0.055463033671352246	 
0.39166757531948687	 -0.18724234684720592	 0.9008533809619109	 0.0949396982194724	 
0.0	 0.0	 0.0	 1.0	 
1	 28	  37
0.9686798140898836	 0.07245566133349245	 -0.23750704182300417	 1.4174006742575043	 
-0.024302643684339396	 0.9795534649138123	 0.1997107680754738	 -0.18607446661476792	 
0.24712102153548193	 -0.18768374068115207	 0.9506345324041141	 0.4679233321997579	 
0.0	 0.0	 0.0	 1.0	 
2	 3	  37
0.9998785561925022	 -0.0068176537201092395	 -0.014014009567199906	 0.20454503129269633	 
0.00718640895362066	 0.9996247394431059	 0.02643361155144528	 -0.048911765282911135	 
0.01382853545203535	 -0.026531111756842033	 0.9995523356564169	 0.7393596041057685	 
0.0	 0.0	 0.0	 1.0	 
2	 5	  37
0.8374819569475328	 0.048647154937060906	 -0.5442953482291208	 0.9648097076428312	 
0.010190035211012773	 0.994466296049564	 0.10456074408619492	 -0.1617978295883167	 
0.5463699616283171	 -0.09311412534084185	 0.8323518635122291	 1.7413272859747444	 
0.0	 0.0	 0.0	 1.0	 
2	 8	  37
0.18652718036272797	 0.02714552245675198	 -0.9820747077470636	 2.0673500217622607	 
-0.04372460627435795	 0.9988570903161303	 0.019304712671939693	 -0.3323292754751808	 
0.9814763215646534	 0.03933997630583619	 0.18750092392351927	 1.5577933036881138	 
0.0	 0.0	 0.0	 1.0	 
3	 4	  37
0.9736600402432337	 -0.007801811726153474	 -0.22787114290171265	 0.5159866582821703	 
0.023163519870414626	 0.9976282452160974	 0.06481771126984971	 -0.098123643996177	 
0.22682499284857516	 -0.06838871310997384	 0.9715314748058367	 0.5386256984511413	 
0.0	 0.0	 0.0	 1.0	 
3	 5	  37
0.9111764286184203	 0.11762207042867331	 -0.39487031349324025	 0.5394987049485356	 
-0.0758681292200661	 0.9898952989927676	 0.11979701165164648	 -0.1950484609224943	 
0.404971039580394	 -0.07919814126663366	 0.9108930296808094	 0.8822263064499658	 
0.0	 0.0	 0.0	 1.0	 
3	 6	  37
0.6104301082385306	 0.18131639238411035	 -0.7710379036135037	 1.1745885134876373	 
-0.11258939563391657	 0.9834248130655062	 0.14212411842422554	 -0.2453109361770176	 
0.7840272386509823	 5.385058568082395e-05	 0.620726418121083	 1.0113507868476697	 
0.0	 0.0	 0.0	 1.0	 
4	 5	  37
0.9438061525158759	 0.08952426084514793	 -0.31814360467139485	 0.3621900622650634	 
-0.07252374119551949	 0.9952521954268654	 0.06491051117507252	 -0.1375048568015832	 
0.3224441865442511	 -0.038189975361785845	 0.9458177796730621	 0.39798687980136216	 
0.0	 0.0	 0.0	 1.0	 
4	 6	  37
0.7535731867184906	 0.1769605396546981	 -0.6330974803804357	 0.7519674333812149	 
-0.1420145076396508	 0.9841672247398325	 0.1060507113024878	 -0.198712320949971	 
0.6418405813586465	 0.00999205449415234	 0.7667729957217978	 0.2911027659362511	 
0.0	 0.0	 0.0	 1.0	 
4	 7	  37
0.5081473201846877	 0.11721786415429805	 -0.8532562764563907	 1.1595118196460663	 
-0.14103588492640282	 0.9886470746498742	 0.051825099606971146	 -0.2655103463551467	 
0.8496441491307679	 0.09400496853544747	 0.5189102867919486	 0.23864731028834	 
0.0	 0.0	 0.0	 1.0	 
5	 6	  37
0.9355392947708957	 0.09021547399002233	 -0.341507534605509	 0.3426119964356733	 
-0.08407192285106851	 0.9959203486160243	 0.03278064979009271	 -0.04641557637283129	 
0.34307162477783076	 -0.001956390884341898	 0.9393072089614809	 -0.21468845568103392	 
0.0	 0.0	 0.0	 1.0	 
5	 7	  37
0.7996947765356127	 0.08585270924759916	 -0.5942369701529052	 0.6049546722159385	 
-0.12183176739151619	 0.9923372449058924	 -0.02058671481426046	 -0.10338329886149472	 
0.5879160525414467	 0.0888600286261003	 0.8040264986159672	 -0.4550465691822312	 
0.0	 0.0	 0.0	 1.0	 
5	 8	  37
0.6697881418235826	 0.0044955037478341935	 -0.7425386424412991	 0.8818262629373909	 
-0.10893166626345444	 0.9897579129995431	 -0.09226681819515371	 -0.017773271707266194	 
0.7345187112372163	 0.14268519229704013	 0.6634178161170955	 -0.6579821815240195	 
0.0	 0.0	 0.0	 1.0	 
6	 7	  37
0.9444215885850846	 0.008399691937241051	 -0.3286294390187591	 0.30804883205380185	 
-0.03356983532903939	 0.9969117753905524	 -0.07099280416801178	 -0.04796399308323438	 
0.3270182398130202	 0.0780791730425978	 0.94178697886867	 -0.29538348951466953	 
0.0	 0.0	 0.0	 1.0	 
6	 8	  37
0.8922059448921668	 -0.024313233311149048	 -0.4509738557666433	 0.3481672878652835	 
-0.03863731916058319	 0.9907798269849148	 -0.12985565835890706	 -0.009947157275655379	 
0.44997300970964793	 0.13328241116403772	 0.883040253559905	 -0.580087466777203	 
0.0	 0.0	 0.0	 1.0	 
7	 8	  37
0.9854035152443202	 0.0242912783918477	 -0.1684928661345209	 0.020409766323655924	 
-0.0286066093132895	 0.9993207582618157	 -0.023231100073526086	 -0.07903015138417492	 
0.16781410562802104	 0.02771201726903187	 0.9854290791584895	 -0.3007604952611644	 
0.0	 0.0	 0.0	 1.0	 
9	 10	  37
0.9859214195834985	 -0.010214311360957703	 -0.16689704086615648	 0.25138303388450045	 
0.00900059562149401	 0.9999272753431881	 -0.008027035766939066	 0.06229347925869155	 
0.16696689397876582	 0.006411853723127838	 0.9859416536727293	 -0.059801554804024895	 
0.0	 0.0	 0.0	 1.0	 
9	 11	  37
0.9927590550984323	 -0.07892889487608787	 0.0905521290401656	 -0.18345571922781923	 
0.0757051352971419	 0.9963865124389416	 0.03850519860233196	 0.08987930659391996	 
-0.0932640928209179	 -0.03137112340039858	 0.9951470552671541	 0.34315893462432495	 
0.0	 0.0	 0.0	 1.0	 
10	 11	  37
0.9914705585431585	 -0.05290140860870251	 0.11911159687172264	 -0.08239090190483987	 
0.04669823678567352	 0.9974330428832718	 0.054282590632045116	 0.03291078323672505	 
-0.12167746801781278	 -0.048257288898488064	 0.9913958986423848	 0.3480332795367539	 
0.0	 0.0	 0.0	 1.0	 
14	 15	  37
0.9946245871160739	 0.045524748962526874	 -0.09300230070315066	 0.17103943097055066	 
-0.04238084801319799	 0.998470445742813	 0.03550538972930887	 -0.04696112398573236	 
0.09447642259242567	 -0.03137301722893087	 0.9950326323111673	 0.12136598833065798	 
0.0	 0.0	 0.0	 1.0	 
14	 16	  37
0.9914392261369402	 0.0006490541632857977	 -0.13056737573252003	 0.16216172755193853	 
0.008020594112357171	 0.9977964415880085	 0.06586297309103942	 -0.0346012116415933	 
0.13032241153028395	 -0.06634636299752435	 0.9892493260902082	 0.18195326243467316	 
0.0	 0.0	 0.0	 1.0	 
14	 17	  37
0.9047704415767398	 0.06611467475963914	 -0.4207366133704762	 0.4550551099238743	 
-0.05598461141618651	 0.9977679710725251	 0.036397790954872576	 -0.03681225179456307	 
0.4222039451895363	 -0.009376869586549222	 0.9064523721537425	 0.7780274598101287	 
0.0	 0.0	 0.0	 1.0	 
15	 16	  37
0.9982179720647045	 -0.038051950434798	 -0.045966610872847126	 0.022243548606118175	 
0.0395111288274531	 0.9987299115176449	 0.03126394950638073	 0.0021520414678572555	 
0.044718574952792155	 -0.03302442895895118	 0.998453622431271	 0.06006063279665291	 
0.0	 0.0	 0.0	 1.0	 
15	 17	  37
0.9471545860629459	 0.0741889054948934	 -0.3120804325833302	 0.26782133413896025	 
-0.0750705249457283	 0.9971357307855322	 0.009206012990137744	 -0.060281725813504536	 
0.3118695342355549	 0.014708524476356625	 0.9500110804213951	 0.6029233444468797	 
0.0	 0.0	 0.0	 1.0	 
16	 17	  37
0.9655831435426135	 0.10157596027270646	 -0.2394400075197176	 0.17636646290178618	 
-0.11363623707339121	 0.9928303771429365	 -0.03707624368806039	 -0.014312978168778752	 
0.23395725791298924	 0.06300925739043457	 0.970202986468781	 0.5015571230414723	 
0.0	 0.0	 0.0	 1.0	 
17	 18	  37
0.9749073371923689	 0.023068408293037773	 -0.2214125841665495	 0.18376716596279535	 
-0.01130489356972301	 0.9984633622994613	 0.05425047029317029	 -0.01132233793708981	 
0.2223238252411582	 -0.050386135835948226	 0.9736700437240837	 0.5861092846370599	 
0.0	 0.0	 0.0	 1.0	 
18	 19	  37
0.8818015072343302	 0.009439255121801576	 -0.47152624773389706	 0.36668106807716744	 
-0.015388350040982098	 0.9998431973391793	 -0.008762386523256274	 0.029707119272748543	 
0.4713696007617364	 0.01498269659681737	 0.8818084929736208	 0.5793561755210922	 
0.0	 0.0	 0.0	 1.0	 
19	 20	  37
0.9266431853435527	 0.06490408863913413	 -0.37029699746862554	 0.27627028908207385	 
-0.06626820745105949	 0.9977607897834904	 0.009051577312849262	 -0.07195576456137363	 
0.3700553090249878	 0.016151335813193248	 0.9288693140662315	 0.13782427609105546	 
0.0	 0.0	 0.0	 1.0	 
19	 21	  37
-0.6686721534397718	 -0.04567587485997826	 0.7421531281817744	 -2.8085897546515217	 
0.12495431958036306	 0.9770141542856527	 0.1727129420272244	 -0.4855967817603903	 
-0.7329829256077024	 0.20822357402865452	 -0.6475947606229578	 5.1516072367594745	 
0.0	 0.0	 0.0	 1.0	 
20	 21	  37
0.9009584143819473	 0.07995413928518152	 -0.426475405112103	 0.4196425318000153	 
-0.0432311995079297	 0.9945264984187497	 0.09512153979013001	 -0.06404333330757668	 
0.4317464521492588	 -0.06726350833925843	 0.8994835304231101	 -0.20918393996410062	 
0.0	 0.0	 0.0	 1.0	 
21	 22	  37
0.9117713594842429	 0.0013504556928640888	 -0.41069595115325586	 0.20225995722513843	 
0.006489589547515718	 0.9998223714954202	 0.017694933873257813	 0.09157666793310644	 
0.41064689606979876	 -0.0187989820654154	 0.91160063899799	 -0.024500250627337076	 
0.0	 0.0	 0.0	 1.0	 
22	 23	  37
0.9931828422091202	 0.05053610112239917	 -0.10504258386368763	 -0.021950663772073022	 
-0.03745763784410858	 0.9917060799143409	 0.12294704725234665	 0.03201204369960319	 
0.11038463348017591	 -0.11817425076672883	 0.9868384260592862	 0.0030073670926659907	 
0.0	 0.0	 0.0	 1.0	 
22	 24	  37
0.8996884735403496	 0.1574851535585592	 -0.40713520725586194	 0.29588154799685074	 
-0.10812542133498897	 0.9839891163886985	 0.14168384554959437	 -0.026085133297544263	 
0.42292971501157	 -0.08344965690299262	 0.9023118146865899	 0.5239086272750691	 
0.0	 0.0	 0.0	 1.0	 
23	 24	  37
0.9717611023205872	 0.05373945308839523	 -0.22976603578083027	 0.24589627750086196	 
-0.04910035251554475	 0.9984588996393823	 0.02586466921810409	 -0.11683755941815416	 
0.23080189643832374	 -0.013852686117604122	 0.972902147026	 0.43140258192615005	 
0.0	 0.0	 0.0	 1.0	 
23	 25	  37
0.8872625782012875	 0.10553990304007584	 -0.44902833562025474	 0.6465755884623652	 
-0.08487244224227074	 0.9942052619675085	 0.0659739768692922	 -0.2726702111602029	 
0.453389221168123	 -0.020426109331166703	 0.891078553319602	 0.9241060431749455	 
0.0	 0.0	 0.0	 1.0	 
24	 25	  37
0.9922604194427708	 0.01828992334910591	 -0.12281994427266317	 0.3427277805959044	 
-0.016166058923377788	 0.9997024450269768	 0.018266908495157153	 -0.11958357540195957	 
0.12311749894365993	 -0.01614001582924992	 0.9922608433989968	 0.3035563627352718	 
0.0	 0.0	 0.0	 1.0	 
25	 26	  37
0.9760172349935562	 0.04733699868763518	 -0.21248427130208666	 0.23179593400783094	 
-0.046488289788453506	 0.9988783677539783	 0.008991403988937293	 -0.08344503832815378	 
0.2126715681704461	 0.0011022651197869497	 0.977123118702821	 0.33589460962223977	 
0.0	 0.0	 0.0	 1.0	 
26	 27	  37
0.945103481871783	 0.07648915904670779	 -0.31769296042273276	 0.26560264999015354	 
-0.07149723993129942	 0.9970654534896487	 0.02736103323500766	 -0.13802170771983882	 
0.31885349807715585	 -0.003144837962186428	 0.9477987955036412	 0.37891425762914005	 
0.0	 0.0	 0.0	 1.0	 
26	 28	  37
0.8999740299367613	 0.020498811980081882	 -0.4354613004008394	 0.7650663414717399	 
-0.00832985126877708	 0.9995201049381823	 0.029835773866345863	 -0.333103277777381	 
0.435863922591931	 -0.02322409377713038	 0.8997128888990119	 1.1972620197903698	 
0.0	 0.0	 0.0	 1.0	 
27	 28	  37
0.984577136305421	 0.002955141008330012	 0.17492606954435608	 -0.12144980302399978	 
0.0007960808961966867	 0.9997713065389833	 -0.021370560978630927	 -0.15519760971522323	 
-0.17494921811720882	 0.021180221031791797	 0.9843496174211792	 0.4222442441251163	 
0.0	 0.0	 0.0	 1.0	 
29	 30	  37
0.9633235563076046	 -0.022917526171299954	 0.26736213803950826	 0.09346027017186588	 
-0.03383159804756003	 0.9780236262129616	 0.20573091537928356	 -0.07090713648265674	 
-0.2662013313949006	 -0.20723072543287901	 0.9413778612226575	 0.346229024459446	 
0.0	 0.0	 0.0	 1.0	 
30	 31	  37
0.9579575823778896	 0.013658054343494977	 0.2865845912052106	 -0.04744507724166724	 
-0.014369324952049	 0.9998966841653729	 0.00037880801894889016	 -0.025838111572208118	 
-0.28654980869847063	 -0.004480909131295615	 0.9580548672118039	 0.6550080060751566	 
0.0	 0.0	 0.0	 1.0	 
31	 32	  37
0.8380921857508736	 -0.06048321019145283	 0.5421653525155028	 -0.40544826540126805	 
0.059603321790028446	 0.9980374104931266	 0.019203418647955176	 0.0015538417434128543	 
-0.5422627888901442	 0.016220620860831803	 0.8400523550612612	 0.25647599379298053	 
0.0	 0.0	 0.0	 1.0	 
31	 33	  37
0.616969782751812	 -0.063027413307927	 0.7844589424201196	 -1.0603491703697356	 
0.05327315740409245	 0.9978462478125469	 0.03827318155863413	 0.06517303855465212	 
-0.7851816718896204	 0.01817720820514345	 0.6189986520425438	 0.22722636466842758	 
0.0	 0.0	 0.0	 1.0	 
31	 34	  37
0.4133392378142223	 0.058294006569350694	 0.9087092402310278	 -1.4532932792868967	 
0.01759722442700387	 0.9972509499604483	 -0.07197833351398501	 0.07411768211088482	 
-0.9104070585049441	 0.045742229953045985	 0.4111771348498104	 0.40545779117268005	 
0.0	 0.0	 0.0	 1.0	 
31	 35	  37
0.4757389683760701	 0.06857287433531835	 0.8769094564855966	 -1.345665194259758	 
0.12497227452821918	 0.9815728133553204	 -0.14455705683557898	 0.057241270781046516	 
-0.8706631751531215	 0.17836079442274896	 0.45840272953503464	 0.18842536380089767	 
0.0	 0.0	 0.0	 1.0	 
31	 36	  37
0.5924122330354776	 0.07688885692085293	 0.8019575112381735	 -1.31238992045075	 
0.11245077004795087	 0.9777989901340718	 -0.17681617349217152	 -0.0509102599260263	 
-0.7977484380840509	 0.19492880385975675	 0.5706138720363031	 0.16172456554744535	 
0.0	 0.0	 0.0	 1.0	 
31	 37	  37
0.5035341114601083	 -0.011123676645676164	 0.8639037344600158	 -1.4055907832115695	 
0.021739751979373858	 0.9997636432968995	 0.00020180581109503353	 0.05764848401584425	 
-0.8637017898441304	 0.018679436811438757	 0.5036569237690005	 0.2600312278702896	 
0.0	 0.0	 0.0	 1.0	 
32	 33	  37
0.9611138452279621	 -0.04312142946445826	 0.2727649516196356	 -0.4464047474315688	 
0.03823185360246744	 0.9989991198198315	 0.023218181869416796	 0.0522758943014175	 
-0.2734931477774899	 -0.011887006357511356	 0.9618004976078021	 -0.3828062335588357	 
0.0	 0.0	 0.0	 1.0	 
32	 34	  37
0.8712175826620829	 -0.00952605203727376	 0.4908046230355003	 -0.841379438070141	 
0.05307612150711335	 0.9957785014291384	 -0.07488725804368636	 0.07959369980600597	 
-0.4880193121037308	 0.09129310173349736	 0.8680453447773787	 -0.4670773835263887	 
0.0	 0.0	 0.0	 1.0	 
32	 35	  37
0.8689747742416041	 0.05000607154536461	 0.49232330286139403	 -0.8358974310823309	 
0.06128497245446672	 0.9763473820360206	 -0.2073401595028387	 0.13825936046167026	 
-0.49104683471437577	 0.2103453883497502	 0.845356625168919	 -0.5088616540455119	 
0.0	 0.0	 0.0	 1.0	 
32	 36	  37
0.9270187050018569	 0.04805245116290191	 0.37192375900702696	 -0.8056002187433594	 
0.04909458382474374	 0.9676711451507573	 -0.24739093896441958	 0.08703406563085157	 
-0.3717876307998363	 0.2475954700309735	 0.8946901367537172	 -0.54791627581674	 
0.0	 0.0	 0.0	 1.0	 
32	 37	  37
0.8973605852541106	 0.02584208095528292	 0.44054076642723994	 -0.8322881417059534	 
-0.010680586480926466	 0.9992633301115446	 -0.03686084869897896	 0.09971628551241844	 
-0.44116879434613565	 0.028372239007279237	 0.8969755353123574	 -0.5226346158109715	 
0.0	 0.0	 0.0	 1.0	 
33	 34	  37
0.9713382794171828	 -0.016743784416994364	 0.23711092893889232	 -0.3750846534347155	 
0.0425649643020176	 0.9936448138882388	 -0.10420272379825254	 0.06026404984073696	 
-0.23385929691341162	 0.11130871267068124	 0.9658779424599984	 -0.19175891923241348	 
0.0	 0.0	 0.0	 1.0	 
33	 35	  37
0.9717324215426488	 0.009638711072067988	 0.23588810095409427	 -0.3381111420192218	 
0.05072872289027177	 0.9673025038057239	 -0.2485004281789048	 0.14793748002005166	 
-0.2305703744993746	 0.2534422249350851	 0.9394702448844088	 -0.2162349412365733	 
0.0	 0.0	 0.0	 1.0	 
33	 36	  37
0.9937802064536457	 0.009643685649851944	 0.11094097794789408	 -0.3142627950249718	 
0.022179108308442746	 0.9591434819874113	 -0.2820494072245255	 0.0756029559185423	 
-0.10912831170503225	 0.2827556901074684	 0.9529639191995982	 -0.2553036802869424	 
0.0	 0.0	 0.0	 1.0	 
33	 37	  37
0.9809538642732607	 0.04437634677123848	 0.18910382337381518	 -0.3705186941111785	 
-0.03080474054475524	 0.9967739209521542	 -0.07411355118760582	 0.09239795710585455	 
-0.19178264813931004	 0.06687668021744503	 0.9791562314134381	 -0.2414840323374383	 
0.0	 0.0	 0.0	 1.0	 
34	 35	  37
0.9999066332020459	 0.013586916717853573	 0.0014562186138633384	 0.025744504435398673	 
-0.013268805364988298	 0.9908730283371453	 -0.13414387991318003	 0.044402126916713164	 
-0.003265529472429824	 0.13411203304729133	 0.9909607958487493	 -0.03359296691256617	 
0.0	 0.0	 0.0	 1.0	 
34	 36	  37
0.99298777020819	 -0.015059777025655965	 -0.11725396084100707	 0.04702874743111797	 
-0.0036468789409843196	 0.9874782116999504	 -0.15771328952202243	 -0.03723231687128111	 
0.11816085854019777	 0.15703497869520927	 0.9804988663814137	 -0.061336473159498923	 
0.0	 0.0	 0.0	 1.0	 
34	 37	  37
0.9961775067850873	 0.07604707504397362	 -0.04297926654448671	 0.006806599489763706	 
-0.07402593063258275	 0.9961571008365271	 0.046810170336627765	 -0.014398582105425703	 
0.04637387809344686	 -0.04344965857426551	 0.9979787525796099	 -0.05891654369693262	 
0.0	 0.0	 0.0	 1.0	 
35	 36	  37
0.9917471561816671	 -0.0132633544603413	 -0.12752122032836316	 0.04289417964150654	 
0.010032633696420776	 0.9996130576179425	 -0.025943810453002487	 -0.08257948835459684	 
0.12781597891769653	 0.024450326545206208	 0.9914964735515419	 -0.012571764598473034	 
0.0	 0.0	 0.0	 1.0	 
35	 37	  37
0.9958308187292688	 0.07161596480471943	 -0.05649897392062254	 0.002340499875322054	 
-0.06149608417490081	 0.984533426956399	 0.16404926954010632	 -0.019638874411968283	 
0.06737367512721511	 -0.15989085274204454	 0.9848328300322213	 -0.0059989660263589165	 
0.0	 0.0	 0.0	 1.0	 
36	 37	  37
0.9945010702610213	 0.06980049371994308	 0.07807376208518835	 -0.0465695668677009	 
-0.08394624134157666	 0.9770454109448592	 0.19579400786595316	 0.044917697665995696	 
-0.06261509254408419	 -0.20127134924783346	 0.9775321959698571	 0.002610918198415504	 
0.0	 0.0	 0.0	 1.0	 
