0	 1	  37
0.9946450780431247	 -0.019942393109711996	 0.10140744391632915	 0.013399201599622592	 
0.029067964195613295	 0.9955783862981427	 -0.08932373812995531	 -0.1176550626263537	 
-0.09917773027302187	 0.09179312443230152	 0.9908268265064522	 -0.013991894794060402	 
0.0	 0.0	 0.0	 1.0	 
0	 2	  37
0.9512425666465004	 -0.14452140669169278	 0.27249062810972524	 0.13912063284735635	 
0.13331522795193196	 0.9892978161611096	 0.05930329615614095	 -0.11576385334242699	 
-0.2781449790952599	 -0.020084669444951877	 0.9603290980999087	 -0.17302771619174936	 
0.0	 0.0	 0.0	 1.0	 
1	 2	  37
0.9761584771501512	 -0.11909236258298606	 0.1814707597997544	 0.12505716932638125	 
0.09515883858123533	 0.9862184343438758	 0.13534398841538753	 0.008551641033672753	 
-0.1950882439506997	 -0.11484863488399374	 0.9740381759138167	 -0.16469282155818352	 
0.0	 0.0	 0.0	 1.0	 
1	 34	  37
0.9173940115145152	 -0.3979669396386782	 -0.003246935775504872	 0.4434243491271543	 
0.3979787624056417	 0.9173820141643588	 0.004810900312597959	 0.37418927581498923	 
0.001064101207283599	 -0.00570570261831676	 0.9999831561812687	 -0.38822610746452774	 
0.0	 0.0	 0.0	 1.0	 
1	 37	  37
0.23340841187223274	 -0.6126228747582483	 0.7551249741534322	 -1.715509755396848	 
0.20561578629850832	 0.7901098798381726	 0.5774500205272786	 -0.672772864956006	 
-0.9503907941958024	 0.020483923087338606	 0.3103832263554583	 1.7594671915491369	 
0.0	 0.0	 0.0	 1.0	 
1	 38	  37
-0.36105742842797595	 -0.5018264182106777	 0.7860074931976283	 -1.5670913233619475	 
0.17102670366067946	 0.7929347874021168	 0.5848113281756114	 -0.9296402309594337	 
-0.9167264586625277	 0.3455787448808194	 -0.2004692771340739	 2.270066995830936	 
0.0	 0.0	 0.0	 1.0	 
1	 50	  37
0.9880664689891516	 -0.15334708983942996	 0.014467995614046396	 -0.06617166638800051	 
0.1458831067682499	 0.9618206042022124	 0.23155829609783973	 -0.28589928132694903	 
-0.0494244071178776	 -0.2266843518416508	 0.9727134380747381	 0.3706475184279338	 
0.0	 0.0	 0.0	 1.0	 
2	 34	  37
0.9630791806124795	 0.10679001393573755	 -0.24713232243961955	 0.34173702807185763	 
-0.1094558345113876	 0.9939872315090708	 0.0029671347037004705	 -0.08101994296523118	 
0.24596323335452175	 0.024192488928158482	 0.9689771985538419	 -0.054819847678455644	 
0.0	 0.0	 0.0	 1.0	 
2	 36	  37
0.5653471475296283	 -0.3067016884296093	 0.765713182003901	 -2.5761649886041615	 
0.18548885863296816	 0.9517975970638085	 0.24428511527843502	 -0.508914994691141	 
-0.8037266239855138	 0.003925371063512354	 0.5949858026531911	 1.373679240525327	 
0.0	 0.0	 0.0	 1.0	 
2	 37	  37
0.3438883323721795	 -0.5316948150453099	 0.7739776731354815	 -2.272159990653541	 
0.3206508959235825	 0.841194844659925	 0.4354012359433169	 -0.6970785417102523	 
-0.8825666081388331	 0.09844722937440835	 0.45976551113237873	 1.6725217541081305	 
0.0	 0.0	 0.0	 1.0	 
2	 38	  37
-0.02848556966044191	 -0.49049871888457897	 0.8709762218876625	 -2.229881634415352	 
0.3108645095179411	 0.8237761630822041	 0.4740844754468678	 -0.9295462171840746	 
-0.9500272780522097	 0.28426016236917334	 0.12901291038714338	 1.6456461669773963	 
0.0	 0.0	 0.0	 1.0	 
3	 4	  37
0.7479927782067354	 0.17071090561391028	 -0.6413771047169108	 0.02095069833997764	 
-0.1520141931655517	 0.98473241561116	 0.08481600509829404	 0.07414715456010461	 
0.6460638426864598	 0.034056663798528834	 0.7625232159246813	 0.12480765988490793	 
0.0	 0.0	 0.0	 1.0	 
3	 6	  37
0.6915263685039675	 0.11651273374866865	 -0.712892744063318	 0.23687900071792645	 
-0.088606949156695	 0.9931351635728457	 0.07636331210915395	 -0.07112877521005781	 
0.7168961502371585	 0.010360007217616827	 0.6971029909744993	 0.2678518449985907	 
0.0	 0.0	 0.0	 1.0	 
3	 31	  37
0.13161123818430165	 -0.5002966758411456	 0.8557930346327279	 -2.5260255392182294	 
0.05633385431223336	 0.8656820977837175	 0.49741431667686165	 -0.4259357221005957	 
-0.9896994386387825	 -0.017255193974015853	 0.14211713281302854	 2.0668905200766	 
0.0	 0.0	 0.0	 1.0	 
3	 47	  37
0.8803031243357049	 0.25157028632400735	 -0.40221735457791186	 0.9410306831742903	 
-0.3725273025530179	 0.8915193424987333	 -0.25771432013607504	 1.7720613370851113	 
0.29375128618845037	 0.37670366734275895	 0.8785240627741204	 -0.030890847940456885	 
0.0	 0.0	 0.0	 1.0	 
4	 6	  37
0.9962784768683173	 0.005644083276275596	 -0.08600779530318643	 0.2277478331075248	 
-0.010270084782619315	 0.9985183182112121	 -0.05343868968463251	 -0.0001812782416051953	 
0.08557874670443645	 0.0541231237145744	 0.9948602744063479	 -0.052820561484552414	 
0.0	 0.0	 0.0	 1.0	 
4	 7	  37
0.9995039533400525	 -0.019414677126010093	 -0.024797531524296226	 0.5791584249948725	 
0.019624849899046098	 0.9997732891908122	 0.008260477408897163	 -0.06527258419524232	 
0.02463153515405798	 -0.00874302766070033	 0.9996583651144416	 0.4989451526746709	 
0.0	 0.0	 0.0	 1.0	 
6	 7	  37
0.9957662482196417	 -0.03956992902720363	 0.0829686665155023	 0.34673538117325303	 
0.03266447318661105	 0.9960144326733569	 0.08299567517534477	 -0.09497851904028688	 
-0.08592212228535656	 -0.07993416430508496	 0.9930900856814683	 0.5195902764377383	 
0.0	 0.0	 0.0	 1.0	 
8	 9	  37
0.9612026907743927	 0.10573636313458214	 -0.2547728571868259	 0.3409322334946834	 
-0.08690608083037298	 0.9926604749859386	 0.08409824323607883	 -0.0822543616452096	 
0.2617951878143899	 -0.058694147167854926	 0.9633370525031544	 0.5790339095239132	 
0.0	 0.0	 0.0	 1.0	 
8	 10	  37
0.7059470798165617	 0.2618449992536722	 -0.6580850377149706	 0.5397876302208764	 
-0.20691918336055456	 0.9648625859586347	 0.16194024136890012	 -0.15929595060855467	 
0.6773648736507316	 0.02184917808661707	 0.7353226783943687	 0.6386390598833264	 
0.0	 0.0	 0.0	 1.0	 
8	 24	  37
-0.9964597941265363	 0.08187846154278432	 0.019073442916454315	 -0.6367200410548257	 
0.07542140542697362	 0.7704023573704608	 0.6330812107158582	 -1.2417409883924728	 
0.03714149017905055	 0.6322785187663928	 -0.7738503630637229	 3.708298096899461	 
0.0	 0.0	 0.0	 1.0	 
8	 26	  37
0.997484125335205	 0.06146796999078534	 0.035314421550860654	 -0.6262733174235221	 
-0.06422700307734727	 0.9944616564564182	 0.08319198226787504	 0.11309117423997357	 
-0.030005195882753487	 -0.08525082112899525	 0.9959076190675867	 -0.2542554867936895	 
0.0	 0.0	 0.0	 1.0	 
8	 28	  37
0.17666579166294447	 -0.21074219659600701	 0.9614452270566406	 -2.0545167106415807	 
0.3119599557263491	 0.9384377601608774	 0.14837640084410453	 -0.5678400558435863	 
-0.9335256740332962	 0.2737193761466772	 0.23153297614498544	 2.5490106654964526	 
0.0	 0.0	 0.0	 1.0	 
8	 29	  37
-0.43141515597477254	 -0.36631575536998	 0.8244354010854834	 -2.083320753433579	 
0.25650818774709383	 0.8263279785351507	 0.5013837068640273	 -0.5128841387365636	 
-0.8649187897218811	 0.42777896074694016	 -0.2625274231928998	 2.753150988522154	 
0.0	 0.0	 0.0	 1.0	 
9	 10	  37
0.8814472132111446	 0.15738562712910759	 -0.4452870699846169	 0.20351705169582482	 
-0.164326916755351	 0.9861316492882172	 0.023260152660307995	 -0.0022336554551596155	 
0.4427724864442093	 0.052670054540301985	 0.8950856889721419	 -0.051083195514083114	 
0.0	 0.0	 0.0	 1.0	 
9	 29	  37
-0.6131653904142315	 -0.3944454245126763	 0.6844275060802111	 -1.7398731631449729	 
0.2943313248360508	 0.6899509499349481	 0.6613144168276675	 -0.9679286977173734	 
-0.7330738538635915	 0.6069435671995188	 -0.3069563992111975	 2.3972421717247614	 
0.0	 0.0	 0.0	 1.0	 
10	 11	  37
0.8524675159726935	 0.15902833425632157	 -0.4980051436632008	 0.3313964741418861	 
-0.15171202565707476	 0.9868685955914611	 0.05544218886700101	 -0.26266470308495776	 
0.5002825156672707	 0.028290704109246115	 0.8653999310022106	 0.7328909501443482	 
0.0	 0.0	 0.0	 1.0	 
11	 12	  37
0.9947097800983709	 0.047209330713910785	 -0.09123449166951886	 0.16118853622193668	 
-0.03220376459869112	 0.9866809449202295	 0.15944789267028564	 -0.2591405322489369	 
0.09754676274650535	 -0.15566628416220202	 0.982981503922027	 0.8518769362779022	 
0.0	 0.0	 0.0	 1.0	 
11	 15	  37
0.30761580324426097	 0.4305317080020137	 -0.8485369561776648	 1.358338168468244	 
-0.3101540581053891	 0.8884425580081071	 0.3383404814100288	 -0.7525764860142028	 
0.899542649258581	 0.15909830145190096	 0.406830127497919	 2.2631350283155687	 
0.0	 0.0	 0.0	 1.0	 
11	 17	  37
0.3757715136834133	 0.5767573753473452	 -0.7253597035171702	 1.1132020679435228	 
-0.2810180746796563	 0.8167868370343615	 0.5038731036190977	 -1.0334573778698173	 
0.8830767866994438	 0.01449802848129393	 0.4690044732864928	 2.13352131255447	 
0.0	 0.0	 0.0	 1.0	 
12	 13	  37
0.9740500950207388	 0.14317239314471034	 -0.17529426183223495	 0.5506770324442442	 
-0.12654328970010456	 0.9866325637879897	 0.10267901394644421	 -0.22192218219691653	 
0.1876518271213126	 -0.07783219073336718	 0.9791470481310138	 0.4285175596135944	 
0.0	 0.0	 0.0	 1.0	 
12	 14	  37
0.8257684309582501	 0.262046097572429	 -0.4994380253643198	 1.0460299145954748	 
-0.2743059063909617	 0.960324567721653	 0.050328861990450426	 -0.4416698921139327	 
0.4928110876916054	 0.0954388148359031	 0.8648865038089881	 0.8099455997528606	 
0.0	 0.0	 0.0	 1.0	 
12	 15	  37
0.46891349164020474	 0.40613320563189903	 -0.7843315349015033	 1.2779512236117092	 
-0.4090133520841313	 0.8869070048372488	 0.21471851943305215	 -0.6287189353322222	 
0.7828334530247756	 0.22011765956818807	 0.5819965642265672	 1.1038148763043263	 
0.0	 0.0	 0.0	 1.0	 
12	 16	  37
0.6645529036280823	 0.3580461380209214	 -0.655875294036746	 1.087555070654537	 
-0.3186137369565901	 0.9297142194250229	 0.18470721919155247	 -0.9819132736938929	 
0.67591029353165	 0.08622315957573487	 0.7319227021009361	 1.1307543234642692	 
0.0	 0.0	 0.0	 1.0	 
12	 17	  37
0.5108464882735521	 0.5293464006309697	 -0.6773686245742536	 1.0604572328523825	 
-0.36655612742556914	 0.8468448154690971	 0.38534460416603794	 -0.9053912004959734	 
0.7776068870999978	 0.051441682050140006	 0.6266428667770049	 1.016363837842537	 
0.0	 0.0	 0.0	 1.0	 
12	 18	  37
0.6458300986878073	 0.5487946953652145	 -0.5307804310333027	 0.9303019266681065	 
-0.3810912234909086	 0.8341296818947862	 0.39874447100907257	 -0.9894588013227376	 
0.661568562589774	 -0.055245417195493585	 0.7478468966785892	 1.2408071309557813	 
0.0	 0.0	 0.0	 1.0	 
12	 21	  37
0.13569616846713226	 0.7060451157722296	 -0.6950444909194782	 0.5167471166631629	 
-0.4882536789797333	 0.6580852234596283	 0.5731772706823299	 -1.158379105851017	 
0.8620875215580455	 0.2615800702619908	 0.4340287686497715	 1.7675515963852815	 
0.0	 0.0	 0.0	 1.0	 
13	 14	  37
0.9362301961531124	 0.14140614772898508	 -0.3216789100882324	 0.5606392615845193	 
-0.17832818557099392	 0.980008742703843	 -0.08821520535026774	 -0.17586260993979538	 
0.3027739718702086	 0.13995415538125688	 0.9427304791664781	 0.26643286964387475	 
0.0	 0.0	 0.0	 1.0	 
13	 15	  37
0.6413714323587766	 0.3279269091465894	 -0.6936185032217757	 0.9213163255778205	 
-0.40262875250609276	 0.9134245521806793	 0.059545571866544966	 -0.36323387015730735	 
0.653094766025145	 0.24107992394865813	 0.7178772157266661	 0.5317534668743932	 
0.0	 0.0	 0.0	 1.0	 
13	 16	  37
0.8203504234814792	 0.24811744691118515	 -0.5152309338850221	 0.7455824200594456	 
-0.26342203621478194	 0.9636473421006287	 0.04463889446269133	 -0.7621522742880984	 
0.5075766085333466	 0.09910364574862252	 0.8558881082648109	 0.5342188344225269	 
0.0	 0.0	 0.0	 1.0	 
13	 17	  37
0.6803901396207028	 0.4475641612069191	 -0.5803064531004863	 0.6884029950203687	 
-0.36329023914269637	 0.8936911742950208	 0.2633178443076522	 -0.6961364467211192	 
0.6364663856407202	 0.03166080526981954	 0.7706543540129408	 0.42505466697470246	 
0.0	 0.0	 0.0	 1.0	 
13	 18	  37
0.8287812985818449	 0.3776208560970074	 -0.4129455753020668	 0.5964146051636429	 
-0.2966673543020187	 0.922235146866193	 0.24793308527934005	 -0.7376425610972825	 
0.4744576272044027	 -0.08297483308362537	 0.8763590229251438	 0.6423868920186848	 
0.0	 0.0	 0.0	 1.0	 
14	 15	  37
0.861709576324413	 0.23376787907714822	 -0.45034340761531433	 0.46818080091700687	 
-0.22748668265187	 0.9713387775967555	 0.06892596283614108	 -0.10856075684723154	 
0.45354869119737223	 0.04305296561926305	 0.8901910058321968	 0.16425799422421244	 
0.0	 0.0	 0.0	 1.0	 
14	 16	  37
0.9682884023171946	 0.08708150344181204	 -0.23416742236341848	 0.34446636834427075	 
-0.07436705718913914	 0.9952637928680967	 0.06260609723370895	 -0.45293609910352683	 
0.23851019001929727	 -0.04320641577500922	 0.9701783830269747	 0.225345547105725	 
0.0	 0.0	 0.0	 1.0	 
14	 17	  37
0.8940495641933717	 0.26734924286323225	 -0.3594436800196917	 0.2588048889526935	 
-0.17365157413620655	 0.9464835291705547	 0.27205525138998704	 -0.4537581616359337	 
0.41294128827916904	 -0.18081291809300604	 0.8926288036384616	 0.1634894042605885	 
0.0	 0.0	 0.0	 1.0	 
14	 18	  37
0.9643739529133566	 0.1941178082292664	 -0.17972522213238185	 0.27290632137322296	 
-0.1323877046449683	 0.9423215167444543	 0.3074144673551788	 -0.4913849826413102	 
0.2290335665379747	 -0.2726690954411551	 0.9344491370803433	 0.39999308206496	 
0.0	 0.0	 0.0	 1.0	 
14	 20	  37
0.9858138649091127	 0.11110959368353589	 -0.1258001667106883	 0.3590722920343689	 
-0.0970452334335487	 0.9888558166237418	 0.11289994064312096	 -0.8035902240572103	 
0.13694249311585302	 -0.09909002028898663	 0.9856104308794335	 0.9172211842460652	 
0.0	 0.0	 0.0	 1.0	 
14	 21	  37
0.6678628098371423	 0.5103876801729633	 -0.5417228841059779	 0.2590173252825292	 
-0.35206217252483096	 0.8579028998562872	 0.374239015998159	 -0.7097503210143051	 
0.655752616398542	 -0.05922018529044997	 0.7526496367770538	 1.0627386121029319	 
0.0	 0.0	 0.0	 1.0	 
15	 16	  37
0.9586570975700843	 -0.15836555936005237	 0.23642529240138313	 -0.02834522523815988	 
0.14832697626022742	 0.9871301150848816	 0.059776617552407915	 -0.387785901697784	 
-0.2428490835724929	 -0.02223702995201123	 0.969809175614932	 0.10195520895868646	 
0.0	 0.0	 0.0	 1.0	 
15	 17	  37
0.9974797917419936	 -0.06493819832795962	 0.02858488174312056	 -0.0950183213290357	 
0.05767456353756144	 0.9767648359942905	 0.2064076061723459	 -0.36727400921708037	 
-0.041324445393754676	 -0.20423879544044768	 0.978048467433968	 0.06297968553555955	 
0.0	 0.0	 0.0	 1.0	 
15	 18	  37
0.9601859117881936	 -0.17645161391668743	 0.2165821847467397	 0.004028656103240447	 
0.1046996285843949	 0.9460636986907872	 0.30659658477190305	 -0.43739314022052406	 
-0.25900000497637915	 -0.27171364699937595	 0.9268714535773195	 0.2836075686854663	 
0.0	 0.0	 0.0	 1.0	 
15	 21	  37
0.9618131797182196	 0.2240469755302009	 -0.15722073678779613	 0.29199981059882213	 
-0.17359291660731396	 0.9434379029783403	 0.28247198538544804	 -0.6135380636206252	 
0.21161499621740856	 -0.24439287219475153	 0.9463039772696217	 0.8367264822355532	 
0.0	 0.0	 0.0	 1.0	 
16	 17	  37
0.9752873500699015	 0.14576299460834155	 -0.16603534020333444	 -0.08031938503099344	 
-0.1173772848646343	 0.978504716578489	 0.16956147154190362	 0.05459737638089087	 
0.18718215136982191	 -0.14588238082941327	 0.9714325366036008	 -0.0506522731712041	 
0.0	 0.0	 0.0	 1.0	 
16	 18	  37
0.9978928540562487	 0.04598528506950513	 0.0457734134684204	 -0.06473438126195585	 
-0.05542280643408852	 0.9709383866389615	 0.23282388596941564	 -0.02869148222221364	 
-0.03373669145669289	 -0.23487018309697433	 0.9714411113091471	 0.18629227677173876	 
0.0	 0.0	 0.0	 1.0	 
16	 19	  37
0.9529241608219533	 -0.10502069940696582	 0.2844401455804856	 0.2735976123805438	 
0.04677607480262646	 0.977788049780467	 0.20430988359002847	 -0.44303815149093956	 
-0.2995789420967955	 -0.181386830841116	 0.93667031289007	 0.7679766034539947	 
0.0	 0.0	 0.0	 1.0	 
16	 20	  37
0.9945642158360669	 0.03019587258902399	 0.0996505386687731	 0.21318419292771124	 
-0.03339627530697018	 0.9989734660329128	 0.030605603372744646	 -0.33601678620241743	 
-0.09862408110603742	 -0.03376719474247342	 0.994551691560179	 0.630883182064623	 
0.0	 0.0	 0.0	 1.0	 
16	 21	  37
0.8425773110646535	 0.4140962685512316	 -0.3443657289147745	 0.10457836742375719	 
-0.32611782762180785	 0.9011317355665861	 0.28567246570501803	 -0.2878433324234418	 
0.42861478904290107	 -0.12839733457785685	 0.8943173301949432	 0.7983401146354124	 
0.0	 0.0	 0.0	 1.0	 
17	 18	  37
0.977848026674152	 -0.10720107802232205	 0.17978088218807	 0.10512382861045252	 
0.09477775481214704	 0.9925664339281366	 0.07634822481205222	 -0.08058120319246562	 
-0.18662908112680968	 -0.05761773260060723	 0.9807394062480254	 0.1965299330576944	 
0.0	 0.0	 0.0	 1.0	 
17	 21	  37
0.9364287948584956	 0.2963593348504682	 -0.18780909670954007	 0.35407342705842204	 
-0.28499675838227156	 0.9547077400834998	 0.08549841364758393	 -0.4173232828911234	 
0.20464105128605664	 -0.026538192697398776	 0.9784772682371795	 0.7177157948599107	 
0.0	 0.0	 0.0	 1.0	 
17	 22	  37
0.5725959103109707	 0.6673427145838143	 -0.47622224306205646	 0.34806418271385736	 
-0.597032550517764	 0.7375117775221833	 0.31563984482052077	 -0.28820347339106117	 
0.5618594638496391	 0.1035860961132096	 0.8207215505727993	 0.7720471597596863	 
0.0	 0.0	 0.0	 1.0	 
18	 19	  37
0.9484195793926494	 -0.20160249879773137	 0.24465635880389638	 0.3360544868415399	 
0.21221090978138227	 0.9770668624177034	 -0.017517880436364073	 -0.5023237765461114	 
-0.235513972397452	 0.06853304928088232	 0.969451592376761	 0.47630405914587914	 
0.0	 0.0	 0.0	 1.0	 
18	 20	  37
0.9957019055758752	 -0.04342197715098464	 0.08180615583726185	 0.2528762557573287	 
0.05642394002883175	 0.9848424718694898	 -0.16401720822406413	 -0.44787789911383047	 
-0.073444225261036	 0.16792807240688673	 0.9830595649672066	 0.36842478011741014	 
0.0	 0.0	 0.0	 1.0	 
18	 21	  37
0.8477442035168391	 0.3880165297510203	 -0.3616254112248966	 0.1149998724760411	 
-0.39470169800124705	 0.9169403611133954	 0.05857425847732519	 -0.40036609125354033	 
0.35431671566344763	 0.0930781757514163	 0.9304816592497972	 0.5282388645217396	 
0.0	 0.0	 0.0	 1.0	 
19	 20	  37
0.972719174276814	 0.1026849868030013	 -0.20802211776515833	 -0.014169046018243765	 
-0.13198101449966257	 0.9823954230982995	 -0.13221287564815282	 0.09911593513756782	 
0.19078369900458927	 0.1560609693702475	 0.9691473335016434	 -0.12319572713623916	 
0.0	 0.0	 0.0	 1.0	 
20	 21	  37
0.8169425535930781	 0.4209866563446184	 -0.39417648243978143	 -0.19193621746698777	 
-0.35528451236583075	 0.9057590293192012	 0.23102704620825895	 0.05530601684694318	 
0.45428821182350193	 -0.0486910257287444	 0.8895231332639352	 0.1300804368209074	 
0.0	 0.0	 0.0	 1.0	 
21	 22	  37
0.8361867479958426	 0.4243389920371084	 -0.34745955493131486	 -0.060953352791978055	 
-0.40168015140633906	 0.9051985395547704	 0.138811598773629	 0.12034537178877097	 
0.37342305558483807	 0.023495187269765194	 0.9273635736499687	 0.05757888369903911	 
0.0	 0.0	 0.0	 1.0	 
22	 23	  37
0.9793993496583444	 -0.0046089295874178465	 -0.2018803399463911	 -0.13912340325843234	 
-0.08926765654881855	 0.8868670561587938	 -0.45331899386030344	 -0.05950440436970609	 
0.18113033810793344	 0.4620017126248497	 0.8681855896918653	 -0.1374286725586579	 
0.0	 0.0	 0.0	 1.0	 
23	 31	  37
0.9924674288818699	 0.08738129180710182	 -0.08586566514464854	 -0.8688140449238462	 
-0.07398461321579575	 0.9861532883905897	 0.148418222613453	 -0.34279690470358526	 
0.09764568406191773	 -0.1409475137721464	 0.9851898896890542	 0.7298632018975681	 
0.0	 0.0	 0.0	 1.0	 
23	 32	  37
0.9557732170427102	 -0.12256020647914426	 0.26735099283828906	 -0.8326283334571506	 
0.0404101183444289	 0.9551374352535665	 0.29339308463668484	 -0.5249181168904199	 
-0.29131525864468294	 -0.2696135671011917	 0.9178474516583641	 0.6898727009813871	 
0.0	 0.0	 0.0	 1.0	 
23	 42	  37
0.03223052276840902	 -0.427003119312902	 0.9036755665055499	 -2.782627137202741	 
0.36189396538174473	 0.8477813809066629	 0.3876847791805454	 -0.905773423860586	 
-0.9316619296839128	 0.3145394510789439	 0.18185428917846577	 2.659787127686126	 
0.0	 0.0	 0.0	 1.0	 
24	 25	  37
0.8333246933656342	 0.13332116599237992	 -0.5364656765586253	 -0.017061651506383904	 
-0.166589813288249	 0.9859303670982196	 -0.013753012112102886	 0.006983732774756952	 
0.5270842338143475	 0.10083044149462747	 0.8438100689920338	 0.07486386957253015	 
0.0	 0.0	 0.0	 1.0	 
24	 26	  37
0.7934170358340357	 0.24109052010710294	 -0.5588960264331986	 0.01243755445493639	 
-0.2273337600123833	 0.9691395378518854	 0.0953305708094983	 0.04132982926081196	 
0.5646315336632942	 0.051419036228999966	 0.8237398338712993	 0.10200495979360298	 
0.0	 0.0	 0.0	 1.0	 
24	 28	  37
0.6525016958016893	 0.2182571363414611	 -0.725675794974549	 0.006247614705420662	 
-0.22801499397924713	 0.9697937323187947	 0.08665609774173677	 0.037283791103341	 
0.7226691494014137	 0.10892171129396716	 0.6825579545446896	 0.08373510167052677	 
0.0	 0.0	 0.0	 1.0	 
24	 29	  37
0.9583474019491532	 0.12373058074405432	 -0.2574121220262321	 0.06016765708962256	 
-0.07113785992230882	 0.9762930674049174	 0.20442908653802488	 0.09292582557820772	 
0.276603799798525	 -0.17760233648754833	 0.9444298534095488	 0.05016111553174637	 
0.0	 0.0	 0.0	 1.0	 
24	 30	  37
0.9975459241720426	 -0.004524695652640211	 -0.0698688506918223	 -0.15848850128487038	 
-0.0023620590149785407	 0.9951667658744058	 -0.09817091614264133	 -0.12399106557851945	 
0.0699753516958289	 0.09809503161896996	 0.9927138635713306	 0.41542002679367546	 
0.0	 0.0	 0.0	 1.0	 
24	 31	  37
0.9277740751136411	 -0.11201646580952854	 0.3559319835791257	 -0.325129005291027	 
0.04141400766129685	 0.9788954735576282	 0.20012129276470755	 -0.30391375382753316	 
-0.3708370875687305	 -0.17092677741047604	 0.9128328933860845	 0.9427227822616017	 
0.0	 0.0	 0.0	 1.0	 
25	 26	  37
0.9980927243219795	 0.05162422259032236	 -0.03385045490793267	 0.014928071016114913	 
-0.04781184429669326	 0.9933100144832198	 0.1051153779058769	 0.030748286213741517	 
0.039050495521540836	 -0.103296441222781	 0.9938837477442873	 0.012889077052814276	 
0.0	 0.0	 0.0	 1.0	 
25	 27	  37
0.8915110276343511	 0.10250580056913723	 -0.44124896425489923	 0.15969982353473983	 
-0.08835380119667209	 0.9947012241383121	 0.052565012240467134	 -0.045914462789149686	 
0.44429910355574687	 -0.007876264814096166	 0.8958438876456853	 0.11790636067274268	 
0.0	 0.0	 0.0	 1.0	 
25	 28	  37
0.9656636201529466	 0.06474187361428725	 -0.2515994088109468	 -0.018338796164026963	 
-0.05555447680948575	 0.9975095034462789	 0.04345676749119221	 0.05732275249305573	 
0.25378627389898495	 -0.027987145893621983	 0.966855339151209	 -0.01627469890479939	 
0.0	 0.0	 0.0	 1.0	 
25	 29	  37
0.9541106103820268	 -0.15298971261165978	 0.25742395186042544	 0.004601552435346794	 
0.0831510683453167	 0.9611905934316974	 0.2630561592729877	 0.09884106549728926	 
-0.28767836726015583	 -0.22957959607383385	 0.9298034018420807	 -0.08297137308942071	 
0.0	 0.0	 0.0	 1.0	 
26	 27	  37
0.9297356553684609	 0.03840368610285339	 -0.36621956259912136	 0.024146175020309853	 
-0.0737930081816316	 0.9938031478575667	 -0.08312577970700327	 -0.02847308553029465	 
0.3607578177671054	 0.10430944445305576	 0.9268081445033867	 0.03681649358720578	 
0.0	 0.0	 0.0	 1.0	 
26	 28	  37
0.9778495503041013	 0.009100669952160734	 -0.20911105847489084	 -0.025148601417204257	 
-0.024794148716291185	 0.9970565218458087	 -0.07255027521775982	 0.02722526717873431	 
0.20783528853277503	 0.07612798467817282	 0.9751969148789076	 -0.02269688020378225	 
0.0	 0.0	 0.0	 1.0	 
26	 29	  37
0.9363844296363373	 -0.20353789806849432	 0.28593097765805575	 -0.0072790385403619035	 
0.16041117643582714	 0.9727941449379863	 0.1671520447043571	 0.09811099280963952	 
-0.3121737567591264	 -0.11065204753746188	 0.9435590442397667	 -0.08445844062524617	 
0.0	 0.0	 0.0	 1.0	 
27	 28	  37
0.9824145348324023	 -0.04567906591625018	 0.18103895903106926	 -0.1015632156856457	 
0.040344848967956086	 0.9986393962232486	 0.03304011913745816	 0.029371673672824204	 
-0.18230187851963323	 -0.025155103813808453	 0.982920772921363	 -0.03603961755452448	 
0.0	 0.0	 0.0	 1.0	 
28	 29	  37
0.8406857826993224	 -0.2568766272861922	 0.476719847626778	 -0.0011025135927277877	 
0.1476756935138452	 0.9557158567188839	 0.25455665530740595	 0.027284780416834454	 
-0.5209983726581422	 -0.14360222689832916	 0.8413911671258547	 -0.059399927820831186	 
0.0	 0.0	 0.0	 1.0	 
29	 30	  37
0.9811190872980763	 -0.02895250031774333	 0.19122523176804324	 -0.05099085843199684	 
0.0824992334086144	 0.9569165230296931	 -0.278396559676578	 -0.3181277415060614	 
-0.17492630741652793	 0.28891611356605645	 0.9412376247768168	 0.34507234344353044	 
0.0	 0.0	 0.0	 1.0	 
29	 31	  37
0.7817581214180134	 -0.22476204609816097	 0.5816667965689173	 -0.10347694428749553	 
0.22653138693465566	 0.9714192907032566	 0.07090904302726143	 -0.5998232171655467	 
-0.5809800085462831	 0.07633206589205434	 0.8103305778422846	 0.8638913017394356	 
0.0	 0.0	 0.0	 1.0	 
30	 31	  37
0.9142907032663994	 -0.15444217218118958	 0.3744597780437683	 -0.07927167268047199	 
0.04010838291609412	 0.9544332973520486	 0.29571675388038293	 -0.1457265101019052	 
-0.4030680185036868	 -0.25535210270849684	 0.8788239164371098	 0.5273834751285811	 
0.0	 0.0	 0.0	 1.0	 
30	 32	  37
0.6881044639028795	 -0.38116099864808617	 0.6174370736087397	 -0.025529234081909154	 
0.06659725305996227	 0.8805029212410459	 0.4693393352051913	 -0.34100165946615274	 
-0.7225489967066578	 -0.2818348786001784	 0.631262266069044	 0.49841144224427625	 
0.0	 0.0	 0.0	 1.0	 
31	 32	  37
0.921261407240826	 -0.2179458459182784	 0.3221444206805665	 0.05316477429447569	 
0.15776235071136763	 0.9664521693604027	 0.20268508834296195	 -0.2055885772508662	 
-0.35551154724801165	 -0.1359036886384504	 0.9247387345557592	 -0.07122571134400535	 
0.0	 0.0	 0.0	 1.0	 
31	 33	  37
0.9707145731450518	 -0.06340957567867349	 0.23171629894349385	 -0.040767522461246944	 
0.07418873941684238	 0.9965163029352354	 -0.03809578622407783	 -0.5725371679542631	 
-0.2284934319133919	 0.05417087498408489	 0.9720371741224195	 0.42787646250984673	 
0.0	 0.0	 0.0	 1.0	 
31	 47	  37
0.5881862809869277	 -0.3399264747819048	 0.7338166600732865	 -1.8471849315616171	 
0.45268769253066055	 0.8902907162158263	 0.04956100938415304	 -0.25319100394366395	 
-0.67015725907434	 0.30303866479750896	 0.6775373168672777	 0.5154305421530901	 
0.0	 0.0	 0.0	 1.0	 
31	 48	  37
-0.20831724869108045	 0.24001437481022775	 -0.9481545358127197	 2.758879464227809	 
-0.6013055183665797	 0.7331434595750244	 0.31769850686501966	 -1.2050668865487637	 
0.7713855051008389	 0.6363126335118765	 -0.008404460333834936	 2.6960970979119625	 
0.0	 0.0	 0.0	 1.0	 
33	 34	  37
0.8996594463391263	 0.13688856952532996	 -0.41457737534275274	 -0.4284736859381432	 
-0.16504494661365007	 0.9857445864246545	 -0.032676840908885285	 -0.22992807794689152	 
0.40419431738963624	 0.09782192938087107	 0.9094271955039229	 0.5932439044721067	 
0.0	 0.0	 0.0	 1.0	 
33	 36	  37
0.8790327399058554	 0.12514857195008738	 -0.4600426905325836	 -0.512738033123971	 
-0.10033711311485652	 0.9918828410612514	 0.07810821557324571	 -0.3518682889538357	 
0.4660835825314826	 -0.02250032326687697	 0.8844545378635943	 0.9564385264862119	 
0.0	 0.0	 0.0	 1.0	 
33	 38	  37
0.9746577155478335	 -0.16965218589329073	 0.14580971622188493	 -1.006996977915716	 
0.15544040217074895	 0.9823597702312821	 0.10395943056855082	 -0.6427724578415595	 
-0.16087454396539588	 -0.07866014017766469	 0.9838353335041161	 1.180017516600627	 
0.0	 0.0	 0.0	 1.0	 
33	 41	  37
0.4689664166588397	 -0.47453903015131216	 0.7449048321156325	 -1.5627426056769238	 
0.3702576934420434	 0.8713414086374206	 0.32198352448647527	 -0.4534665648172322	 
-0.8018601751509699	 0.12480728527136056	 0.5843315848472065	 1.2128309501077288	 
0.0	 0.0	 0.0	 1.0	 
33	 42	  37
0.2444864489459787	 -0.5519885973388924	 0.797204468558491	 -1.9920366887641086	 
0.4690069836765675	 0.7869022381794197	 0.4010203446345675	 -0.374843961441189	 
-0.8486806381345059	 0.2758504231573009	 0.45127344094190225	 0.9858561746459318	 
0.0	 0.0	 0.0	 1.0	 
33	 47	  37
0.38003235661989365	 -0.3540351947174512	 0.8545375877182385	 -2.361390693486559	 
0.4839468602980219	 0.8634184240132639	 0.14249232078304308	 0.08631795049130205	 
-0.788270793781944	 0.3593990901154693	 0.4994611593453048	 0.6833164220804688	 
0.0	 0.0	 0.0	 1.0	 
33	 48	  37
0.9778385636571528	 -0.07845042982615391	 -0.19410634581333822	 0.12407130710299098	 
0.04243086719896571	 0.9821595337867607	 -0.18320008651885453	 0.18418271159028565	 
0.20501552364067271	 0.17090400888178042	 0.9637221875698815	 0.7766485958929095	 
0.0	 0.0	 0.0	 1.0	 
34	 35	  37
0.946970711201511	 0.04302221312081304	 -0.31842669690949615	 -0.12462616630324218	 
-0.10455779994835675	 0.9783202977484272	 -0.1787653811099573	 -0.10942819706333251	 
0.30383241860681054	 0.20257957496158469	 0.9309389760945234	 0.02691428887408803	 
0.0	 0.0	 0.0	 1.0	 
34	 36	  37
0.9983398348568312	 -0.04258330345318299	 -0.03878448665443864	 0.03505078597847391	 
0.04531111300010001	 0.9963455030599891	 0.07240539738741684	 -0.045980016879260156	 
0.035559487858043935	 -0.07404256072794707	 0.9966209018599408	 0.3696922305363245	 
0.0	 0.0	 0.0	 1.0	 
34	 37	  37
0.9623755141306359	 -0.22704555385700023	 0.14927721284764844	 -0.16725720767013533	 
0.17457112857114082	 0.9376222009498686	 0.30064851464014036	 -0.44779823132986835	 
-0.20822653738462965	 -0.26327727733264866	 0.9419802462733047	 0.7564353843035663	 
0.0	 0.0	 0.0	 1.0	 
35	 50	  37
0.7792048322542746	 -0.19822408793074964	 0.5945982175852945	 -1.5851983624672497	 
0.10282596829785352	 0.9762470041548471	 0.19070555084289936	 0.1549293171197532	 
-0.6182771624726213	 -0.08745854928311425	 0.7810789668926543	 1.150120022202999	 
0.0	 0.0	 0.0	 1.0	 
36	 37	  37
0.9636775438956201	 -0.19204043753491074	 0.18559650250666143	 -0.17767826657766786	 
0.1514681233034127	 0.9653690111453318	 0.21241487693480254	 -0.4018453848357838	 
-0.2199613580023717	 -0.17658749296505977	 0.9593924422852554	 0.37244876168811036	 
0.0	 0.0	 0.0	 1.0	 
36	 48	  37
0.40984586258935063	 -0.24243508910213943	 0.8793472559179499	 -1.8664158098330041	 
0.44967651097292327	 0.8924469663078494	 0.03646159359016835	 0.08914130171201472	 
-0.7936103605659449	 0.38047817269845347	 0.47478306172655	 0.5420172087348388	 
0.0	 0.0	 0.0	 1.0	 
36	 49	  37
0.8255346375209461	 -0.11620671920545754	 0.5522576940746632	 -1.9550864892720334	 
0.2278013472183237	 0.9639223897219017	 -0.1376959432893204	 0.18293749135621099	 
-0.5163323623972034	 0.23947781735334703	 0.822223367788219	 0.4441912098406639	 
0.0	 0.0	 0.0	 1.0	 
37	 38	  37
0.9086717350836674	 -0.16166418078539618	 0.38494203526118653	 -0.12668092472328715	 
0.21977111677419947	 0.9691269941553398	 -0.11177443997290952	 -0.03196733718492405	 
-0.3549877942857455	 0.1861654152908733	 0.9161474248491442	 0.009278637716230772	 
0.0	 0.0	 0.0	 1.0	 
37	 49	  37
0.9402982409701354	 0.02148065513939885	 0.3396730773600579	 -1.6838131640444407	 
0.11737579674971385	 0.9163143591052296	 -0.38287193372581063	 0.8965056144582083	 
-0.31947165815740136	 0.39988320388877757	 0.8590874710306322	 -0.10047614075589588	 
0.0	 0.0	 0.0	 1.0	 
38	 39	  37
0.9338631399916061	 -0.17955741193464647	 0.30928752251642744	 0.21488637321028173	 
0.2214763311753074	 0.9693938274577907	 -0.10594263549610627	 0.13709168414437264	 
-0.2807986297939207	 0.16743578800861858	 0.9450488804288326	 0.05131992804820305	 
0.0	 0.0	 0.0	 1.0	 
39	 40	  37
0.9046602370088683	 -0.1807775952053828	 0.38588769952774654	 -0.11382744725636793	 
0.1815193424286381	 0.9827695504915639	 0.034853105326274336	 0.09982689187937743	 
-0.38553934157143066	 0.03851586294461452	 0.9218871646803091	 0.0009064851853530245	 
0.0	 0.0	 0.0	 1.0	 
40	 41	  37
0.9980433115483248	 -0.02278397177423589	 0.058227475506362425	 -0.21258411005835431	 
0.015460789782108806	 0.9922543136890113	 0.12325721457530502	 0.22227820062850537	 
-0.060584752644263974	 -0.12211579584861272	 0.9906650393302943	 -0.4428209597206273	 
0.0	 0.0	 0.0	 1.0	 
41	 42	  37
0.9752322400081624	 -0.13008506626039587	 0.17888530846520043	 -0.0216520584952834	 
0.12789144973610275	 0.9915027840246711	 0.02379088808186279	 0.17460699432375013	 
-0.18046012061688144	 -0.00032373963975451393	 0.9835822487517685	 -0.36773824593907345	 
0.0	 0.0	 0.0	 1.0	 
41	 43	  37
0.840404346736357	 -0.1556046162593527	 0.5191413462491854	 -0.07104986286049533	 
0.22927905687740327	 0.970033479638064	 -0.08041245213695469	 0.18437087978016042	 
-0.491071937768842	 0.1866072125617041	 0.8508972324293371	 -0.6518145912437773	 
0.0	 0.0	 0.0	 1.0	 
41	 44	  37
0.8686101391799175	 -0.0937504321043593	 0.4865462800125901	 -0.15487519074924908	 
0.2188263680769651	 0.9535713677586902	 -0.20692188677147222	 0.43075352875627015	 
-0.44455758541283347	 0.28620360422445307	 0.8487968250299028	 -0.452165653624816	 
0.0	 0.0	 0.0	 1.0	 
41	 45	  37
0.7626844735685236	 -0.11004910846898526	 0.6373394601801176	 -0.504219440665455	 
0.3382525022707695	 0.9077809504698737	 -0.24803022128679336	 0.4926192555061441	 
-0.5512691162082869	 0.4047504659530294	 0.7295748226369515	 -0.2274616394912567	 
0.0	 0.0	 0.0	 1.0	 
41	 46	  37
0.9134646433925573	 -0.04840049227092142	 0.40402937717403614	 -0.08045391616675802	 
0.17160346545428642	 0.9461113747761876	 -0.27463706443812475	 0.6113390281823053	 
-0.36896422037344845	 0.320204089397752	 0.8725449817729567	 -0.5260982127055046	 
0.0	 0.0	 0.0	 1.0	 
41	 47	  37
0.9940833401528544	 -0.07658264087357652	 0.07702864368125048	 0.2092680423771256	 
0.09023751111779837	 0.9769998615576198	 -0.19320575070027426	 0.7008784859542516	 
-0.06046076759196395	 0.19901349108344432	 0.9781299126133348	 -0.811915389509171	 
0.0	 0.0	 0.0	 1.0	 
41	 48	  37
0.9303426724695589	 0.043363983299504374	 -0.3641182180756674	 0.20946282088297122	 
-0.1300918108927727	 0.967424252825569	 -0.21717835017222262	 0.7848784502147126	 
0.34283907671214714	 0.24941908507026933	 0.9056773639005631	 -0.9526346410268397	 
0.0	 0.0	 0.0	 1.0	 
42	 43	  37
0.936738162083176	 -0.0700812036568179	 0.34294349474956376	 -0.01668411609310698	 
0.12041001270362216	 0.9844744573034157	 -0.12771637231717156	 -0.04569814242068257	 
-0.32866859378064384	 0.1609306304317377	 0.9306332723748365	 -0.23161136203671276	 
0.0	 0.0	 0.0	 1.0	 
42	 44	  37
0.9370273428154748	 -0.0791776967424378	 0.34016268336596195	 -0.16433852676540614	 
0.15816275892965992	 0.9645692718703409	 -0.21116501000705368	 0.16113848164078312	 
-0.3113909126868148	 0.25166845670858945	 0.9163507447446032	 -0.08953947805054367	 
0.0	 0.0	 0.0	 1.0	 
42	 45	  37
0.8973637178159612	 -0.08482171287273982	 0.43306308428778606	 -0.3888447978509258	 
0.20728881003883098	 0.9473690937921835	 -0.243973665300299	 0.17336346874061112	 
-0.38957631752995625	 0.30870224675682445	 0.8677172440761376	 0.03587996518920123	 
0.0	 0.0	 0.0	 1.0	 
42	 46	  37
0.9843563758384536	 0.02344733148075695	 0.1746217282946725	 0.07279010914751533	 
0.027594016276282593	 0.958358015866735	 -0.28423315023008583	 0.31839654472587575	 
-0.1740146419469672	 0.2846052284663894	 0.9427188172077948	 -0.15041852691495156	 
0.0	 0.0	 0.0	 1.0	 
42	 47	  37
0.9893459063706844	 0.016010802471465642	 -0.14470083535276632	 0.39839553901581615	 
-0.04176970938627621	 0.9833636326121877	 -0.17678025182001636	 0.4221561664729551	 
0.1394631454017683	 0.18094093030594907	 0.973555550964948	 -0.3698552469958463	 
0.0	 0.0	 0.0	 1.0	 
42	 48	  37
0.8252761474777717	 0.19054864149581743	 -0.5316112260179852	 0.3472331962920094	 
-0.29526031126973845	 0.9480327874209693	 -0.11855455522131275	 0.44988160827638607	 
0.4813944629855478	 0.25480394266754347	 0.838650297685472	 -0.5407038906646193	 
0.0	 0.0	 0.0	 1.0	 
43	 44	  37
0.9975584586524187	 -0.061015909162552395	 -0.033973230639418234	 -0.08453870367239255	 
0.057082797724490354	 0.9926535793378155	 -0.10667907776021192	 0.27520783557601125	 
0.04023276991404953	 0.10447932932830103	 0.9937129333807384	 0.043329030147084335	 
0.0	 0.0	 0.0	 1.0	 
43	 45	  37
0.9911125391803811	 -0.08037347392485843	 0.10600018570109734	 -0.44584437671674937	 
0.09486131865132977	 0.985653367653889	 -0.13960218141661723	 0.2789194979940317	 
-0.09325912772028255	 0.14841678989183543	 0.9845177456882401	 0.09066145612684472	 
0.0	 0.0	 0.0	 1.0	 
43	 46	  37
0.9783148359260713	 0.052083149595674776	 -0.20046802072934056	 0.16642860246997943	 
-0.07315164101010069	 0.992378667329225	 -0.09916359234820003	 0.2625719433500301	 
0.19377543503879463	 0.11167777826436713	 0.9746687409666223	 0.0672523672197158	 
0.0	 0.0	 0.0	 1.0	 
43	 47	  37
0.8706684610077513	 0.08715093222771994	 -0.4840879527712233	 0.5021963397837437	 
-0.0871543526970339	 0.9959396422774696	 0.022546568390492988	 0.3200986756749667	 
0.48408733696757195	 0.02255978617065189	 0.8747288186835845	 -0.0607434517710396	 
0.0	 0.0	 0.0	 1.0	 
44	 45	  37
0.9932980132421307	 -0.014765223053924165	 0.11463439744423795	 -0.305043076543394	 
0.01993353108234618	 0.9988295374254712	 -0.044070506067057945	 0.03879107060109043	 
-0.11384951132009664	 0.04606021444354479	 0.9924297181249607	 0.03521702558480029	 
0.0	 0.0	 0.0	 1.0	 
44	 46	  37
0.9825753764089593	 0.0948357592751386	 -0.1598493304255591	 0.24320571556691523	 
-0.1013964829290019	 0.9942859274463707	 -0.03338034948499008	 0.09069921383803214	 
0.15577028896558048	 0.04900686936358436	 0.9865768818651496	 -0.015071984241127441	 
0.0	 0.0	 0.0	 1.0	 
44	 47	  37
0.9068456243350032	 0.09902040254005859	 -0.4096656850472869	 0.4941693264136577	 
-0.057687321074338056	 0.9920228470017278	 0.11208409349168225	 0.06060190917318507	 
0.4174963312554068	 -0.07801045383402573	 0.9053237997981078	 -0.13552624968898577	 
0.0	 0.0	 0.0	 1.0	 
45	 46	  37
0.9460176781130647	 0.1109931268961816	 -0.30451778023520354	 0.6091757571224007	 
-0.10425488262940331	 0.9938108256111211	 0.03835312693996148	 -0.0046871094201032274	 
0.306890000074126	 -0.004535270659130342	 0.9517341851454917	 0.03728626795801882	 
0.0	 0.0	 0.0	 1.0	 
45	 47	  37
0.8147507188289363	 0.15285035268066013	 -0.5593013819517423	 0.9564719236642922	 
-0.08841945701444708	 0.9860981541579144	 0.14068557135549756	 0.06856626398748386	 
0.5730298995593522	 -0.06517054589114835	 0.816939125124539	 -0.035896817549881506	 
0.0	 0.0	 0.0	 1.0	 
46	 47	  37
0.9503058831734275	 0.0063107824321243875	 -0.31125375890270945	 0.3282132214381424	 
0.024613690353391407	 0.9951417335266342	 0.09532626312193365	 0.053645889301025006	 
0.31034318850775333	 -0.09825021230867224	 0.9455337123170922	 -0.1910825817923864	 
0.0	 0.0	 0.0	 1.0	 
46	 48	  37
0.7161242137023887	 0.19880062729097386	 -0.6690623447316782	 0.3349880511574148	 
-0.16323366527863079	 0.9796985274383478	 0.1163854194254459	 0.0234271975193143	 
0.6786168882873752	 0.02586708185799649	 0.734036792679572	 -0.3537273245481563	 
0.0	 0.0	 0.0	 1.0	 
47	 48	  37
0.862918829070847	 0.17774462315525139	 -0.47305173435301423	 0.13175898105567765	 
-0.1762377053798296	 0.9831797581238474	 0.047935732162811176	 -0.05819872703139677	 
0.47361520841021304	 0.042004906319737065	 0.8797296301748734	 -0.10251583871934361	 
0.0	 0.0	 0.0	 1.0	 
48	 49	  37
0.8419469544658973	 0.17891548800516285	 -0.5090329793023978	 0.12775516195925044	 
-0.16262659644349733	 0.9836970069949584	 0.0767645006390647	 -0.0025771166454777155	 
0.5144685762948062	 0.018150663377286637	 0.8573171160219302	 -0.09884351157095189	 
0.0	 0.0	 0.0	 1.0	 
48	 50	  37
0.6994636428669408	 0.2975880912011436	 -0.6497629877752096	 0.15857230682186224	 
-0.288077565516282	 0.9494491697674137	 0.12473006964714183	 0.10547896448601624	 
0.6540351126304456	 0.09993799079043114	 0.7498336278423703	 -0.24096615559660742	 
0.0	 0.0	 0.0	 1.0	 
49	 50	  37
0.9636975851866165	 0.11741528590417227	 -0.23979285840392472	 0.08294172262535575	 
-0.10762960182413203	 0.9927477318760246	 0.05355193428987824	 0.0040620797617588	 
0.24434163197593253	 -0.025799059886943386	 0.9693459523783489	 -0.12319609681494385	 
0.0	 0.0	 0.0	 1.0	 
49	 51	  37
