0	 1	  37
0.9869669638036511	 0.1119382337450957	 0.11561160921910742	 -0.3293349681514477	 
-0.10456126384642017	 0.9921887546176856	 -0.06803247248958474	 0.15757427696998996	 
-0.12232397337824928	 0.05505730683783212	 0.9909619258582655	 -0.1542720796977317	 
0.0	 0.0	 0.0	 1.0	 
0	 2	  37
0.9970975188548479	 0.02347368326933576	 -0.07242599041282168	 -0.5176215484139115	 
-0.00568127268098286	 0.971571718741677	 0.2366772453829638	 -0.028114583449693795	 
0.07592273068213243	 -0.23557882234002755	 0.9688851105423456	 -0.4151815536352207	 
0.0	 0.0	 0.0	 1.0	 
0	 3	  37
0.99598005886439	 0.08944948948570043	 -0.0047445943170569115	 -0.5658708930981524	 
-0.0891979398815768	 0.9855363333494069	 -0.14408977468609765	 0.05182102354600826	 
-0.00821278669931821	 0.14393375031227168	 0.9895532454879206	 -0.15123720995487255	 
0.0	 0.0	 0.0	 1.0	 
0	 10	  37
0.8982336717469934	 -0.05573872901034585	 0.4359695689245113	 -0.47291239836681137	 
-0.041444358281507575	 0.9767649782994521	 0.21026778720075937	 -0.25844386560913457	 
-0.43755986574016054	 -0.20693808556179516	 0.8750531370365299	 -0.3708982333690143	 
0.0	 0.0	 0.0	 1.0	 
0	 19	  37
0.03280946677350877	 -0.1609084559229944	 0.9864238478983136	 -1.819747686109035	 
0.22483677354207462	 0.9628463105561579	 0.1495841151713135	 -0.5958567355617564	 
-0.9738439115963234	 0.21687658024985706	 0.067768612099551	 2.34600776720399	 
0.0	 0.0	 0.0	 1.0	 
0	 35	  37
0.9261239148536072	 -0.03147807455479719	 0.3759037445391444	 -2.072089144926037	 
3.550695671818335e-05	 0.9965194324180847	 0.08336077946128881	 0.054681543232013255	 
-0.37721942298280947	 -0.0771890642219494	 0.9229015956693626	 -0.08830364452174512	 
0.0	 0.0	 0.0	 1.0	 
0	 36	  37
0.28113011271802824	 -0.22269453065774042	 0.9334736234828909	 -1.6796346329143592	 
0.20056177603099912	 0.9648574777351053	 0.1697793322343537	 -0.019206281563355382	 
-0.9384779345932651	 0.1394890449955851	 0.3159145020536085	 0.6345498206761873	 
0.0	 0.0	 0.0	 1.0	 
0	 43	  37
0.9988948045257555	 0.033152276189038335	 0.033318104311895476	 0.4682088391879012	 
-0.046519341149062865	 0.798635419575837	 0.6000145144060965	 -0.4320402446992444	 
-0.006717171317579463	 -0.6009013173412191	 0.7992949933704564	 -0.6597513768304658	 
0.0	 0.0	 0.0	 1.0	 
0	 44	  37
0.9774487811407422	 -0.16090600142221975	 0.13675941997825672	 0.3658687998762712	 
0.10906835918567562	 0.9392234489562198	 0.32552020821344774	 -0.39681340052843234	 
-0.18082580919498584	 -0.30326320521470246	 0.935592568959311	 -0.702813665056793	 
0.0	 0.0	 0.0	 1.0	 
0	 45	  37
0.9984245120428663	 0.05592443495705443	 0.004577261921462034	 0.2963626586091451	 
-0.05591694181601279	 0.9848615353084882	 0.164076359929612	 -0.08775079785737111	 
0.004667908515393066	 -0.1640738060890322	 0.986437021195753	 -0.6671742189449921	 
0.0	 0.0	 0.0	 1.0	 
0	 54	  37
0.885296350286455	 0.24288588225866073	 -0.3965562007697213	 0.12708649357819438	 
-0.15040589859137646	 0.9564779810724962	 0.2500558685422193	 -0.041604792129575394	 
0.4400323145388348	 -0.16172915606938368	 0.88329793514911	 -0.2581105982968363	 
0.0	 0.0	 0.0	 1.0	 
1	 2	  37
0.972011614142019	 -0.06553915002790522	 -0.22560594359778208	 -0.10947466716587534	 
0.12459824073587956	 0.9579302799829558	 0.2585437237631156	 -0.16985053809866352	 
0.19917002881595813	 -0.27941760593311654	 0.939285420474552	 -0.24618352206330726	 
0.0	 0.0	 0.0	 1.0	 
1	 3	  37
0.9929592888234382	 -0.03845068044059423	 -0.11204193818792335	 -0.20080352575909155	 
0.026157150978622232	 0.9936760205881525	 -0.1091960143996782	 -0.08969825737827068	 
0.11553204833262787	 0.10549649890753938	 0.9876855949776314	 -0.002591680027535045	 
0.0	 0.0	 0.0	 1.0	 
1	 10	  37
0.9376428916960748	 -0.1401376797224933	 0.31809941586525836	 -0.10743045480264053	 
0.04578999867919975	 0.9569524834095896	 0.2866098751215307	 -0.38447979383330355	 
-0.34457086886848354	 -0.25417194026527856	 0.9036965979293059	 -0.1962791937693407	 
0.0	 0.0	 0.0	 1.0	 
1	 11	  37
0.9145729532240398	 0.2783419820576038	 -0.29339743396168855	 -0.5016006858318691	 
-0.16134770223628092	 0.9163644759829332	 0.3663919569799492	 -0.4414211564987138	 
0.37084124934280316	 -0.2877531723209481	 0.8829920042701972	 0.1963492635609467	 
0.0	 0.0	 0.0	 1.0	 
1	 35	  37
0.9536250810156959	 -0.10937439978664473	 0.28042190629321206	 -1.75124580182521	 
0.0749705735220413	 0.9885919232401855	 0.1306346906837819	 -0.15740157047012673	 
-0.29151092254593824	 -0.10355312634383565	 0.950945914372018	 -0.11381651513063755	 
0.0	 0.0	 0.0	 1.0	 
1	 43	  37
0.9805452187317999	 0.09733401265093722	 -0.17046162032396808	 1.1108714134653044	 
0.0315002006396988	 0.7791227589765362	 0.6260794388929005	 -0.4626693253953786	 
0.19374935195211382	 -0.619268775594295	 0.7608990551919997	 -0.34147464682069717	 
0.0	 0.0	 0.0	 1.0	 
1	 44	  37
0.9723351307819839	 -0.23317185359019083	 -0.013974267082582826	 0.8278122351071825	 
0.22390653534500765	 0.9133103505604049	 0.3401912212109886	 -0.3402941533598367	 
-0.06656017485685839	 -0.3339088052935166	 0.9402524410340446	 -0.446898466300746	 
0.0	 0.0	 0.0	 1.0	 
1	 45	  37
0.992000105667895	 -0.02684989199244665	 -0.12334858594600255	 0.6856670000193466	 
0.05486722346135184	 0.9717041670782397	 0.22974028700344695	 -0.24411165457489578	 
0.11368983307458283	 -0.23467018341233292	 0.9654038154434106	 -0.3988213549012041	 
0.0	 0.0	 0.0	 1.0	 
1	 54	  37
0.8447242682746979	 0.1483695134961054	 -0.5142250461157105	 0.47241606650510276	 
-0.023806801198644756	 0.9702715681864984	 0.24084501278955475	 -0.13576284455221166	 
0.5346719992710148	 -0.19120557375202607	 0.823144143975825	 -0.02471817480511808	 
0.0	 0.0	 0.0	 1.0	 
2	 3	  37
0.9926338436485632	 0.10950674419527862	 0.051829773482331976	 0.010516351613711545	 
-0.07916604978364473	 0.9101128693623854	 -0.40672755203283034	 0.09618049293581653	 
-0.09171035386003888	 0.3996283748643419	 0.9120780520318156	 0.29578610409385686	 
0.0	 0.0	 0.0	 1.0	 
2	 10	  37
0.8555600170924593	 -0.08188757527003052	 0.5111863477922169	 0.01898324373577596	 
0.08662182807596176	 0.9961343482660809	 0.014595174041079958	 -0.2475508198735891	 
-0.5104054428133871	 0.031792848581183135	 0.8593459714955114	 -0.0054468596574432275	 
0.0	 0.0	 0.0	 1.0	 
2	 11	  37
0.9415928091570791	 0.3248200293352403	 -0.08885342022868009	 -0.2871940050232083	 
-0.3141546158570831	 0.9423045148417574	 0.11562473197603373	 -0.3463839998518046	 
0.12128420787295162	 -0.08095770408981859	 0.9893108667497477	 0.4181461807462406	 
0.0	 0.0	 0.0	 1.0	 
2	 34	  37
0.9690114888712387	 -0.01895011207224811	 0.24628769292839908	 -1.5298052249822125	 
0.004958065581362954	 0.9983442212350627	 0.05730823249975148	 0.32278426635108753	 
-0.24696589242491615	 -0.05431122516574188	 0.9675009761234139	 0.00893860413156032	 
0.0	 0.0	 0.0	 1.0	 
2	 35	  37
0.8926354190218547	 -0.033242974197832884	 0.4495519028701344	 -1.5181173167235562	 
0.11222420636520183	 0.9822658725590137	 -0.15019814616558605	 0.028552695464576762	 
-0.43658645903575294	 0.18452279065839072	 0.880535975139154	 0.45263444191501284	 
0.0	 0.0	 0.0	 1.0	 
2	 43	  37
0.9926967000158344	 -0.008925544666193197	 0.1203062609762444	 0.8740512889006473	 
-0.04264328633356108	 0.9069142973316674	 0.41915153277315204	 -0.3734821279844299	 
-0.11284862386554124	 -0.4212205977250168	 0.8999102156014418	 -0.40474546617589957	 
0.0	 0.0	 0.0	 1.0	 
2	 44	  37
0.963525118284186	 -0.17371102792290952	 0.20357756559456988	 0.878077486703647	 
0.15735654427113027	 0.9830515427889301	 0.09406690276262143	 -0.2759308805093093	 
-0.21646769830737606	 -0.058601561397890564	 0.9745294211008901	 -0.43388014048913986	 
0.0	 0.0	 0.0	 1.0	 
2	 45	  37
0.9974301727711264	 0.021032466114854296	 0.0684885816387547	 0.8096576244591007	 
-0.017075955130618985	 0.9981792090575875	 -0.05785048281169996	 -0.021299079982406068	 
-0.06958061656911313	 0.05653230911874411	 0.9959732103945189	 -0.31324720293091934	 
0.0	 0.0	 0.0	 1.0	 
2	 46	  37
0.8361394905365231	 0.30460667241121575	 -0.4561639261141648	 0.5843379793251277	 
-0.30177493809145595	 0.9499178068586259	 0.08116678478784144	 -0.1880753089186495	 
0.45804218048692996	 0.06979208648166384	 0.8861864507874825	 0.16752563664857809	 
0.0	 0.0	 0.0	 1.0	 
2	 53	  37
0.7898722052488729	 0.2867660881510661	 -0.542095111638001	 0.3378224110665959	 
-0.32368260163378954	 0.9457315898031354	 0.028658915681081355	 -0.03693742162671607	 
0.52089487689443	 0.15282987513889035	 0.839828289884407	 0.07715456251061029	 
0.0	 0.0	 0.0	 1.0	 
2	 54	  37
0.9182801657881196	 0.22714950014392163	 -0.32429098307617077	 0.6347442359269606	 
-0.22691441470620527	 0.9731300982108485	 0.039085295888397105	 -0.06680324080535602	 
0.3244555216338331	 0.03769504663095404	 0.9451495637944332	 0.09787804720126654	 
0.0	 0.0	 0.0	 1.0	 
3	 10	  37
0.8788844988557947	 -0.17216082277236086	 0.444885028713422	 0.008038396218520304	 
-0.006023417992991639	 0.9285258994540133	 0.37121876633435125	 -0.3224707641715423	 
-0.4769965996804175	 -0.32893814790239756	 0.8150300232186918	 -0.1528786915421639	 
0.0	 0.0	 0.0	 1.0	 
3	 35	  37
0.9151642135664266	 -0.10041625861621988	 0.39037294631270586	 -1.5418768329248962	 
0.007085481752490066	 0.9723301877429235	 0.23350332321435124	 -0.04977715338895968	 
-0.40301893026963087	 -0.2109279047668446	 0.8905532891607281	 0.06432004458189648	 
0.0	 0.0	 0.0	 1.0	 
3	 45	  37
0.9993832811699876	 -0.034110471918716856	 0.008338646376513624	 0.7638584605449803	 
0.02999626630479924	 0.9527424589624164	 0.3022946094425445	 -0.13470113252102137	 
-0.01825599423974717	 -0.3018580504073585	 0.953178071547278	 -0.48101066880482274	 
0.0	 0.0	 0.0	 1.0	 
3	 54	  37
0.8882915195117446	 0.1847785948772373	 -0.42047003132055666	 0.7232261530024174	 
-0.021451770671063373	 0.9311912118967205	 0.3638993657886662	 -0.10323945307353416	 
0.4587788115187883	 -0.31422889389983094	 0.8311330846139485	 -0.07836830198905885	 
0.0	 0.0	 0.0	 1.0	 
4	 5	  37
0.9142864473116323	 -0.0034231301557385812	 0.40505379203534425	 0.17389904726660826	 
0.00808265362166623	 0.999919373071069	 -0.009793776983060587	 0.022835433826780487	 
-0.40498760841871095	 0.012228227062769275	 0.9142403991785724	 0.12441257040251263	 
0.0	 0.0	 0.0	 1.0	 
4	 6	  37
0.9033919726908333	 -0.17341804215936749	 0.3921850664308565	 0.4418068876838964	 
0.10852354758821661	 0.9772638348712553	 0.18214839189955845	 -0.04203494790513249	 
-0.4148560995051553	 -0.12199008036040815	 0.9016722447746902	 -0.3005454283302052	 
0.0	 0.0	 0.0	 1.0	 
4	 9	  37
0.9594218766667768	 0.24998237898007308	 -0.13045486871965575	 0.7482303729722884	 
-0.16156120196688398	 0.8665217032658991	 0.4722691137351456	 -0.37711577239144284	 
0.23110093161260775	 -0.43202887399874934	 0.8717473323384229	 -0.1662546105625654	 
0.0	 0.0	 0.0	 1.0	 
4	 10	  37
0.8145335093079132	 0.3260558849470202	 -0.47981529999151745	 0.5079139714747114	 
-0.1347950929688103	 0.9108402264715649	 0.3901286515404333	 -0.3619676436126764	 
0.5642388192299996	 -0.25309611165057916	 0.7858606194111603	 -0.24587674323219294	 
0.0	 0.0	 0.0	 1.0	 
4	 18	  37
0.5193757940655493	 -0.34334316527588515	 0.7825370632737576	 -2.205088243408995	 
-0.05969915283058188	 0.8989186493648094	 0.43402911535455596	 -0.6500073261875595	 
-0.8524580902836759	 -0.27214101617081526	 0.44637929121703834	 -0.442180724411322	 
0.0	 0.0	 0.0	 1.0	 
4	 19	  37
0.8732312462005642	 -0.043515120297499814	 0.4853592741099134	 -2.5934976409326205	 
-0.05577143684326348	 0.9805360782710201	 0.18825128430192478	 -0.18199551390674326	 
-0.48410405647076105	 -0.19145608769213987	 0.8538078407898186	 0.024725487621996986	 
0.0	 0.0	 0.0	 1.0	 
4	 20	  37
0.6060935343650503	 0.018043390012822656	 0.7951886969001299	 -2.213314304181133	 
-0.018363525462162716	 0.9997936169948013	 -0.008689323854751324	 0.07083292425757653	 
-0.7951813683264229	 -0.009335924876380745	 0.6062997872119203	 -0.3277680965811185	 
0.0	 0.0	 0.0	 1.0	 
4	 36	  37
0.9896244731214858	 -0.014991779586420942	 0.14289383731936559	 -0.6790088249294906	 
-0.022315889174053076	 0.966433824963158	 0.25594464842510384	 0.009683534470739802	 
-0.1419345035197311	 -0.2564778908832317	 0.9560720099441757	 -0.8221019521001702	 
0.0	 0.0	 0.0	 1.0	 
4	 37	  37
0.7601925476312836	 -0.25110734177947563	 0.5992098075217926	 -0.1769875609684062	 
0.09735657492585525	 0.9559039418588766	 0.27707282663113664	 -0.041325852843237816	 
-0.6423620379852507	 -0.15229168343382207	 0.7511180035868714	 -0.13671380507124675	 
0.0	 0.0	 0.0	 1.0	 
5	 6	  37
0.9976803710470681	 -0.06700101878360509	 0.012030823302833525	 0.37713517373662064	 
0.06558373009681152	 0.99342530760798	 0.09383460209634599	 0.054474570328023136	 
-0.018238738278004204	 -0.09282791436820094	 0.9955151062339928	 -0.3126778010300116	 
0.0	 0.0	 0.0	 1.0	 
5	 7	  37
0.9901047067213637	 0.13149960062601668	 0.04899515040696788	 0.6924063030972102	 
-0.14025619277857299	 0.9386719525784192	 0.3149970886054002	 -0.012410895094994209	 
-0.004568382149413722	 -0.3187519732924279	 0.9478271516509332	 -0.29111483333292254	 
0.0	 0.0	 0.0	 1.0	 
5	 8	  37
0.9737882252034883	 0.16678413303931106	 -0.15465944982885624	 0.6472086925773138	 
-0.06033196587118815	 0.84499173546548	 0.5313652424548989	 -0.3046891836727191	 
0.21930924820708486	 -0.5081063077362463	 0.8329054170129294	 -0.14543681780746426	 
0.0	 0.0	 0.0	 1.0	 
5	 9	  37
0.8210276335719356	 0.42086869746004907	 -0.3857242077048681	 0.4421690607072681	 
-0.22791802909346146	 0.8611211303281967	 0.4544488650183211	 -0.3265838572993689	 
0.5234185676162227	 -0.285201575031713	 0.8029278078843769	 -0.15020893501917046	 
0.0	 0.0	 0.0	 1.0	 
5	 37	  37
0.9567641433364015	 -0.0696810431650923	 0.2823949826912388	 -0.2773170382282915	 
-0.007989048077279192	 0.9642185116904197	 0.2649883711115036	 -0.04064658161506765	 
-0.29075513604505693	 -0.25578743897410905	 0.9219730131226649	 -0.3587716604579133	 
0.0	 0.0	 0.0	 1.0	 
5	 38	  37
0.9560443608554128	 -0.10448106563919317	 0.27397607012194286	 0.2419911717769541	 
0.004032228026478872	 0.9389599484920536	 0.34400284339659604	 -0.14174784545734437	 
-0.2931943403507437	 -0.327777244559013	 0.8981086553060232	 0.13878018796587532	 
0.0	 0.0	 0.0	 1.0	 
5	 39	  37
0.9247575547389262	 0.2086350047121771	 -0.31826859688324866	 0.7155758380194885	 
-0.05299661249675276	 0.8987773740303553	 0.43519029285470784	 -0.19107370355852457	 
0.3768485425434879	 -0.38557835356753034	 0.8422081151609746	 0.4532761274099143	 
0.0	 0.0	 0.0	 1.0	 
5	 40	  37
0.9071385452465394	 0.3042691342041705	 -0.29072315645410285	 1.0682147854662734	 
-0.06543826030488636	 0.7844134600394742	 0.6167765866155837	 -0.31495196213755194	 
0.4157132350746874	 -0.5404773979358848	 0.7314825278188078	 0.4292864422516738	 
0.0	 0.0	 0.0	 1.0	 
5	 41	  37
0.8990475242013897	 0.3842243763694435	 -0.20996470615525736	 0.8968864327578524	 
-0.07187819472676696	 0.6025415092512473	 0.7948441701063483	 -0.589617609066971	 
0.43191095650628336	 -0.6995107992252443	 0.569330806664356	 0.583179458511346	 
0.0	 0.0	 0.0	 1.0	 
6	 7	  37
0.9823419256869765	 0.18410675465336532	 0.03330231116016437	 0.3343674213472501	 
-0.1865744137003137	 0.9507055400548095	 0.24768723071946155	 -0.11436644163485321	 
0.013940200500243045	 -0.2495269103726035	 0.9682675207864384	 0.03737450684521199	 
0.0	 0.0	 0.0	 1.0	 
6	 8	  37
0.954278649424077	 0.2365489032601636	 -0.18274812070106747	 0.29876945160765267	 
-0.12751112267498582	 0.8750854728413663	 0.4668686419285041	 -0.3923821321694334	 
0.27035749082931426	 -0.4222203590406494	 0.8652379993759304	 0.17977371866538172	 
0.0	 0.0	 0.0	 1.0	 
6	 9	  37
0.8124656347519527	 0.4168122995060376	 -0.40763598875417706	 0.08366753431304748	 
-0.268247836101012	 0.8880455568107177	 0.37338744951573655	 -0.3500751540045804	 
0.5176318100486387	 -0.1940169992790111	 0.8333154944056522	 0.14228953062116398	 
0.0	 0.0	 0.0	 1.0	 
6	 37	  37
0.9595263677050152	 -0.045273620274968306	 0.2779558399926454	 -0.6597505899049149	 
0.004722019711397053	 0.9894409013492775	 0.14485995052799264	 -0.03735991174834119	 
-0.281579211250874	 -0.13768442920071006	 0.9496084170577943	 -0.06150136733649655	 
0.0	 0.0	 0.0	 1.0	 
6	 38	  37
0.9690610177801294	 -0.06115981294437963	 0.23912386141819197	 -0.10305393852016448	 
0.007976007342276992	 0.9760673940509565	 0.21732193993577956	 -0.1992914930806277	 
-0.24669237346503886	 -0.2086909666257342	 0.9463566734181159	 0.40084065114825296	 
0.0	 0.0	 0.0	 1.0	 
6	 39	  37
0.8978484225925679	 0.3288472533886864	 -0.2927929199737486	 0.2943924133584161	 
-0.21853892376753326	 0.9101154820708993	 0.35203770834014625	 -0.3039128855789398	 
0.3822420029857597	 -0.2520898515084863	 0.889011674793905	 0.7284651952384493	 
0.0	 0.0	 0.0	 1.0	 
6	 40	  37
0.8922480790835069	 0.3935566245572496	 -0.221374227585093	 0.5788025252225456	 
-0.21300775732843072	 0.7991294670754717	 0.5621563751925123	 -0.49636293276284305	 
0.39814703400842355	 -0.454428518161852	 0.7968523459158032	 0.6914834784766549	 
0.0	 0.0	 0.0	 1.0	 
6	 41	  37
0.8546397158350969	 0.46015106888191476	 -0.24052432293665651	 0.5754089197365834	 
-0.16500913490513774	 0.6799303238916077	 0.7144695515209254	 -0.7159630611535197	 
0.49230370861406625	 -0.5709253440332509	 0.6570245886002675	 0.7978479806746056	 
0.0	 0.0	 0.0	 1.0	 
7	 8	  37
0.9699411830323527	 0.10373980210643076	 -0.22011850198636065	 -0.03078405458115304	 
-0.06139280493120778	 0.9796353655720444	 0.19116870565865537	 -0.2769174160840997	 
0.2354676728565507	 -0.1719087082711215	 0.9565575628576015	 0.0578527997957522	 
0.0	 0.0	 0.0	 1.0	 
7	 37	  37
0.9484106110229608	 -0.207332069106655	 0.2398556357874605	 -0.9659659163584434	 
0.22365102029376657	 0.973736352361987	 -0.04263492946316989	 -0.0731360397926911	 
-0.22471656374333193	 0.09407937717016161	 0.969871917714222	 -0.10466718968784905	 
0.0	 0.0	 0.0	 1.0	 
7	 38	  37
0.9526203870035288	 -0.22693335816356303	 0.20252320661557738	 -0.4020062215256743	 
0.23645081105740548	 0.9713524712841365	 -0.023777941048305738	 -0.17968292176399597	 
-0.19132540922612146	 0.07053812786578403	 0.978988743705283	 0.33290436279830715	 
0.0	 0.0	 0.0	 1.0	 
7	 39	  37
0.9528109067363798	 0.11093825906509601	 -0.2825669454833718	 -0.08726235106958569	 
-0.0949460366494108	 0.9930380197746044	 0.06971901753969835	 -0.3750978478435408	 
0.288334226426149	 -0.03960042875699294	 0.9567106040561562	 0.6040365584490485	 
0.0	 0.0	 0.0	 1.0	 
7	 40	  37
0.9117040563173817	 0.08462654232403839	 -0.402037388844259	 0.4539733291681925	 
0.006132820393702383	 0.9756438560931187	 0.21927483800420086	 -0.3360006225205423	 
0.41080177970458004	 -0.20237938235410186	 0.8889794617366152	 0.5571282798444455	 
0.0	 0.0	 0.0	 1.0	 
7	 41	  37
0.9110078668690523	 0.3103892435086487	 -0.2715201355642465	 0.18411085408967803	 
-0.14147335191852148	 0.8536800190597776	 0.5012142413729235	 -0.7592056333752751	 
0.38736282371910236	 -0.4181972531858928	 0.8216210198310026	 0.6095949955544082	 
0.0	 0.0	 0.0	 1.0	 
8	 9	  37
0.9408026993357549	 0.19910502169953945	 -0.27431272529101386	 -0.12057042351818534	 
-0.21810698372020526	 0.9750932042230253	 -0.04028134469637696	 -0.12888736543848942	 
0.25946025625330654	 0.09772631893251782	 0.9607965143634054	 0.03790053290315655	 
0.0	 0.0	 0.0	 1.0	 
8	 36	  37
0.9968166755886152	 -0.07798579505407553	 0.016575012465926305	 -1.4924715207293882	 
0.07921363425275289	 0.9451783626843525	 -0.31680129870598156	 0.5664908072161435	 
0.009039658009732708	 0.31710578437346265	 0.9483470915756305	 -0.4965776106175208	 
0.0	 0.0	 0.0	 1.0	 
8	 37	  37
0.8515203334209304	 -0.1552453625198777	 0.5008113409127026	 -1.0477664667373578	 
0.2902036285549967	 0.9350620543251648	 -0.20357015629682923	 0.19356230164982063	 
-0.43668635855064275	 0.31868139571878706	 0.8412771197878292	 0.14632385608662465	 
0.0	 0.0	 0.0	 1.0	 
8	 38	  37
0.8645164526824413	 -0.2567046454305375	 0.43210418657512445	 -0.31831245613753756	 
0.35887016853725506	 0.9171943547666563	 -0.17310897642299916	 0.010318123690130694	 
-0.35188564218423296	 0.30472486048656794	 0.885053249373184	 0.3736929739825682	 
0.0	 0.0	 0.0	 1.0	 
8	 39	  37
0.9914967113815659	 0.06350444183906506	 -0.11358458163962391	 0.1487964185969273	 
-0.08364079001139726	 0.9796622909925561	 -0.18238973066893233	 -0.11139851282694878	 
0.09969197342719707	 0.19033912228946812	 0.976643501468302	 0.5256689114821984	 
0.0	 0.0	 0.0	 1.0	 
8	 40	  37
0.9871906520175606	 0.12099118826228183	 -0.10399879293542133	 0.46999492999472375	 
-0.10891050044371198	 0.9873882849830982	 0.11490377526973125	 -0.248147701802509	 
0.11658953410252498	 -0.10210537224366666	 0.9879176957098897	 0.36668127343624024	 
0.0	 0.0	 0.0	 1.0	 
8	 41	  37
0.980338577551209	 0.16127810815165458	 -0.11369100754191531	 0.4141530027204479	 
-0.12048726951513897	 0.9455437076869014	 0.30237379968921496	 -0.5036479238660854	 
0.15626609117034587	 -0.2827303816089283	 0.9463849322900332	 0.37727878870727666	 
0.0	 0.0	 0.0	 1.0	 
8	 42	  37
0.5835161720580729	 0.7198468854824989	 -0.3759379448896308	 0.1643773235053235	 
-0.5462745875196885	 0.6904582467406496	 0.4741850741409124	 -0.5162617123347832	 
0.6009101030744004	 -0.07132931353219622	 0.7961276135483174	 0.39885414713769957	 
0.0	 0.0	 0.0	 1.0	 
9	 10	  37
0.9201220178243487	 0.14532761048558077	 -0.36366929750172744	 -0.17269286803904013	 
-0.20677809788856216	 0.9688912498509265	 -0.13598736778060522	 0.043904572717861065	 
0.3325932809730775	 0.20032381683878905	 0.9215487387320886	 -0.021976603694908954	 
0.0	 0.0	 0.0	 1.0	 
9	 20	  37
-0.4703680948029793	 0.14930742979388875	 -0.8697477489477962	 1.3692566684019085	 
-0.14145479269057082	 0.9600820774183054	 0.24131503526514622	 -1.16873443682811	 
0.8710593533257557	 0.2365368809054814	 -0.43047172608107764	 3.3087502222526672	 
0.0	 0.0	 0.0	 1.0	 
9	 36	  37
0.9380009250965202	 -0.10821274501746538	 0.32930877050855467	 -1.5567488935703613	 
0.19234527477469146	 0.9528308625120091	 -0.23476933938755554	 0.44663826034713094	 
-0.28837052517537076	 0.28355484347900994	 0.9145704406712882	 -0.14040469520790624	 
0.0	 0.0	 0.0	 1.0	 
9	 43	  37
0.705533794545201	 0.5010108802360939	 -0.5012087016799548	 0.5305828071801778	 
-0.3629692667223093	 0.8629082326325295	 0.35162863004891143	 -0.2904598209700776	 
0.6086668844037114	 -0.06616252670552528	 0.7906624715327146	 0.25171337997629994	 
0.0	 0.0	 0.0	 1.0	 
9	 44	  37
0.8301480644225114	 0.15842942207311297	 -0.5345599212035418	 0.5082016174667101	 
-0.17443187091148626	 0.9844478544873303	 0.02087927694176402	 -0.2145894658462594	 
0.5295542593029314	 0.07591139583008334	 0.8448726214271897	 0.23859530228810966	 
0.0	 0.0	 0.0	 1.0	 
9	 45	  37
0.6792302750235978	 0.20273381135697247	 -0.7053688646545461	 0.4978270178158572	 
-0.32834302801731075	 0.943485847289662	 -0.04500346560579985	 -0.05377327977151799	 
0.6563818168138055	 0.2621706652102488	 0.7074103850378674	 0.36364056196760874	 
0.0	 0.0	 0.0	 1.0	 
10	 18	  37
-0.41859920902464437	 -0.7787365887385037	 0.4672729690061912	 -1.5559910742767094	 
0.4242172654249555	 0.2872736667387407	 0.858786092175375	 -0.9328680895378125	 
-0.803003371051028	 0.5577124400247842	 0.2101009764905599	 1.1745304045504115	 
0.0	 0.0	 0.0	 1.0	 
10	 19	  37
0.50356283873117	 -0.2281680483443825	 0.8332849507603752	 -2.388924015169943	 
0.32520710850844525	 0.9436177917256728	 0.06185304935362454	 -0.774079145547023	 
-0.8004153946699062	 0.23984329228369375	 0.5493727251347098	 1.675297875518353	 
0.0	 0.0	 0.0	 1.0	 
10	 20	  37
-0.07835272828093469	 -0.27626431098898385	 0.9578824982453303	 -2.2640551420840134	 
0.4401345299037834	 0.8525391104761323	 0.28188412636212856	 -0.868957571952838	 
-0.8945068169428937	 0.44368355342783067	 0.0547946973743231	 1.5577871136193455	 
0.0	 0.0	 0.0	 1.0	 
10	 35	  37
0.9949580817032115	 -0.016570348453035493	 -0.09891329134959423	 -1.4585906750972577	 
0.0034615193142439296	 0.9913426464184533	 -0.1312546200180897	 0.379219427997358	 
0.10023189880223649	 0.13025045467944038	 0.9864017363723042	 -0.4188237625860699	 
0.0	 0.0	 0.0	 1.0	 
10	 36	  37
0.7027003730783077	 -0.2602994095952168	 0.6621604058232324	 -1.4375294374631402	 
0.30359381861002344	 0.9513915036243394	 0.05181698691744087	 0.056930585831947676	 
-0.6434617152382813	 0.16461599009755887	 0.7475684562813019	 0.3410066462080045	 
0.0	 0.0	 0.0	 1.0	 
10	 43	  37
0.9083411234462873	 0.2632134043606159	 -0.3250155491991591	 0.9290011544739439	 
-0.10873649789428365	 0.8990251767593384	 0.4241816893484746	 -0.17443019312016397	 
0.4038474680891573	 -0.3499606196670335	 0.8452424428530797	 0.09017880247360119	 
0.0	 0.0	 0.0	 1.0	 
10	 44	  37
0.9472655657693437	 -0.029905925219879236	 -0.3190510672986818	 0.9574880337647109	 
0.07378622294122003	 0.9892381367722541	 0.12634675326033762	 -0.14311863362612226	 
0.31183896679496853	 -0.14322550189160832	 0.9392778685757177	 0.08265561360350393	 
0.0	 0.0	 0.0	 1.0	 
10	 45	  37
0.8915595755953073	 0.08834048122838038	 -0.4442043252160576	 0.8192350004205797	 
-0.10461020593489638	 0.9944385289398684	 -0.012194956915443401	 0.10239669512625012	 
0.44065658735411417	 0.05734083654995888	 0.8958425087509404	 0.11578582122446658	 
0.0	 0.0	 0.0	 1.0	 
10	 54	  37
0.5682942844284372	 0.25123664050599187	 -0.7835315926963217	 0.5559357555088138	 
-0.27703639642081673	 0.9550714311599559	 0.10530620323723888	 0.10897650211010697	 
0.7747854163212798	 0.1572218555078704	 0.612363329083742	 0.4585984888993707	 
0.0	 0.0	 0.0	 1.0	 
11	 34	  37
0.8154079401944415	 -0.4012071882835606	 0.41730406556545396	 -1.6599391004144013	 
0.39068904198185694	 0.9133470631563877	 0.1147136203722119	 0.009771581469107546	 
-0.42716737181479114	 0.069497728690949	 0.9014976994777312	 0.04213869012161015	 
0.0	 0.0	 0.0	 1.0	 
11	 35	  37
0.7508378587275643	 -0.32294913763250854	 0.5761478667875328	 -1.2983936062058747	 
0.4253820738470634	 0.9037518303203562	 -0.04777782374886547	 -0.09984289211132055	 
-0.5052648821667471	 0.28095637329490414	 0.8159478630120908	 0.19341943343569135	 
0.0	 0.0	 0.0	 1.0	 
11	 46	  37
0.9454057690567492	 -0.016231437797662892	 -0.3254911247042487	 0.6621872917245085	 
-0.03700984332028673	 0.9869503857502905	 -0.15671377592528551	 0.47649087807930435	 
0.32378728099112225	 0.16020448337787996	 0.9324678654913537	 -0.30551217325916413	 
0.0	 0.0	 0.0	 1.0	 
11	 47	  37
-0.7765285558810278	 -0.07309673557919595	 -0.6258276672926748	 0.9713120270429231	 
0.6234641197604698	 -0.2327193958085671	 -0.7464142108680661	 1.70670031427652	 
-0.09108179440825892	 -0.9697930449648314	 0.22628644825797917	 1.964934742722986	 
0.0	 0.0	 0.0	 1.0	 
11	 53	  37
0.9138242531350489	 0.034171363863626895	 -0.4046696829191325	 0.3748184107504101	 
-0.12019676929946581	 0.9745672933406155	 -0.189133094408985	 0.47543406325150683	 
0.3879149017918003	 0.22147439726173013	 0.8946905165057983	 -0.32408749931358594	 
0.0	 0.0	 0.0	 1.0	 
11	 54	  37
0.9654914347629163	 -0.1505424624907263	 -0.2125164849762794	 0.7411888229291523	 
0.12307117539421365	 0.982878856457003	 -0.13712271626853426	 0.5269998492866782	 
0.22952075110222905	 0.10623615447201724	 0.9674885551242797	 -0.3958256495896284	 
0.0	 0.0	 0.0	 1.0	 
12	 13	  37
0.8494369031705074	 0.2689118732239001	 -0.4540301223171339	 -0.09769472298986384	 
-0.2732351883930745	 0.9602254563254164	 0.05752916519859085	 -0.32373332774390773	 
0.4514415569660149	 0.07518961007917692	 0.8891271243080159	 0.6972284748205831	 
0.0	 0.0	 0.0	 1.0	 
12	 32	  37
0.7618884098900488	 -0.49380713845935215	 0.4191426498005164	 -1.4889010696487375	 
0.4016790407167181	 0.8678707492430454	 0.29232569311850165	 -0.41688747108178553	 
-0.5081141595390835	 -0.05435874000472671	 0.8595726428062894	 1.2213427623384068	 
0.0	 0.0	 0.0	 1.0	 
12	 33	  37
0.6122149941112577	 -0.48656844927191256	 0.623252713719306	 -1.8040507549677747	 
0.47427035631812703	 0.8566728748725553	 0.2029266236240797	 -0.26215577451459166	 
-0.6326613866067924	 0.1713555649248615	 0.7552329708547237	 0.8204733244015453	 
0.0	 0.0	 0.0	 1.0	 
12	 47	  37
0.938674879176368	 -0.2118905858620655	 0.2720144312830869	 -0.7485023110347313	 
0.24435891569758275	 0.9653830235689691	 -0.09123781082389616	 0.6064488861936486	 
-0.24326568093821244	 0.152111792533867	 0.9579581468152987	 -0.6926944434700911	 
0.0	 0.0	 0.0	 1.0	 
12	 48	  37
0.9904851285401837	 -0.12069434650525578	 -0.06612174273570527	 -0.9389435509299255	 
0.10796062413897056	 0.9794175439470932	 -0.17054553129345915	 0.5452220571508305	 
0.08534467632056164	 0.16178426787025246	 0.9831287488896993	 -0.4383070747289151	 
0.0	 0.0	 0.0	 1.0	 
12	 52	  37
0.9974146196091687	 -0.05286414184084865	 0.04867709006634972	 -1.1223800745462091	 
0.06328401417638768	 0.9670893052822239	 -0.24644149236374177	 0.4130080638327442	 
-0.03404717520763906	 0.2488848290197215	 0.967934466657844	 -0.743914659883769	 
0.0	 0.0	 0.0	 1.0	 
12	 53	  37
0.9836268187211411	 -0.03303465804614303	 -0.1771637458971266	 -0.2845888552048977	 
-0.09274265754095073	 0.7501060629191639	 -0.6547821728209725	 0.6910492934905258	 
0.15452210510075629	 0.660491942221619	 0.7347607183944612	 1.2116858465898672	 
0.0	 0.0	 0.0	 1.0	 
13	 14	  37
0.809980163572227	 0.2650589247624478	 -0.5231404218976808	 0.15278902682239495	 
-0.3766660946654995	 0.91884881664348	 -0.11764142672680326	 -0.10246090437385091	 
0.44950504752332804	 0.29233648174090704	 0.8440880248495405	 0.2937932818374883	 
0.0	 0.0	 0.0	 1.0	 
13	 24	  37
0.6458769174601944	 0.27869424091156036	 -0.7107548997895446	 -0.13245685058522041	 
-0.4014567634421627	 0.915860279370428	 -0.005693483824842673	 -0.3354588523596413	 
0.6493654399324462	 0.2890146514525683	 0.7034167020103307	 0.6501640901117554	 
0.0	 0.0	 0.0	 1.0	 
13	 25	  37
0.916741078973886	 0.25413454674021235	 -0.3082230138632451	 -0.18637577723239118	 
-0.16418140886419494	 0.9430680547872373	 0.2892526733207216	 -0.31940353340922933	 
0.3641843751524267	 -0.21456531917568356	 0.9062733940163274	 0.6975532209428466	 
0.0	 0.0	 0.0	 1.0	 
13	 26	  37
0.9841158614280873	 -0.12233580596137268	 -0.12864649962371758	 -0.10750214921732479	 
0.126540308699781	 0.9916463228777908	 0.025002411826072726	 -0.5949645231976787	 
0.12451313810123787	 -0.04088423782752728	 0.9913752859222608	 0.937610351340701	 
0.0	 0.0	 0.0	 1.0	 
13	 47	  37
0.6760905855106174	 -0.37842082441111125	 0.6322176839000363	 -1.1994501799140127	 
0.531921093049083	 0.8444172903606797	 -0.06339866330922637	 1.0175497949662062	 
-0.509864169120933	 0.37915316086239226	 0.7721925988085341	 -0.9304534430187558	 
0.0	 0.0	 0.0	 1.0	 
13	 48	  37
0.8237157549629416	 -0.308284353390275	 0.4758708989637532	 -1.5685799661541544	 
0.3948162166584996	 0.9142277453272808	 -0.09114705007439956	 0.47432650602549387	 
-0.4069551696308809	 0.262960809111427	 0.8747794595108895	 -0.508753402347884	 
0.0	 0.0	 0.0	 1.0	 
13	 49	  37
0.9980983144843159	 -0.06038947256859166	 0.01236390821927414	 -1.6670354978177864	 
0.06130030050021246	 0.951298059364308	 -0.3021163276095564	 0.4786025921690034	 
0.006482883783546582	 0.3022997086544882	 0.9531908824392203	 -0.38516766234447253	 
0.0	 0.0	 0.0	 1.0	 
13	 51	  37
0.998456120475631	 -0.0019201617825950884	 -0.05551295761784236	 -1.7548372007609339	 
-0.020978919998938497	 0.9123450282599674	 -0.4088843776974085	 0.5456390945704236	 
0.05143209504219956	 0.4094177113756166	 0.9108961945312551	 -0.5242784009070357	 
0.0	 0.0	 0.0	 1.0	 
13	 52	  37
0.7904141649282678	 -0.18897535800245982	 0.5826952565008497	 -1.8119165051417185	 
0.3903907928240574	 0.8884297620857894	 -0.24142822270478576	 0.6021979966235605	 
-0.4720598232840334	 0.4183071501995033	 0.776001708331249	 -0.6636330508227232	 
0.0	 0.0	 0.0	 1.0	 
14	 15	  37
0.9355365057677022	 0.12632273847162795	 -0.3298696896063451	 0.1890443968684358	 
-0.11717594497488334	 0.9919720371959044	 0.04755286890030481	 -0.034539639676083846	 
0.333228516629656	 -0.005834652212026058	 0.9428280397497539	 0.039399964579232345	 
0.0	 0.0	 0.0	 1.0	 
14	 16	  37
0.8628273536963134	 0.18896671453979166	 -0.46885023036088413	 0.2540674497850453	 
-0.15435143407768642	 0.9816918115404147	 0.11161013373641591	 0.06189333616684209	 
0.4813570322656348	 -0.02393257091362748	 0.8761978312789218	 -0.33770674260051337	 
0.0	 0.0	 0.0	 1.0	 
14	 23	  37
0.8796730019273609	 0.10112979131524573	 -0.46470224336518984	 -0.03345532847589577	 
-0.08989660554938021	 0.9948727219139392	 0.04633430157289667	 0.06815018294771433	 
0.4670053639850448	 0.0010161201128745284	 0.8842538987808374	 0.18236925485783564	 
0.0	 0.0	 0.0	 1.0	 
14	 24	  37
0.9923022799720482	 0.007243697480002287	 -0.12362731902412451	 -0.237010180425123	 
-0.00940765814646148	 0.9998124328264977	 -0.016929120879686874	 -0.13917733857138972	 
0.12348150116707268	 0.017961848801778143	 0.9921843028677423	 0.4969253652126676	 
0.0	 0.0	 0.0	 1.0	 
14	 25	  37
0.9611768538551516	 -0.24382529659586005	 0.1291831271995395	 -0.17658113336742495	 
0.17000060633448133	 0.8920325818809803	 0.4187811680444339	 -0.11410218482349826	 
-0.2173450009984583	 -0.3805615556026287	 0.8988515188496302	 0.5106085829333131	 
0.0	 0.0	 0.0	 1.0	 
14	 26	  37
0.8098042438728925	 -0.351700506785147	 0.4695996594254761	 0.06800459025673508	 
0.31035960301541166	 0.9360425380225085	 0.16583511036115572	 -0.1632129451539737	 
-0.497889549419918	 0.011450787721869837	 0.8671648494023384	 0.7222327443245233	 
0.0	 0.0	 0.0	 1.0	 
14	 49	  37
0.7363708895585829	 -0.23847775450134728	 0.6331558051685982	 -2.2089146758787783	 
0.3147387177854636	 0.9491398090567754	 -0.008553501647307667	 -0.11801520304920117	 
-0.5989135601549385	 0.20557719589405585	 0.7739771081827124	 0.5331994875551824	 
0.0	 0.0	 0.0	 1.0	 
14	 51	  37
0.7633153877783718	 -0.14908003720492322	 0.6285895014138664	 -2.4836725758734155	 
0.28143527626072745	 0.9525624769106784	 -0.11584003132701132	 -0.1817185036380507	 
-0.5815013362467906	 0.2653297384176407	 0.7690619779019271	 0.5922838906420956	 
0.0	 0.0	 0.0	 1.0	 
15	 16	  37
0.9900039924194468	 0.07635509242562236	 -0.11858328235561164	 -0.2011670596947406	 
-0.07144637786471363	 0.9964236550963717	 0.045114461699093375	 0.13276360477583282	 
0.1216039065308702	 -0.03619115119833977	 0.9919186914719224	 -0.35248330567096714	 
0.0	 0.0	 0.0	 1.0	 
15	 22	  37
0.9184327727554028	 0.1886643337917564	 -0.3476880945383892	 -0.3366770316142971	 
-0.11442316953345943	 0.968069303349818	 0.22304520211319348	 0.34273067745414426	 
0.3786668459249378	 -0.1650684496404775	 0.9106941455453358	 -0.5416971640791138	 
0.0	 0.0	 0.0	 1.0	 
15	 23	  37
0.9948448210775513	 -0.014127721949092295	 -0.1004200649656495	 -0.26236833922534947	 
0.015957942038388215	 0.9997204558711439	 0.017445750161364286	 -0.008126049177122856	 
0.1001455244185956	 -0.018958311774059114	 0.9947921674166936	 0.202860795028224	 
0.0	 0.0	 0.0	 1.0	 
15	 24	  37
0.9699123695642614	 -0.11875370732334514	 0.2125265921319074	 -0.20076838578685388	 
0.12424263442966504	 0.9921717107581051	 -0.012612064117834563	 -0.21137801146933632	 
-0.20936514312611224	 0.03863746068645265	 0.9770738884421621	 0.560033231640869	 
0.0	 0.0	 0.0	 1.0	 
15	 49	  37
0.42557287409465966	 -0.2777246155830358	 0.8612530213207183	 -2.0960157786665534	 
0.4171141256359485	 0.9048083438429327	 0.08566018390808887	 -0.45411912711791025	 
-0.8030588614975673	 0.3227861502782675	 0.500904747590564	 1.3266506508505347	 
0.0	 0.0	 0.0	 1.0	 
15	 50	  37
0.7311200762410357	 -0.07615713535977309	 0.6779849001645211	 -2.1272567181377	 
0.2403375601577869	 0.9587981208193352	 -0.15147283812853538	 -0.552031734477437	 
-0.6385149107849437	 0.27369006969034226	 0.719299975294168	 1.3574694873951818	 
0.0	 0.0	 0.0	 1.0	 
15	 51	  37
0.5465328411300079	 -0.1138628460194038	 0.8296608378504577	 -2.273936435442831	 
0.3205071932371692	 0.9437235575030435	 -0.08161486443676919	 -0.37232562918355083	 
-0.7736775766749314	 0.3105174702173155	 0.5522697783151314	 1.307867443750917	 
0.0	 0.0	 0.0	 1.0	 
16	 17	  37
0.9406230904408703	 0.09938477124225013	 -0.32457798596730253	 -0.25503893704183467	 
-0.10444872146127848	 0.9945285888866529	 0.0018304295194316064	 0.18132518362217695	 
0.32298400318679726	 0.03218001137735978	 0.9458571670993369	 -0.29712014219551325	 
0.0	 0.0	 0.0	 1.0	 
16	 22	  37
0.9677676666064012	 0.10369907619288209	 -0.2295043465120941	 -0.22752910831524095	 
-0.0603878136697582	 0.9802576227124192	 0.1882772027473904	 0.1400958589257892	 
0.24449755710719714	 -0.1683493234644506	 0.9549237926963984	 -0.15908857616322822	 
0.0	 0.0	 0.0	 1.0	 
16	 23	  37
0.9970862505204784	 -0.07549815736490456	 0.010910419676549304	 0.022489627275858733	 
0.07586206283113305	 0.9963915238637305	 -0.03806413791900984	 -0.14170567669567644	 
-0.007997277412940955	 0.038780915499976344	 0.9992157345373239	 0.560462328860562	 
0.0	 0.0	 0.0	 1.0	 
16	 24	  37
0.925776329091522	 -0.17176983914352612	 0.33679862062430294	 0.09179502327501225	 
0.18802647287482574	 0.982033728840405	 -0.015993777479445984	 -0.3976476811238298	 
-0.32800035669504773	 0.078133717308322	 0.9414408575303624	 0.9199139189550778	 
0.0	 0.0	 0.0	 1.0	 
16	 48	  37
-0.6184893457098166	 -0.5206328868275875	 -0.588568030389874	 2.196230366729933	 
0.033911578635830324	 0.7306289528312249	 -0.6819320626859937	 2.0753617270657694	 
0.7850611021301908	 -0.4417269863143076	 -0.43423073991117955	 4.335951770587393	 
0.0	 0.0	 0.0	 1.0	 
16	 49	  37
0.9567946494732	 -0.12143199866931752	 0.264193619223916	 -0.043197971894400895	 
0.1892455267296002	 0.9498967053267512	 -0.2487616928351702	 -0.24527004666038824	 
-0.2207490189158105	 0.28801131732721585	 0.9318365477588592	 1.166067565947673	 
0.0	 0.0	 0.0	 1.0	 
16	 51	  37
0.41771231742921144	 -0.212436573507388	 0.8833952241801843	 -1.7614061209379428	 
0.38614988563517627	 0.9216097175430257	 0.039035808614722306	 -0.8874425237261647	 
-0.8224382564617594	 0.3248172267086601	 0.4670000894447844	 1.831305907400376	 
0.0	 0.0	 0.0	 1.0	 
17	 21	  37
0.9474172816614767	 0.16139598278287748	 -0.2763183510929525	 -0.2700209126718293	 
-0.15644039405708504	 0.9868755290440202	 0.04003864734664867	 0.06701422710164362	 
0.27915389575723804	 0.005294045299620944	 0.9602317822109011	 -0.0996737885957029	 
0.0	 0.0	 0.0	 1.0	 
17	 22	  37
0.993700495593256	 -0.06766379647158749	 0.08933608288238276	 0.05224101285553376	 
0.050010977169056406	 0.9811192020201962	 0.18682615874081518	 -0.0028777622174022757	 
-0.1002907135297807	 -0.1811814617291287	 0.9783225698640416	 0.127586567740299	 
0.0	 0.0	 0.0	 1.0	 
18	 19	  37
0.796588224643576	 0.1654463187862674	 -0.5814419282776812	 -0.2760477796299545	 
-0.20519564041853883	 0.9787174330551938	 -0.0026335123082960074	 -0.15548951266596223	 
0.5686316465977084	 0.1214071737333713	 0.8135836457633927	 0.038080727123465816	 
0.0	 0.0	 0.0	 1.0	 
18	 20	  37
0.9901135120925999	 0.02450765816205001	 -0.13811085353102687	 -0.12365553937458856	 
-0.04928160426440982	 0.9826263304234313	 -0.17893244043411657	 -0.11121036904170702	 
0.13132614611258017	 0.18396975145385927	 0.9741193838011963	 0.10369728276362354	 
0.0	 0.0	 0.0	 1.0	 
18	 36	  37
0.5679594940069841	 0.2682213573721227	 -0.7781255146933476	 1.1339768557001544	 
-0.21690415805790703	 0.9607666894898668	 0.17285819212254017	 -0.3660623007570141	 
0.793961333683525	 0.07060220829505612	 0.603854890515379	 1.2820320013781619	 
0.0	 0.0	 0.0	 1.0	 
18	 45	  37
0.5035183805744657	 -0.24413142299981655	 0.8287756564521862	 -2.5260560443732922	 
-0.8567857580538288	 -0.01752038255999475	 0.5153748160233264	 -1.1817280460304291	 
-0.1112987206565902	 -0.9695838718228746	 -0.21799016097331145	 3.6409903611136265	 
0.0	 0.0	 0.0	 1.0	 
19	 20	  37
0.8494010755045974	 -0.10754295064349201	 0.5166742945981779	 0.09663086315113245	 
