0	 1	  37
0.988162219959277	 0.11668490796619829	 0.0995994944669635	 -0.2999631862055879	 
-0.11176853292311574	 0.9922871563344762	 -0.05360964858915708	 0.13931996093382543	 
-0.10508673604870102	 0.041842939984641954	 0.9935823802182044	 -0.16565760313027153	 
0.0	 0.0	 0.0	 1.0	 
0	 2	  37
0.9971808496993421	 0.024069523720473	 -0.07107046517905916	 -0.5200165244178019	 
-0.00714516926456233	 0.9733108566373682	 0.22937943000193534	 -0.011821800941086145	 
0.07469470897646702	 -0.2282249644094654	 0.9707389278643457	 -0.4058829226679491	 
0.0	 0.0	 0.0	 1.0	 
0	 3	  37
0.9957647125681969	 0.09138804686815599	 -0.010043012177654728	 -0.5597351151542841	 
-0.09183960840305545	 0.9836859712238267	 -0.15468482907451134	 0.06932211528870331	 
-0.004257174221265082	 0.15495204066762444	 0.9879128208301522	 -0.13452347194375913	 
0.0	 0.0	 0.0	 1.0	 
0	 10	  37
0.900098849517755	 -0.051355179176526204	 0.43264847933231065	 -0.4582164178128798	 
-0.03630193338671991	 0.9807356512575915	 0.19193684373963718	 -0.2106445802270969	 
-0.4341707391444064	 -0.18846810850670387	 0.8808947390844747	 -0.38407642135197895	 
0.0	 0.0	 0.0	 1.0	 
0	 19	  37
0.057504036502282356	 -0.16898787839029777	 0.9839392169961974	 -1.8073841133631237	 
0.14478014482493382	 0.9765628824243324	 0.1592596820778904	 -0.601132932905322	 
-0.9877914736676034	 0.13329678776409254	 0.08062239714470831	 2.328085545714853	 
0.0	 0.0	 0.0	 1.0	 
0	 35	  37
0.9116759938802268	 0.029696922144316167	 0.4098353022833144	 -2.120673428894476	 
-0.04584152703241998	 0.9985094478179297	 0.029621563390025776	 0.24680210982561698	 
-0.40834475211742	 -0.04579274433234843	 0.9116784454974657	 -0.051618110602347306	 
0.0	 0.0	 0.0	 1.0	 
0	 36	  37
0.30427490802363877	 -0.21581574859953231	 0.927814821504609	 -1.6678473316160638	 
0.17180771174077422	 0.970458059083881	 0.16939086677133913	 -0.0511843042456149	 
-0.9369625875848011	 0.10786435099498805	 0.33236484659305465	 0.6004060791934464	 
0.0	 0.0	 0.0	 1.0	 
0	 43	  37
0.9966662765512451	 0.026430247120958313	 0.07718662593092594	 0.3310217882027447	 
-0.06683872386551176	 0.8070387254280085	 0.5867035713642501	 -0.391413173482509	 
-0.04678587583347729	 -0.5899067194876332	 0.8061148454940109	 -0.6953783629279927	 
0.0	 0.0	 0.0	 1.0	 
0	 44	  37
0.9745222527060677	 -0.1858477440288008	 0.12556669550520005	 0.39372726415428455	 
0.13623874929185256	 0.9352111783040064	 0.3268318453985517	 -0.37703280065106104	 
-0.17817233840324903	 -0.3013978566855389	 0.9367037684419132	 -0.7040682090286005	 
0.0	 0.0	 0.0	 1.0	 
0	 45	  37
0.9977820404772547	 0.06623770085881332	 -0.006600506494495964	 0.31600447518996155	 
-0.06384253036610071	 0.9803180933127047	 0.1868169351001034	 -0.14370007167874008	 
0.018844920204103378	 -0.18598118966358163	 0.9823725698907818	 -0.6456238279340848	 
0.0	 0.0	 0.0	 1.0	 
0	 54	  37
0.8913416909870965	 0.2442747339651534	 -0.3818898326147447	 0.09650552082901548	 
-0.1556597498707311	 0.9561061005010553	 0.24825625239829796	 -0.02568542497775637	 
0.42576992869206454	 -0.16183627198783182	 0.8902409723724444	 -0.277840438334288	 
0.0	 0.0	 0.0	 1.0	 
1	 2	  37
0.9733504859741505	 -0.05573143165126021	 -0.2224473847452152	 -0.0983336346942857	 
0.11470121669025712	 0.958280243673881	 0.2618064274881381	 -0.16585889351566976	 
0.19857608703884652	 -0.2803443991065775	 0.9391350038976891	 -0.25079507404419304	 
0.0	 0.0	 0.0	 1.0	 
1	 3	  37
0.9918664043932081	 -0.044912595707108885	 -0.11909615687727759	 -0.19612835108137333	 
0.03249277670770675	 0.9940204032961864	 -0.1042480565416396	 -0.10337065917982974	 
0.1230660607068839	 0.09953038017477661	 0.9873947782545505	 0.015280222238895587	 
0.0	 0.0	 0.0	 1.0	 
1	 10	  37
0.9338339939777439	 -0.15076190590372554	 0.32438390746128554	 -0.1278100934017995	 
0.05663079450378593	 0.9577168951898778	 0.2820838559395612	 -0.38386860329253086	 
-0.35319544844950296	 -0.2450493754249077	 0.9028863598473609	 -0.20140625548641508	 
0.0	 0.0	 0.0	 1.0	 
1	 11	  37
0.9185772478179122	 0.26159177173153575	 -0.29628632225201673	 -0.48045906432433866	 
-0.14565017310276657	 0.9209175379453793	 0.36152028349700416	 -0.43697491846006975	 
0.3674260018920873	 -0.2889301529210416	 0.884034784308072	 0.18160510464780952	 
0.0	 0.0	 0.0	 1.0	 
1	 35	  37
0.9518742878393653	 -0.12420392727599106	 0.2801940838053516	 -1.7387873638328304	 
0.0841455577073818	 0.9849823723366447	 0.1507622343433163	 -0.22617006605612805	 
-0.2947114949716311	 -0.1199296070005055	 0.9480306029323576	 -0.10457864111282104	 
0.0	 0.0	 0.0	 1.0	 
1	 43	  37
0.9940613899048829	 0.023067022563596534	 -0.10634785174333163	 0.8668636070029273	 
0.05013094997202462	 0.7703291060076765	 0.6356728374661891	 -0.48978147513274317	 
0.09658592524417581	 -0.6372291431717985	 0.7645980500480379	 -0.3982160332369984	 
0.0	 0.0	 0.0	 1.0	 
1	 44	  37
0.9748829979781837	 -0.22159491054767003	 -0.022334633922215946	 0.8477165764670103	 
0.21479161785323134	 0.9089347596683278	 0.35735439491724474	 -0.4022615526852947	 
-0.05888719005913448	 -0.35317601601191545	 0.9337017728166154	 -0.4303948541952797	 
0.0	 0.0	 0.0	 1.0	 
1	 45	  37
0.9918676559553303	 -0.007541101157227522	 -0.1270499305903591	 0.6903768754559735	 
0.03926457132955123	 0.9676820410381068	 0.24909789419148046	 -0.2906463432607791	 
0.12106546372927816	 -0.25206070547719234	 0.9601086158588283	 -0.3892267060140253	 
0.0	 0.0	 0.0	 1.0	 
1	 54	  37
0.841101036889721	 0.15010647903704305	 -0.5196316875385278	 0.48524125627598885	 
-0.022473721443638607	 0.9695880503664335	 0.24370872867234852	 -0.13663811779685886	 
0.5404109340007012	 -0.19330560658635892	 0.8188949657158536	 -0.02536738100548326	 
0.0	 0.0	 0.0	 1.0	 
2	 3	  37
0.9950592184864498	 0.09155030172637829	 0.03841476225286621	 0.03184381707313281	 
-0.07121523684111401	 0.9277533054586953	 -0.3663361765538966	 -0.028297681333221383	 
-0.06917761015530342	 0.3617904731530016	 0.9296892554982695	 0.278284737898218	 
0.0	 0.0	 0.0	 1.0	 
2	 10	  37
0.85252408481235	 -0.06952877378420097	 0.5180428886018319	 -0.012443538898528306	 
0.06994139191803607	 0.9973746484901448	 0.018761989386197407	 -0.2644320510525497	 
-0.5179873420378456	 0.02023759287132525	 0.8551488486359211	 -0.01045521960390266	 
0.0	 0.0	 0.0	 1.0	 
2	 11	  37
0.9225016697251958	 0.3608703572214601	 -0.1369790299026867	 -0.15899376975046073	 
-0.3444444179394697	 0.9297878198317845	 0.12981776859427216	 -0.35496486671931315	 
0.17420881810219976	 -0.07257544606347152	 0.9820305964297253	 0.38082586695654824	 
0.0	 0.0	 0.0	 1.0	 
2	 34	  37
0.9677237287747898	 -0.045022474210219425	 0.24795919338110242	 -1.5787326974877536	 
0.03065261609395731	 0.9976354786241624	 0.06151316051817674	 0.29401053502242347	 
-0.2501423632510359	 -0.051927147103694074	 0.9668155819497628	 0.01850794609957549	 
0.0	 0.0	 0.0	 1.0	 
2	 35	  37
0.897577124600233	 -0.02315976027467794	 0.44024871481742694	 -1.508006182631049	 
0.09193481146112881	 0.9864972148026846	 -0.13554053131131247	 0.010339354200633703	 
-0.43116504477518136	 0.1621322629539407	 0.8875865216830693	 0.4315939424902244	 
0.0	 0.0	 0.0	 1.0	 
2	 43	  37
0.9907500895245834	 -0.020723707151682966	 0.1341073751473861	 0.8396622568806736	 
-0.03832980903150619	 0.9052880838615726	 0.423065374331027	 -0.37963263481394804	 
-0.13017329160253588	 -0.424292367572332	 0.8961199143938423	 -0.4233692449290221	 
0.0	 0.0	 0.0	 1.0	 
2	 44	  37
0.9616096144668471	 -0.1848308077973427	 0.2028411246614056	 0.8689669471277687	 
0.16641573639081264	 0.9805011536194853	 0.10451454651081338	 -0.28850267352027836	 
-0.21820346479014882	 -0.06674623764557282	 0.9736180913036359	 -0.42995480685986226	 
0.0	 0.0	 0.0	 1.0	 
2	 45	  37
0.9965581653875684	 0.016918883440207682	 0.0811515519414134	 0.7821356358781406	 
-0.013465902749769802	 0.99898819074633	 -0.042909954701754925	 -0.04789241742367455	 
-0.08179543057223328	 0.041669486828008646	 0.99577766665305	 -0.3269665345582302	 
0.0	 0.0	 0.0	 1.0	 
2	 46	  37
0.8442892017927939	 0.28725174256454006	 -0.4523960434505607	 0.5631845842467031	 
-0.2965103895883545	 0.9536056982847112	 0.052132150014069685	 -0.12478488978794607	 
0.44638249585109024	 0.09012551576863459	 0.8902921199276045	 0.15772270577411213	 
0.0	 0.0	 0.0	 1.0	 
2	 53	  37
0.7927294850651677	 0.29060462788569447	 -0.5358441133013692	 0.32454770754855977	 
-0.33091639112733384	 0.9434017992938365	 0.0220768469762615	 -0.019566730102969315	 
0.5119319345299477	 0.15981863264516075	 0.8440282572685915	 0.057883484223585344	 
0.0	 0.0	 0.0	 1.0	 
2	 54	  37
0.9149935717575562	 0.22849037222876847	 -0.33253407861617484	 0.6474528501582049	 
-0.23387282937455633	 0.9719626248450564	 0.02433424715596479	 -0.023765334563453686	 
0.32877083709278276	 0.05550500610815856	 0.9427772435598156	 0.10681188233260165	 
0.0	 0.0	 0.0	 1.0	 
3	 10	  37
0.8900879688524833	 -0.1466626181592832	 0.43154777735347505	 0.056268650895111544	 
-0.014678143150978908	 0.9371006787163221	 0.34875044095032626	 -0.2689744392785049	 
-0.455552367810441	 -0.31675289167436493	 0.831949304824656	 -0.18464602665864985	 
0.0	 0.0	 0.0	 1.0	 
3	 35	  37
0.9266435942587857	 -0.10813071722805537	 0.36005471419064206	 -1.4673595028746127	 
0.02382110632796275	 0.9727062024203005	 0.23081420811204278	 -0.056223132199284695	 
-0.37518555957348654	 -0.20530560578031903	 0.9039277648809698	 0.044469738931196136	 
0.0	 0.0	 0.0	 1.0	 
3	 45	  37
0.9991669230855652	 -0.024754688616054194	 -0.03244480240726276	 0.8949224623193237	 
0.033512245865976655	 0.9513944571968735	 0.3061462333462293	 -0.1440077901567935	 
0.023289250497653586	 -0.3069784881821327	 0.9514314576492987	 -0.4920763834820653	 
0.0	 0.0	 0.0	 1.0	 
3	 54	  37
0.8987535473066093	 0.1555047114554883	 -0.4099516385123149	 0.6619269012834751	 
0.0012737751778473837	 0.9340631460263893	 0.3571056100540581	 -0.10286927765519852	 
0.43845232203807794	 -0.32147212002043035	 0.8392944878580985	 -0.1058682110176085	 
0.0	 0.0	 0.0	 1.0	 
4	 5	  37
0.9243412388090748	 -0.04001887421153922	 0.37946246710807513	 0.23276174205709718	 
0.033540814146801476	 0.9991570106135051	 0.023670275204430397	 -0.01740950855171746	 
-0.3800898420416886	 -0.009151931420456373	 0.9249042945775521	 0.09968849570848803	 
0.0	 0.0	 0.0	 1.0	 
4	 6	  37
0.9133225158482287	 -0.054714844761617164	 0.4035446292634472	 0.43385636982705345	 
-0.03555288554797359	 0.9764365767424356	 0.2128558289752136	 -0.11955085862698267	 
-0.4056821099997799	 -0.20875319725030567	 0.889856240223049	 -0.2849084243091992	 
0.0	 0.0	 0.0	 1.0	 
4	 9	  37
0.9708465519932618	 0.20437067916037382	 -0.12525812541437142	 0.7137439884647231	 
-0.1199977093131145	 0.8667442203696882	 0.48410226834352643	 -0.3512656024890451	 
0.20750306562169224	 -0.4549583299108502	 0.8659996511560096	 -0.1783796277126434	 
0.0	 0.0	 0.0	 1.0	 
4	 10	  37
0.8061717901058002	 0.3284469415865813	 -0.49214799745608095	 0.5438134444924542	 
-0.14134985402256037	 0.9146031581633582	 0.37884202755952573	 -0.3294708941104161	 
0.5745496180534888	 -0.23584670792706122	 0.7837531925003924	 -0.23738623242063592	 
0.0	 0.0	 0.0	 1.0	 
4	 18	  37
0.4477340880027356	 -0.257770239320461	 0.8562059858241069	 -2.381153952605456	 
0.06150740672480372	 0.9641566838433144	 0.2581060400654204	 -0.03395943013370922	 
-0.8920487796966868	 -0.06289986264639368	 0.4475405924837625	 -0.39767259307163294	 
0.0	 0.0	 0.0	 1.0	 
4	 19	  37
0.9274630129896064	 -0.02905224587138541	 0.3727845578159962	 -2.2971071763642144	 
-0.034354827432382336	 0.9861390494145198	 0.16232535554224625	 -0.15272367753519325	 
-0.3723333256214527	 -0.16335771248904665	 0.913609409103263	 -0.1774753169331835	 
0.0	 0.0	 0.0	 1.0	 
4	 20	  37
0.5249175916681715	 -0.06470742613862712	 0.8486898555772889	 -2.4472517988845834	 
-0.02184199295483594	 0.9957536310149324	 0.08942948990314895	 -0.19598216317083322	 
-0.8508727574091476	 -0.06548019031043423	 0.5212752587413506	 -0.10237713973394799	 
0.0	 0.0	 0.0	 1.0	 
4	 36	  37
0.9859181186631281	 0.0063966531306096615	 0.167106391620684	 -0.7374584016393368	 
-0.04697093267410633	 0.969633579968511	 0.24000927498989297	 0.05838130920751447	 
-0.16049671266254456	 -0.24447863592996463	 0.9562797717186852	 -0.7894153683624869	 
0.0	 0.0	 0.0	 1.0	 
4	 37	  37
0.7462679345156639	 -0.22450070740148467	 0.6266447177547713	 -0.21972768166124348	 
0.049081102748228266	 0.9574046207869552	 0.2845477770934149	 -0.07503277791793063	 
-0.663833725617147	 -0.18159246810376992	 0.725499111137456	 -0.10832142891626144	 
0.0	 0.0	 0.0	 1.0	 
5	 6	  37
0.9986183489583712	 -0.04449717893165976	 0.02795342896282482	 0.35354983639191645	 
0.04131605415921864	 0.99355221952578	 0.10557921549295494	 0.022930422190594973	 
-0.032471168632624975	 -0.10427841647493102	 0.9940179249214331	 -0.32059307173581186	 
0.0	 0.0	 0.0	 1.0	 
5	 7	  37
0.995945383365539	 0.08684090331592506	 0.023482990953934496	 0.7314370510687089	 
-0.08982859448906266	 0.9459090016314967	 0.31174827063613925	 0.0069100864847287564	 
0.00485972890066203	 -0.31259369498404505	 0.9498744995478261	 -0.2942736516652176	 
0.0	 0.0	 0.0	 1.0	 
5	 8	  37
0.9719089284318592	 0.15560020265004101	 -0.17658315822779033	 0.6715465492967344	 
-0.046531505527263484	 0.8625039424082754	 0.5039065075225247	 -0.2454000701024373	 
0.2307116248215526	 -0.4815345535529597	 0.8455155941239354	 -0.15025210794893776	 
0.0	 0.0	 0.0	 1.0	 
5	 9	  37
0.8206882327446999	 0.39458208578538145	 -0.41325029003213054	 0.48918350429309254	 
-0.17095217557918316	 0.8596924348670452	 0.48135669840266637	 -0.33966571961336367	 
0.5452028781097236	 -0.3243977419921865	 0.7729941310846057	 -0.09864951493769451	 
0.0	 0.0	 0.0	 1.0	 
5	 37	  37
0.9539062180676328	 -0.08995705658526856	 0.2863051782668643	 -0.2864135386522527	 
0.013296085479572128	 0.9657486546797046	 0.25913847667851647	 -0.03293618039847194	 
-0.29981017534904636	 -0.2433870661207309	 0.9224297235032689	 -0.35481111302895185	 
0.0	 0.0	 0.0	 1.0	 
5	 38	  37
0.961457500762619	 -0.12924336164957514	 0.2426842139423479	 0.2857443055244942	 
0.04966576744553525	 0.9497531583368153	 0.3090343828335124	 -0.08588438472484919	 
-0.2704307411729375	 -0.2850703276364638	 0.9195662686994857	 0.10364217569748856	 
0.0	 0.0	 0.0	 1.0	 
5	 39	  37
0.9294848277329445	 0.22124190027703017	 -0.2951439929527059	 0.6845520310928321	 
-0.0967608019632354	 0.9183761200649772	 0.3836960376363433	 -0.13893508741385885	 
0.3559428356038224	 -0.3280812759914947	 0.8750242134513209	 0.3907930041077572	 
0.0	 0.0	 0.0	 1.0	 
5	 40	  37
0.9167643945556444	 0.2883684596540733	 -0.27638139653703214	 1.041024016103085	 
-0.0702750368979022	 0.7975958274503653	 0.5990845643335883	 -0.27631004428333816	 
0.39319774168225013	 -0.5297966850693805	 0.7514725599950236	 0.39578225536449174	 
0.0	 0.0	 0.0	 1.0	 
5	 41	  37
0.9156142832015518	 0.33768956417810875	 -0.21821146313268433	 0.911456306760407	 
-0.03795796233224581	 0.6129156397053377	 0.7892360937642041	 -0.5683788189954877	 
0.40026201105387416	 -0.7143529777706504	 0.5740123218688888	 0.5663559832767434	 
0.0	 0.0	 0.0	 1.0	 
6	 7	  37
0.9849040544721412	 0.16918825621141612	 0.036596959497708956	 0.32288703347915937	 
-0.17298130905610354	 0.9541090601342074	 0.24444502058143108	 -0.10891722382913901	 
0.006439736141607199	 -0.24708548182756448	 0.9689722877711552	 0.03657732249178282	 
0.0	 0.0	 0.0	 1.0	 
6	 8	  37
0.9585764201440086	 0.23591018519231913	 -0.1596171396386458	 0.2803111997306542	 
-0.14475434722661093	 0.8860984291376997	 0.44031324399647337	 -0.3581870266714982	 
0.24531087563109613	 -0.39896861831756353	 0.8835420849596684	 0.13790537585756302	 
0.0	 0.0	 0.0	 1.0	 
6	 9	  37
0.8000237278373841	 0.423807364471509	 -0.424675585261136	 0.11816834515032203	 
-0.277120175213743	 0.8888256827021889	 0.3649565922935116	 -0.3460738534916402	 
0.5321338585230971	 -0.17428776086891845	 0.8285272071722327	 0.15146410830227403	 
0.0	 0.0	 0.0	 1.0	 
6	 37	  37
0.9577329490626884	 -0.05913677014535637	 0.28151454793040603	 -0.6727160897861384	 
0.018787050054969542	 0.9894099641922617	 0.14392695893160287	 -0.028736893013017413	 
-0.2870446742754821	 -0.1325547629240175	 0.9487015282986738	 -0.05042812552021939	 
0.0	 0.0	 0.0	 1.0	 
6	 38	  37
0.9724147444789798	 -0.06541592271734065	 0.22389801646044036	 -0.06956127658363553	 
0.019930328373153786	 0.9796612338257461	 0.19966634405917486	 -0.16196030747248377	 
-0.23240556518900088	 -0.1896961359492001	 0.9539407891872137	 0.3920545265138868	 
0.0	 0.0	 0.0	 1.0	 
6	 39	  37
0.9001280406980534	 0.2528310936573081	 -0.35474772505138197	 0.35795100732462204	 
-0.1538382462773157	 0.9463624618766386	 0.2841335684728324	 -0.22887360730205664	 
0.40755773128650286	 -0.20118282439322496	 0.8907424806518232	 0.7057363386081272	 
0.0	 0.0	 0.0	 1.0	 
6	 40	  37
0.8978499126502695	 0.38848145324011535	 -0.20723825622300437	 0.5723126225102989	 
-0.2131060104507356	 0.7952862163613785	 0.5675435334627409	 -0.4881484270080975	 
0.3852938653335585	 -0.4654051939482953	 0.796835392526132	 0.6937145347010618	 
0.0	 0.0	 0.0	 1.0	 
6	 41	  37
0.8794262637282841	 0.4456283216005074	 -0.16740622943136424	 0.45538894704227345	 
-0.17952272725446353	 0.6361678063308666	 0.7503746481507041	 -0.7505051498628467	 
0.4408866487704416	 -0.6298459503526936	 0.6394630886613241	 0.8357584744206116	 
0.0	 0.0	 0.0	 1.0	 
7	 8	  37
0.9687883130638181	 0.08078767498605542	 -0.2343556187534423	 0.0017144047184311571	 
-0.027862300865580236	 0.9749002368376203	 0.22089187491718099	 -0.3366873599888418	 
0.24631868922482797	 -0.20746778011127182	 0.9467228863581274	 0.0732244452258529	 
0.0	 0.0	 0.0	 1.0	 
7	 37	  37
0.9513499198442197	 -0.13794037981635535	 0.27551003907029714	 -1.0079979576498832	 
0.14762676380816991	 0.9889349363661586	 -0.014629772451683315	 -0.06936993563459402	 
-0.27044346658761004	 0.054590688313857626	 0.9611868643138516	 -0.08968859874824324	 
0.0	 0.0	 0.0	 1.0	 
7	 38	  37
0.9584309858860073	 -0.20341392035506617	 0.2000820389224373	 -0.39193461908451555	 
0.2062589824840245	 0.978474163726468	 0.006748560175661548	 -0.23973675074407164	 
-0.19714785679340147	 0.03480068857900076	 0.9797559056398671	 0.33025849740378826	 
0.0	 0.0	 0.0	 1.0	 
7	 39	  37
0.9139959113750418	 0.10622730776542565	 -0.39157021474394116	 0.07926460197333875	 
-0.10566250017843448	 0.9941346618454967	 0.023058841544649992	 -0.30810951191037	 
0.39172300168071406	 0.02029860099239612	 0.9198592592087133	 0.6197032968060708	 
0.0	 0.0	 0.0	 1.0	 
7	 40	  37
0.9201288600801115	 0.16988808975306618	 -0.35284687586505176	 0.3945845361730151	 
-0.07194440898288325	 0.9589990206140909	 0.2741256654844931	 -0.4363194995501774	 
0.3849504940427755	 -0.22684557615538078	 0.8946251738661035	 0.5637853315243945	 
0.0	 0.0	 0.0	 1.0	 
7	 41	  37
0.9154910115606082	 0.23040490115538667	 -0.3298329717831607	 0.2693725572264999	 
-0.06973377369713508	 0.8982496067040001	 0.4339180162911728	 -0.6268775668608392	 
0.3962491748353447	 -0.37424754585659764	 0.8384064443112434	 0.5755183031010133	 
0.0	 0.0	 0.0	 1.0	 
8	 9	  37
0.9351117644814719	 0.260715586800885	 -0.23998618861805068	 -0.18030104452835471	 
-0.2871855108032909	 0.9543367218139567	 -0.08225511401756863	 -0.03365861249117771	 
0.20758244220791247	 0.14583828097060308	 0.9672852348147042	 0.03643010445212135	 
0.0	 0.0	 0.0	 1.0	 
8	 36	  37
0.9994637733700937	 -0.01725121599268201	 -0.027830940831878925	 -1.3673317173358217	 
0.005403998404412935	 0.9252057105825114	 -0.37942745012288515	 0.7913089335322834	 
0.032294930284161	 0.3790735926601629	 0.9248028161860549	 -0.45504332894179134	 
0.0	 0.0	 0.0	 1.0	 
8	 37	  37
0.8572175088313257	 -0.19922465517118743	 0.47485542992045066	 -0.999891827839891	 
0.33774876186322433	 0.9135993031270796	 -0.22641132300653968	 0.22151175192787456	 
-0.3887208721086035	 0.35446558379853205	 0.8504411993133275	 0.11603071902693662	 
0.0	 0.0	 0.0	 1.0	 
8	 38	  37
0.868270433449214	 -0.2391323856597347	 0.43465176466522853	 -0.3198407854337256	 
0.34301538043430774	 0.9223561447715768	 -0.1777627379053905	 0.028253810011124203	 
-0.35839489837806066	 0.3034383699053191	 0.8828806558566009	 0.3727401164174774	 
0.0	 0.0	 0.0	 1.0	 
8	 39	  37
0.9924018117356819	 0.0696633355958137	 -0.10141826136057462	 0.13181371704206987	 
-0.08739451091217254	 0.9793153746552904	 -0.18249272978995795	 -0.10815345945752328	 
0.08660741034206546	 0.18996951502131484	 0.9779625452114246	 0.5107183539704784	 
0.0	 0.0	 0.0	 1.0	 
8	 40	  37
0.9887299537417644	 0.1236367511058913	 -0.08442175282348417	 0.4277705340720391	 
-0.11719117218210888	 0.9900830692748098	 0.07747093066406537	 -0.18952667855275915	 
0.09316280232148949	 -0.06670434552076047	 0.9934139230714727	 0.35968582776447566	 
0.0	 0.0	 0.0	 1.0	 
8	 41	  37
0.9842928244202545	 0.15602609346421303	 -0.08260444269586797	 0.35388559162074956	 
-0.12357408248555775	 0.9430616735589514	 0.3088108255907515	 -0.5333795130664312	 
0.12608363070855316	 -0.2937525115168988	 0.9475296196134786	 0.372496112315078	 
0.0	 0.0	 0.0	 1.0	 
8	 42	  37
0.6054217476714533	 0.6749672158768659	 -0.42176268793940785	 0.21632146131349014	 
-0.512432324971934	 0.7360358155713176	 0.44233967775921074	 -0.480221982763357	 
0.6089972247640381	 -0.05167722600620586	 0.7914871095235869	 0.41613213220151635	 
0.0	 0.0	 0.0	 1.0	 
9	 10	  37
0.9188266951554663	 0.16889112812565354	 -0.3566977587680191	 -0.1899100226769331	 
-0.22865354172439498	 0.9644718856349207	 -0.13233117424367768	 0.031121371040381696	 
0.32167539869653416	 0.20314962136382195	 0.9248000698600548	 -0.027001487531579625	 
0.0	 0.0	 0.0	 1.0	 
9	 20	  37
0.3893514007539934	 0.033566106296820476	 0.9204774865465065	 -3.178000960091032	 
0.3655624439367392	 0.9116293923580367	 -0.1878721655060069	 -0.20347836926078514	 
-0.8454404688172326	 0.40964029037313704	 0.3426736730318071	 0.6353947253158313	 
0.0	 0.0	 0.0	 1.0	 
9	 36	  37
0.9338445967148357	 -0.1607069836373099	 0.3195426960465583	 -1.5607106985944887	 
0.23241717955917224	 0.9517079285766983	 -0.20058482826477314	 0.36310849844279947	 
-0.2718759346324443	 0.2615822702219065	 0.9260983706244648	 -0.17693907536260262	 
0.0	 0.0	 0.0	 1.0	 
9	 43	  37
0.6638167096948449	 0.5420135712633016	 -0.5153335468376886	 0.5995511878974484	 
-0.3968279184154244	 0.8393108072295433	 0.37159786333316647	 -0.3443692287580398	 
0.6339361001678258	 -0.042174132286219496	 0.7722346557037659	 0.3000392312229335	 
0.0	 0.0	 0.0	 1.0	 
9	 44	  37
0.7839285694315568	 0.1795724373291297	 -0.5943145108279527	 0.6131528167073199	 
-0.1994611418229939	 0.9793561492391076	 0.03281441528069718	 -0.23575658454855755	 
0.5879381352928725	 0.0928184933039878	 0.803562988426618	 0.30481286634098054	 
0.0	 0.0	 0.0	 1.0	 
9	 45	  37
0.6600408189215229	 0.22225343663597544	 -0.7175998378350591	 0.49267194403996073	 
-0.3598702515015084	 0.9320413843371842	 -0.042335091438024545	 -0.05324047616800966	 
0.6594236266935287	 0.2861857225410158	 0.6951677587259281	 0.37851752884106543	 
0.0	 0.0	 0.0	 1.0	 
10	 18	  37
-0.17522335230011485	 -0.3462658561721785	 0.9216272205496422	 -2.4587959856464106	 
0.4113274625785685	 0.824748935227103	 0.38807075691223863	 -0.575053137037179	 
-0.8944867217222322	 0.4470896450278287	 -0.00208661723954524	 1.5057067618843865	 
0.0	 0.0	 0.0	 1.0	 
10	 19	  37
0.4412572718260901	 -0.27816435280983076	 0.8531802933064521	 -2.4003869247990246	 
0.3891382591405026	 0.9160164783932064	 0.09739212794270267	 -0.8805219363336655	 
-0.8086182259470128	 0.2890301093969215	 0.5124433242108912	 1.7567857089075285	 
0.0	 0.0	 0.0	 1.0	 
10	 20	  37
-0.042730943177778674	 -0.12206507072600233	 0.9916018278542006	 -2.4007799822035785	 
0.3546788568028244	 0.926008081465055	 0.12927467500809325	 -0.6486424244887394	 
-0.9340112285364547	 0.35722423149901594	 0.0037247010294069686	 1.6769189829779534	 
0.0	 0.0	 0.0	 1.0	 
10	 35	  37
0.9938194240690199	 -0.06514058923066873	 -0.08988690659824437	 -1.4996395203419706	 
0.0522541945867922	 0.9889229338298589	 -0.13892778733366895	 0.33790221353725314	 
0.09794106131345465	 0.1333721656869407	 0.9862146895725942	 -0.3971753005062626	 
0.0	 0.0	 0.0	 1.0	 
10	 36	  37
0.7135906115109858	 -0.26658813850251656	 0.6478573944728425	 -1.3907886767174986	 
0.31942196373312104	 0.9468586295423068	 0.03779344845526152	 0.08705002217014539	 
-0.6235046497406843	 0.17997083116723972	 0.7608235351779798	 0.3121219911693367	 
0.0	 0.0	 0.0	 1.0	 
10	 43	  37
0.9069141357670224	 0.27224947283619083	 -0.3215384500901432	 0.9561937244778907	 
-0.11638070609555042	 0.89536522783156	 0.42985653425164994	 -0.1855177234153275	 
0.40492256246677116	 -0.3524220954062826	 0.8437039676775198	 0.07236013445365315	 
0.0	 0.0	 0.0	 1.0	 
10	 44	  37
0.9447232375138787	 -0.0551641988200879	 -0.3231948571215731	 0.9726046686996093	 
0.09473992312525199	 0.9896242969885378	 0.10801896952000782	 -0.08434271270234091	 
0.3138827033583049	 -0.1326674865160295	 0.9401473217288883	 0.06849836921290142	 
0.0	 0.0	 0.0	 1.0	 
10	 45	  37
0.8980661718515872	 0.08186950136685786	 -0.4321741960387929	 0.7750064857512302	 
-0.10064345561645564	 0.9947070845728128	 -0.020705331251487907	 0.11583551138210231	 
0.428191599424152	 0.0620902620915506	 0.9015524130831158	 0.11141438652366399	 
0.0	 0.0	 0.0	 1.0	 
10	 54	  37
0.6210311353709322	 0.27010270642508777	 -0.7357750042517983	 0.43804753084384745	 
-0.2856062599788894	 0.9521873861756923	 0.10848154621305074	 0.09501889854185323	 
0.7298968373412519	 0.14277152933882215	 0.6684810373148159	 0.3762409613022744	 
0.0	 0.0	 0.0	 1.0	 
11	 34	  37
0.8567391324650847	 -0.3804478645988903	 0.34822044917712425	 -1.5390948939692253	 
0.36899486665148895	 0.9238701452784068	 0.10152213082922174	 0.09191396511288305	 
-0.36033435485368814	 0.04151357591680067	 0.931899015841725	 -0.16485918982664527	 
0.0	 0.0	 0.0	 1.0	 
11	 35	  37
0.7478729808763839	 -0.31289872195084384	 0.5854745035239369	 -1.335636288907186	 
0.42306734416824276	 0.9042954529408511	 -0.057129292739627364	 -0.08250562616311204	 
-0.5115662486653134	 0.29042059774063744	 0.8086753672732153	 0.21955072445291426	 
0.0	 0.0	 0.0	 1.0	 
11	 46	  37
0.9427201352274641	 -0.01551334408289601	 -0.3332237728495299	 0.7029809898693022	 
-0.03670626501750458	 0.9880281524889581	 -0.1498433181617366	 0.44588956780864564	 
0.3315590396070874	 0.15349171327671185	 0.9308645966037188	 -0.3089743913035021	 
0.0	 0.0	 0.0	 1.0	 
11	 47	  37
0.7166147255070114	 0.10110820007056016	 -0.690101780221585	 0.37700005822312893	 
-0.14095503405824067	 0.9900151173773504	 -0.001321263769985866	 0.2655553027197541	 
0.6830776043467897	 0.09822015700863661	 0.7237111213716757	 -0.1037225254415227	 
0.0	 0.0	 0.0	 1.0	 
11	 53	  37
0.8991943353005387	 -0.016026968789126406	 -0.43725585603265954	 0.4953197099622603	 
-0.10742400083102167	 0.960656483177525	 -0.25612341824684065	 0.5860214517680071	 
0.42415755493551915	 0.2772765002671917	 0.8620951867344462	 -0.3078876957225809	 
0.0	 0.0	 0.0	 1.0	 
11	 54	  37
0.9729764270772462	 -0.0921061232959779	 -0.2117388353689098	 0.7313906730571966	 
0.05638805698206712	 0.9840134395984617	 -0.16893175462118337	 0.6431609241202145	 
0.22391350870767762	 0.15242707351711043	 0.9626155659853138	 -0.34888007922123154	 
0.0	 0.0	 0.0	 1.0	 
12	 13	  37
0.8367623103451407	 0.28352060395375167	 -0.4684494669860996	 -0.07106716761054618	 
-0.2817364146374345	 0.9565042413414866	 0.0756586344245727	 -0.358442672130111	 
0.4695246837527338	 0.06867097952881707	 0.8802447772735991	 0.7048259431470655	 
0.0	 0.0	 0.0	 1.0	 
12	 32	  37
0.7871372110025143	 -0.47996620874574597	 0.38735958684072563	 -1.4509437809782835	 
0.39686915126731714	 0.8748925186360862	 0.27759315122488964	 -0.39311461884628046	 
-0.4721333369161111	 -0.0647728283838215	 0.8791442389480902	 1.1590226174620148	 
0.0	 0.0	 0.0	 1.0	 
12	 33	  37
0.6082463458107449	 -0.5069989719945505	 0.6107277832261641	 -1.7969414798539156	 
0.46656451787661923	 0.8508347689880236	 0.24165625698428272	 -0.34839342600881307	 
-0.6421479062228834	 0.13795737848177939	 0.7540648700582738	 0.8217414207768486	 
0.0	 0.0	 0.0	 1.0	 
12	 47	  37
0.9350081311873877	 -0.25987764124398854	 0.24129526765962406	 -0.673879409186963	 
0.2918253618114076	 0.9504490664721399	 -0.10716590057420158	 0.7052503803277921	 
-0.20148884042822368	 0.17061706721104797	 0.9645164921136345	 -0.690836943895126	 
0.0	 0.0	 0.0	 1.0	 
12	 48	  37
0.9924044340127521	 -0.10048962219883345	 -0.07095967292881372	 -0.9065728544597417	 
0.09009544259415887	 0.9864703246547661	 -0.13696389962060604	 0.46341386947490265	 
0.08376306211923656	 0.1295304381443087	 0.9880311811975131	 -0.45711725169882167	 
0.0	 0.0	 0.0	 1.0	 
12	 52	  37
0.9966768568153206	 -0.06486691948404258	 0.0492699284085589	 -1.115998603629414	 
0.0758148260778755	 0.9599059163495706	 -0.26987542293412714	 0.47937590903575267	 
-0.02978850844730549	 0.27271397931485547	 0.9616338857646095	 -0.7198577821454725	 
0.0	 0.0	 0.0	 1.0	 
12	 53	  37
0.9377015776329385	 -0.18635848298952715	 -0.2932341506757691	 1.2497677125075444	 
0.18774406669466867	 0.981932513745103	 -0.023679186454967825	 0.3546128145143844	 
0.2923489639551425	 -0.032848961445738116	 0.9557473667273638	 -0.9537178112415141	 
0.0	 0.0	 0.0	 1.0	 
13	 14	  37
0.8065615963668191	 0.2592290403936141	 -0.5312802423230263	 0.17920949236240358	 
-0.3614075971914136	 0.9274379540551587	 -0.09614255077908752	 -0.1636334970805935	 
0.46780651979053955	 0.2695536050483958	 0.8417231813647978	 0.3128920790891718	 
0.0	 0.0	 0.0	 1.0	 
13	 24	  37
0.6491268841592276	 0.28766721905073284	 -0.7041887952426897	 -0.14847557291408348	 
-0.4303498764769998	 0.9022236267314252	 -0.028133808555274864	 -0.2806809043012736	 
0.6272425942790912	 0.32130997253619636	 0.7094551638199729	 0.659321899911521	 
0.0	 0.0	 0.0	 1.0	 
13	 25	  37
0.9049777671004209	 0.24508122474690158	 -0.3477792896802446	 -0.13386792168355754	 
-0.15921665619742192	 0.9531104982914343	 0.25735274320660667	 -0.266421995615518	 
0.39454441757962966	 -0.17752625530667998	 0.9015648236447216	 0.7128766522810321	 
0.0	 0.0	 0.0	 1.0	 
13	 26	  37
0.9896772777689197	 -0.03264564847953993	 -0.13954621995328687	 -0.0489770998960691	 
0.024102663116873584	 0.9977552873400836	 -0.06247758170401385	 -0.46878687073223535	 
0.14127259995687522	 0.058469207453646616	 0.9882425837218144	 0.9986592440550318	 
0.0	 0.0	 0.0	 1.0	 
13	 47	  37
-0.6864953371332189	 -0.7115094026660613	 0.1499283896136187	 -0.6807806112427836	 
-0.5609038401025322	 0.6493884551169815	 0.5134992858018529	 -1.438291095636397	 
-0.46272133541969	 0.2684194558495427	 -0.8448905026504056	 4.012712217945455	 
0.0	 0.0	 0.0	 1.0	 
13	 48	  37
0.8382768920035649	 -0.30124033377193077	 0.4544734465750659	 -1.4995217810432728	 
0.38166776150122994	 0.9194516379629414	 -0.09454313977176783	 0.479848299888726	 
-0.3893861478834146	 0.2527111923841902	 0.885728785283777	 -0.5424606999927493	 
0.0	 0.0	 0.0	 1.0	 
13	 49	  37
0.9898880068867609	 -0.08658524488515619	 0.11235982017578176	 -1.9514557412421254	 
0.11643411187649469	 0.9483941531471125	 -0.2949434316405514	 0.41811667253683166	 
-0.0810236472475065	 0.3050434815637766	 0.9488854740916639	 -0.3282444692243906	 
0.0	 0.0	 0.0	 1.0	 
13	 51	  37
0.9970851960392123	 0.07610454846847534	 -0.005404585262100107	 -1.9863120543637862	 
-0.0711559607490771	 0.9020124876503083	 -0.4258054736294254	 0.6423662000143658	 
-0.02753072990898753	 0.4249489026051396	 0.9047985903422738	 -0.42383374450522265	 
0.0	 0.0	 0.0	 1.0	 
13	 52	  37
0.7976332608927068	 -0.17802128120324112	 0.5762721618787622	 -1.7960118301885564	 
0.34370240433104143	 0.9192956694760055	 -0.19173974376671019	 0.4610566669897317	 
-0.49563074801179086	 0.3510041246501514	 0.7944471449403371	 -0.6925926272596503	 
0.0	 0.0	 0.0	 1.0	 
14	 15	  37
0.9296188287579518	 0.14531649887948794	 -0.3386619972363321	 0.2118399892359815	 
-0.14057008896049675	 0.9893162608844641	 0.03864435326437144	 -0.008251199687566858	 
0.3406594829273534	 0.011681228659317403	 0.9401141768895291	 0.04130168533953556	 
0.0	 0.0	 0.0	 1.0	 
14	 16	  37
0.8641699942232627	 0.19993126982085363	 -0.4617766867566904	 0.2333633956268691	 
-0.17656073516367773	 0.979809811498862	 0.09380319871425533	 0.11841690938988447	 
0.47120752103784075	 0.00046972160418670613	 0.8820222511246454	 -0.3355210314746244	 
0.0	 0.0	 0.0	 1.0	 
14	 23	  37
0.8893952915700406	 0.13650749671412696	 -0.43628169646901815	 -0.07492439479698311	 
-0.13778325349990964	 0.9900409764154796	 0.028890137993128933	 0.12239531405799815	 
0.43588047718155665	 0.03441755887806394	 0.8993462299097349	 0.17090022420266826	 
0.0	 0.0	 0.0	 1.0	 
14	 24	  37
0.9903429413980033	 0.022371051573574083	 -0.13682249257575407	 -0.21698719682206533	 
-0.024593038026821112	 0.9995913516391314	 -0.014570937130626724	 -0.14247719507442086	 
0.13644061310240807	 0.01779510549970972	 0.9904884115003526	 0.5053714007625071	 
0.0	 0.0	 0.0	 1.0	 
14	 25	  37
0.9656274368892813	 -0.2318797369132258	 0.11745399412404542	 -0.12291433903292581	 
0.16310107555454217	 0.892364091807336	 0.42081393371158704	 -0.13420893280013468	 
-0.20238995103411042	 -0.3871926074474069	 0.8995110852337997	 0.5193949819555519	 
0.0	 0.0	 0.0	 1.0	 
14	 26	  37
0.8118534876423577	 -0.35837561930141093	 0.460934735177628	 0.0826013420899399	 
0.3177547110347447	 0.9335055307075844	 0.16613057440933857	 -0.17394510710646557	 
-0.48982227207239787	 0.01159049734399407	 0.8717452621913998	 0.7177187262011931	 
0.0	 0.0	 0.0	 1.0	 
14	 49	  37
0.718263307581658	 -0.24986790606283577	 0.6493564895353168	 -2.2491115256522893	 
0.3293655915316295	 0.9442019482578796	 -0.0009939924769416342	 -0.14276351354649217	 
-0.6128752957142878	 0.2145896326149014	 0.7604835050659058	 0.5824197198656681	 
0.0	 0.0	 0.0	 1.0	 
14	 51	  37
0.7814109262536371	 -0.12354524041284033	 0.6116645632229859	 -2.462813245273369	 
0.24627694218750654	 0.9616948139514839	 -0.12037754178247592	 -0.15681244519083432	 
-0.5733625659896229	 0.24470320469939355	 0.7819051793738433	 0.5709710309107059	 
0.0	 0.0	 0.0	 1.0	 
15	 16	  37
0.990600178206451	 0.05912757253657731	 -0.12334997812435224	 -0.1759377000089113	 
-0.055027120187984585	 0.9978214657660184	 0.0363914619158127	 0.1540473262239767	 
0.12523299477838687	 -0.029261794587563405	 0.9916957418464346	 -0.354717912554035	 
0.0	 0.0	 0.0	 1.0	 
15	 22	  37
0.9309297315397643	 0.20858270989968605	 -0.299771726595767	 -0.46860229032228723	 
-0.13803909699224168	 0.960923442850182	 0.2399402939952355	 0.2949884947086289	 
0.3381050763252014	 -0.18198733503147202	 0.9233447716055321	 -0.5606185902481552	 
0.0	 0.0	 0.0	 1.0	 
15	 23	  37
0.9938780557661675	 -0.028897195549059063	 -0.10663659013613179	 -0.24867774417302493	 
0.028724974979813717	 0.9995823864969673	 -0.0031509391354299808	 0.03817000220375272	 
0.10668311056053328	 6.851587816571411e-05	 0.9942930700888457	 0.20975347641910397	 
0.0	 0.0	 0.0	 1.0	 
15	 24	  37
0.9687259675673661	 -0.12430594774996326	 0.21475109106743673	 -0.21720971836481684	 
0.13150949262999279	 0.9911224975308961	 -0.019530699842066727	 -0.18722283459317912	 
-0.21041685557215412	 0.0471617031297896	 0.9764735125178898	 0.5621685722994704	 
0.0	 0.0	 0.0	 1.0	 
15	 49	  37
0.3957271758691671	 -0.30646810988179335	 0.8657235701447056	 -2.0616974244592132	 
0.41710000269548314	 0.8998191427299808	 0.12787923259118675	 -0.5627006143337496	 
-0.8181855474341024	 0.3104880158752732	 0.4839107376033255	 1.3364387100883421	 
0.0	 0.0	 0.0	 1.0	 
15	 50	  37
0.6607268291598523	 -0.09253573790435236	 0.744900795031704	 -2.1998335978146137	 
0.24562263559158273	 0.9643924387565268	 -0.0980650037183681	 -0.7278361434381789	 
-0.7093021768706286	 0.2477586754883391	 0.6599288299558158	 1.524614809774926	 
0.0	 0.0	 0.0	 1.0	 
15	 51	  37
0.49450472136555956	 -0.1601730755726671	 0.8542889829611304	 -2.2470442687326284	 
0.33842412264302674	 0.9407915127599801	 -0.019504941222336102	 -0.5315670145936092	 
-0.8005836581897408	 0.2987572850666264	 0.5194322774521721	 1.379414647902728	 
0.0	 0.0	 0.0	 1.0	 
16	 17	  37
0.9347057353226617	 0.15356900227816375	 -0.3205335394217155	 -0.26839840360372935	 
-0.14755883518463028	 0.9881131410152403	 0.043113927122821326	 0.09375619508355844	 
0.3233443652112687	 0.006998720760691054	 0.9462554831512661	 -0.3049490544408306	 
0.0	 0.0	 0.0	 1.0	 
16	 22	  37
0.9665923781426344	 0.10459249780244265	 -0.2340076578234398	 -0.2176185215913324	 
-0.060661927016181186	 0.9803673561763813	 0.1876165705752459	 0.13505333555377683	 
0.24903675457098595	 -0.16715339167117896	 0.953960396728068	 -0.15471072657101073	 
0.0	 0.0	 0.0	 1.0	 
16	 23	  37
0.9966392651499879	 -0.07761280865644722	 0.026199753696352066	 -0.008038700086295104	 
0.07793868498894722	 0.9968900433134619	 -0.011653451191738122	 -0.20937541880229335	 
-0.02521381651962726	 0.013656261382323322	 0.9995888004482505	 0.5493168353545266	 
0.0	 0.0	 0.0	 1.0	 
16	 24	  37
0.9182257877392258	 -0.18425573529987724	 0.35058697457233184	 0.06506237020912262	 
0.20073353073805245	 0.9795851393137595	 -0.010908917135899393	 -0.4058417799462489	 
-0.3414197597798265	 0.08039141026716871	 0.936466640509496	 0.9336797021946323	 
0.0	 0.0	 0.0	 1.0	 
16	 48	  37
-0.20770814271055846	 -0.3328687470015643	 0.9198128748399531	 -1.7970263409319032	 
0.49199926798717514	 0.7771730494430252	 0.39235031734345927	 -0.6212859443965776	 
-0.8454549353761054	 0.534041616813744	 0.002346009196065728	 1.7226239606711216	 
0.0	 0.0	 0.0	 1.0	 
16	 49	  37
0.14344899736582617	 -0.3160440212103109	 0.9378371723342777	 -1.7738923902869823	 
0.4522056616815908	 0.8638577900964328	 0.2219453942590838	 -0.9586171900330409	 
-0.8803024620537266	 0.3922574347885857	 0.2668364295879112	 2.077235253901565	 
0.0	 0.0	 0.0	 1.0	 
16	 51	  37
0.36627371645837065	 -0.18727674730784707	 0.9114663924410853	 -1.840177870245374	 
0.4095675210830152	 0.9119948447530511	 0.022800193371366344	 -0.8747878607061386	 
-0.8355225971245107	 0.3649559193404734	 0.41074221432993907	 1.991641724547972	 
0.0	 0.0	 0.0	 1.0	 
17	 21	  37
0.9449268519637798	 0.16033727903371212	 -0.2853159676391878	 -0.2461202114206718	 
-0.1528078817536933	 0.9870595184044746	 0.04861335620048024	 0.047721742068677256	 
0.2894183748689252	 -0.002337536992463945	 0.9571998434021177	 -0.09741440612545425	 
0.0	 0.0	 0.0	 1.0	 
17	 22	  37
0.9945986371370692	 -0.051993357507289735	 0.08983452443355443	 0.06574742001803266	 
0.03328629567761583	 0.9795542981208584	 0.19840715600253714	 -0.040336368208833184	 
-0.09831364872257604	 -0.19434522841601193	 0.975994036184024	 0.12351495039727295	 
0.0	 0.0	 0.0	 1.0	 
18	 19	  37
0.7638990102039547	 0.2025075339798426	 -0.6127389337155108	 -0.23441211218605018	 
-0.2336319901574201	 0.9718643697972021	 0.029928914009218665	 -0.20354528489633492	 
0.6015599682363357	 0.12029274874276895	 0.7897184683261546	 0.06497696300211481	 
0.0	 0.0	 0.0	 1.0	 
18	 20	  37
0.9893892693846752	 0.026698059594489003	 -0.14281487051546313	 -0.10617208182227152	 
-0.053683113200153454	 0.980587189765789	 -0.18859185195647094	 -0.08933446514451086	 
0.1350073960329539	 0.1942575014796625	 0.9716156782057812	 0.10745943159863176	 
0.0	 0.0	 0.0	 1.0	 
18	 36	  37
0.6023701856354029	 0.27062253199266234	 -0.7509418117507185	 1.1030424963634935	 
-0.2514000000335896	 0.9572166409727058	 0.14329808871035762	 -0.3490843701996356	 
0.7575936902064865	 0.10246827520169781	 0.6446332702680706	 1.2376790512413611	 
0.0	 0.0	 0.0	 1.0	 
18	 45	  37
-0.3156731093092358	 0.7599806349151159	 -0.56813723924159	 0.5954742582707959	 
-0.13750305954705003	 0.5557937192695694	 0.8198696544181271	 -1.6135477778010145	 
0.9388521697659539	 0.33693141167679197	 -0.07094946899903132	 2.739956185749222	 
0.0	 0.0	 0.0	 1.0	 
19	 20	  37
