0	 1	  37
0.8196816418213969	 -0.3475180589590688	 0.4553605217388754	 -0.20439206923666076	 
0.26101735407662047	 0.9342180641557697	 0.2431183857216212	 0.030803646162243785	 
-0.5098940546150936	 -0.08042267903003503	 0.8564696408897473	 -0.03560294478348387	 
0.0	 0.0	 0.0	 1.0	 
0	 14	  37
0.9493589306888185	 0.07497156820843144	 -0.30511782098355295	 0.759761865508396	 
-0.057576163309947546	 0.9961815612401452	 0.06562989001707677	 -0.0653348959411112	 
0.308873123045514	 -0.04473880871811249	 0.9500504370056327	 0.1455497384423959	 
0.0	 0.0	 0.0	 1.0	 
0	 24	  37
0.48918597379470596	 -0.37413640648214264	 0.7878572411212282	 -1.3040880415682432	 
0.29178192252289537	 0.9214732407642136	 0.25641836175348165	 -0.36924915189697743	 
-0.8219248096580166	 0.1044462344947159	 0.5599380245781725	 1.1316604014703906	 
0.0	 0.0	 0.0	 1.0	 
0	 25	  37
0.6480672693688105	 -0.3954235170030211	 0.6508832895180324	 -1.149537916282758	 
0.3689673037711039	 0.9106664602237959	 0.18587556851652978	 -0.0015368283221973956	 
-0.666237152311949	 0.1196947802722526	 0.7360714750992883	 0.3205149306451009	 
0.0	 0.0	 0.0	 1.0	 
0	 26	  37
0.8757274706168183	 -0.27983095466655594	 0.393441271370294	 -1.6952344710909844	 
0.24192754448454712	 0.9595516509948905	 0.1439850419059455	 0.11382710232962348	 
-0.4178186932471395	 -0.030907375873456856	 0.9080045559851941	 -0.12671138231675497	 
0.0	 0.0	 0.0	 1.0	 
1	 2	  37
0.7019905460576409	 -0.037969193301242134	 0.7111734061435003	 -0.4956108445481618	 
0.43521479607485897	 0.8133007662236931	 -0.3861734648282724	 0.003945140143622251	 
-0.5637351812005471	 0.5806033103763762	 0.587454203710195	 -0.10982180428973032	 
0.0	 0.0	 0.0	 1.0	 
1	 14	  37
0.6411562645070491	 0.2972817200553843	 -0.7074900871420596	 0.6119202983495071	 
-0.4160467203820221	 0.9093291916713108	 0.0050544667141810854	 -0.3047677530352704	 
0.6448439896151088	 0.2911082274607051	 0.7067051923977601	 0.5547303082620962	 
0.0	 0.0	 0.0	 1.0	 
1	 15	  37
0.9027857917007603	 -0.27006975293949664	 0.3347239800946891	 0.09358777529797163	 
0.2754116794336799	 0.9607807311142553	 0.032385082230495396	 -0.3468202003207291	 
-0.3303425814737642	 0.06295010140385197	 0.9417595572111249	 0.4603391590028892	 
0.0	 0.0	 0.0	 1.0	 
1	 16	  37
0.523726602478757	 -0.2828941451101178	 0.8035429973053552	 -0.6157568967792677	 
0.424430374662713	 0.9044950676788834	 0.04180346406986616	 -0.0995468082599343	 
-0.7386266329612861	 0.319154469194758	 0.5937769967532303	 0.11785686887030702	 
0.0	 0.0	 0.0	 1.0	 
1	 23	  37
0.1952376727229819	 -0.3948010715245518	 0.8977830278373387	 -1.7979621364502385	 
0.6049913553089047	 0.7689648443417199	 0.20658782192571346	 -0.24888668100773384	 
-0.7719246797137715	 0.5028172452189572	 0.3889821419541137	 0.7812147423066094	 
0.0	 0.0	 0.0	 1.0	 
1	 24	  37
0.9016793888613324	 -0.14146580590137275	 0.4086094779411359	 -1.5705933011177111	 
0.20068610485212532	 0.9739405760760635	 -0.10566381401362834	 -0.048183525204207496	 
-0.38301353373207897	 0.17727712777823304	 0.9065723649796331	 0.388813115466457	 
0.0	 0.0	 0.0	 1.0	 
1	 25	  37
0.9550844066241251	 -0.16271802131912463	 0.2476623139709229	 -1.0280034518958092	 
0.19374204443132262	 0.9752677989494918	 -0.1063801699180137	 0.2638422909524582	 
-0.22422710907250845	 0.14958464450003836	 0.9629883891754784	 -0.17339752233284453	 
0.0	 0.0	 0.0	 1.0	 
2	 15	  37
0.9445089460599511	 0.1650286428085275	 -0.2840218263892689	 -0.07051979741280143	 
0.008623587597133891	 0.8518846617407343	 0.5236584352684763	 0.1006287469658817	 
0.32837247836820205	 -0.4970493638901975	 0.8031895450680832	 0.8425325625232681	 
0.0	 0.0	 0.0	 1.0	 
2	 16	  37
0.9702640298340615	 0.00239163417887935	 0.24203717172393355	 -0.23422453881051467	 
-0.09075298714622744	 0.9305997670423571	 0.3546096006945478	 0.05504606038687692	 
-0.22439163918070384	 -0.366030536522111	 0.9031445280790512	 0.08498904263614789	 
0.0	 0.0	 0.0	 1.0	 
2	 23	  37
0.8244097930433157	 -0.2407215270549948	 0.5122515393306192	 -1.5619946752496279	 
0.05267952579005687	 0.9337545010102459	 0.3540161004892871	 0.3875247315815185	 
-0.5635364768112286	 -0.2648691719612112	 0.7824774508238367	 -0.32018515601877573	 
0.0	 0.0	 0.0	 1.0	 
3	 4	  37
0.9563922349277496	 0.0549681281619853	 0.2868665157460378	 -0.01736099214356962	 
0.1548301434617959	 0.7373860211212424	 -0.6574872489490441	 0.3112932345119347	 
-0.2476722020039871	 0.6732312832462184	 0.6967195415754797	 -0.4933441226836943	 
0.0	 0.0	 0.0	 1.0	 
3	 12	  37
0.77136782953769	 0.3009784412303387	 -0.560717085051693	 0.12176100143528078	 
-0.4008744858368811	 0.9141130251633212	 -0.06080315642938452	 0.005405370933334717	 
0.4942583516333621	 0.2716787719740273	 0.8257719580485615	 -0.06951347863945914	 
0.0	 0.0	 0.0	 1.0	 
3	 16	  37
0.8077539524423413	 0.3062611065476558	 -0.50372382009389	 -0.015678329532394914	 
-0.3816277838739789	 0.922917029671478	 -0.05083690507703686	 -0.08620585847223887	 
0.4493259250134711	 0.2332987161528785	 0.8623676258720568	 0.049462869605047144	 
0.0	 0.0	 0.0	 1.0	 
3	 17	  37
0.9602209992514495	 -0.039509695137535945	 0.27643193843455827	 -0.29197557017912446	 
0.07977885357984774	 0.9874939245957116	 -0.13598192309290624	 0.4213055642430385	 
-0.26760225544272537	 0.15262612121356828	 0.9513644412133913	 -0.5610537171877756	 
0.0	 0.0	 0.0	 1.0	 
4	 17	  37
0.9963669659083723	 0.08495738812648808	 -0.005925491479184933	 -0.21035265593498192	 
-0.06882105658357622	 0.8441994062444617	 0.531592912544194	 0.10793178053153496	 
0.050165041784742445	 -0.5292538187856783	 0.8469792582368888	 -0.21230087742410472	 
0.0	 0.0	 0.0	 1.0	 
5	 6	  37
0.8704807140080006	 -0.029226324884634575	 0.49133404978065526	 -0.0002984411221429735	 
0.2841291225191485	 0.8449566200645604	 -0.4531213435113964	 -0.12110855490138792	 
-0.4019128864276689	 0.5340357030600216	 0.7438224919835166	 -0.1394795493266843	 
0.0	 0.0	 0.0	 1.0	 
5	 11	  37
-0.4221066988758829	 0.3627594856513394	 0.8308017154135395	 -1.530863816945292	 
0.9012235441610015	 0.267080057754747	 0.3412687594837881	 -0.5705859947624847	 
-0.0980920904761822	 0.8927898959552001	 -0.4396636708511587	 3.278266777640349	 
0.0	 0.0	 0.0	 1.0	 
5	 13	  37
0.5659999573584332	 -0.31146639333028137	 0.7633038281681002	 -1.6780266833899253	 
0.4814222658024954	 0.8764885353013115	 0.0006704289316298857	 0.2628182125726726	 
-0.6692358704222613	 0.3670919957056915	 0.6460393304040934	 -0.020364345901778512	 
0.0	 0.0	 0.0	 1.0	 
5	 17	  37
0.5449792913563152	 0.47094693757218176	 -0.6936905318541912	 0.23484730216042002	 
-0.49256431705963866	 0.849358279960364	 0.18965997422319458	 0.03937920241761963	 
0.6785115810008988	 0.23832644472268413	 0.6948543301969883	 -0.061662412646482055	 
0.0	 0.0	 0.0	 1.0	 
5	 18	  37
0.8789930209063839	 -0.22346752389139393	 0.4212286017873401	 0.08898683366203483	 
0.2408930678055474	 0.9704753568418248	 0.012170112816420822	 0.061387873960688316	 
-0.4115116026081164	 0.09077360590271676	 0.9068728430107043	 -0.2716125663170318	 
0.0	 0.0	 0.0	 1.0	 
5	 22	  37
0.9815774740750134	 -0.10559472010237829	 0.15923384525601605	 0.33903719271185023	 
0.11074146212190879	 0.9935647814390721	 -0.0237771665896158	 0.4050404223922341	 
-0.15569839740863878	 0.04097291996464042	 0.9869545221913485	 -0.6542066398870197	 
0.0	 0.0	 0.0	 1.0	 
5	 32	  37
-0.7816145671040905	 -0.18675669511677956	 -0.595147549200821	 2.3744196416657615	 
-0.06928769110296046	 -0.9222269139953417	 0.38039024036408925	 -2.146388497500049	 
-0.6199015118164386	 0.33855495260250895	 0.7078860499515491	 0.5880846098788735	 
0.0	 0.0	 0.0	 1.0	 
6	 18	  37
0.9985429784891378	 -0.03715838970240352	 -0.039130220862719285	 0.24827850311038463	 
0.05142960642159153	 0.8748691435644074	 0.4816211968157131	 0.0920227886548058	 
0.016337554693436937	 -0.48293191623002485	 0.8755054817606996	 -0.13663758704716453	 
0.0	 0.0	 0.0	 1.0	 
7	 8	  37
0.7218639448369836	 0.030445575617402063	 0.6913649630041376	 -0.4002256513973752	 
0.38020221045280245	 0.8173045075269605	 -0.43296607389368846	 0.2478127049762754	 
-0.5782376019519921	 0.5754010852452724	 0.5784071807882155	 -0.24468096524903718	 
0.0	 0.0	 0.0	 1.0	 
7	 19	  37
0.8907099882332399	 0.06789164476720258	 -0.44947351582973843	 1.2265290437475032	 
-0.28146502595920736	 0.8588068373029815	 -0.4280516970687451	 -0.3521397050299984	 
0.3569497948217999	 0.5077809968603134	 0.7840569515055785	 0.23575733943295585	 
0.0	 0.0	 0.0	 1.0	 
8	 9	  37
0.9622545331236295	 -0.16194875901622868	 0.21872085619832823	 0.37197922921009424	 
0.08525823511876977	 0.9426033195852124	 0.32284673647316275	 -0.038940589538265395	 
-0.2584516334393324	 -0.2920129814923347	 0.9208317825816498	 0.2214007720218619	 
0.0	 0.0	 0.0	 1.0	 
9	 10	  37
0.8254634611809476	 0.2652141030493994	 -0.4982685559002025	 1.1143467452959726	 
-0.2977691153866234	 0.9545237689115164	 0.014762401729484426	 -0.2193808798740126	 
0.4795243770414999	 0.1361831638884095	 0.8668970629182593	 -0.03236229678695778	 
0.0	 0.0	 0.0	 1.0	 
9	 25	  37
0.19803099243431277	 -0.32545485510987054	 0.9245879424483613	 -1.412116141999029	 
0.5316142843271934	 0.8281476057112074	 0.1776451402489813	 -0.1204179388978866	 
-0.8235107641887672	 0.4563449138975993	 0.3370153421211357	 0.969421016118625	 
0.0	 0.0	 0.0	 1.0	 
9	 26	  37
-0.9271230997942806	 -0.10081205276204064	 -0.36094277641441613	 0.16878637001123908	 
0.37092431339792187	 -0.3842441415033533	 -0.8454416558525087	 1.99987185779081	 
-0.05345943843816413	 -0.9177109401866446	 0.3936352610013754	 1.4058156883282984	 
0.0	 0.0	 0.0	 1.0	 
10	 26	  37
-0.0016756707935990556	 -0.50470297446564	 0.8632914338118544	 -1.9501732341500728	 
0.3651883156599542	 0.80335916917008	 0.47037382943336176	 -0.6541931734028609	 
-0.9309321598445498	 0.3160521363254728	 0.1829654636571272	 1.8259404471774436	 
0.0	 0.0	 0.0	 1.0	 
10	 29	  37
-0.9580541537772737	 0.2488468648281976	 -0.14215300311737622	 -1.235820678856704	 
0.05403325553638482	 -0.33027947646794553	 -0.9423353302939455	 2.7389416299558076	 
-0.28144741200844553	 -0.9104892669818996	 0.3029796181008077	 1.783974095267225	 
0.0	 0.0	 0.0	 1.0	 
11	 13	  37
0.9888161992124601	 -0.07664703614761147	 0.1279365312364351	 -0.30284862286398423	 
0.04348447416405106	 0.9687297094446609	 0.2442782236425075	 -0.07628584238169754	 
-0.1426591205696313	 -0.23598301186536647	 0.9612285854203724	 0.25538979799974765	 
0.0	 0.0	 0.0	 1.0	 
12	 16	  37
0.1804639537633018	 0.5223274698536511	 -0.8334307263524671	 1.4594088583741238	 
-0.4980303889322694	 0.7792158484611923	 0.38051070051560687	 -0.2927674846568346	 
0.8481736220209224	 0.3464053633291323	 0.40075532580955453	 0.38552429252796105	 
0.0	 0.0	 0.0	 1.0	 
12	 17	  37
0.866292357316421	 0.2409735973548884	 -0.4375720249661773	 2.0265004201218155	 
-0.17620945189078527	 0.96705778123914	 0.18371030675816702	 -0.054921591438090465	 
0.4674267650867948	 -0.0820425080228243	 0.880216590480899	 -0.11873069900681105	 
0.0	 0.0	 0.0	 1.0	 
13	 18	  37
0.5709436868545028	 0.5310887579091526	 -0.6260735081949241	 1.3721872596726554	 
-0.286927046957341	 -0.5854165824714486	 -0.7582613630482485	 2.0404017729972965	 
-0.7692178990151791	 0.6125619611026806	 -0.18185617296289702	 3.433338319604247	 
0.0	 0.0	 0.0	 1.0	 
13	 22	  37
0.7277164631689715	 0.43405813731507714	 -0.5310577018210071	 1.5635114252493922	 
-0.31238997720149	 0.8990579621618002	 0.3067691034271934	 -0.8167894805070797	 
0.6106072808089477	 -0.057343823591013234	 0.7898546920282666	 1.0490548299330245	 
0.0	 0.0	 0.0	 1.0	 
13	 27	  37
0.3301075805918823	 0.8559774864499434	 0.39790894426565854	 -1.603797158401752	 
-0.9438971170399568	 0.3035008484306628	 0.13017475732846834	 0.6350999640263078	 
-0.009339040605522955	 -0.4185567795326039	 0.90814261249424	 1.2839079926234689	 
0.0	 0.0	 0.0	 1.0	 
13	 29	  37
0.8464883821891963	 0.38579030072073817	 -0.366910428699594	 1.0745667141723676	 
-0.5182704278273098	 0.7548461090987778	 -0.4019988995235357	 0.5205723010729185	 
0.1218736331550621	 0.530446222955955	 0.8389121658989972	 -0.1043968759409689	 
0.0	 0.0	 0.0	 1.0	 
13	 32	  37
0.9604570222142198	 0.16101422264916954	 0.22714913291508795	 -1.1444378761873768	 
-0.09581313876414632	 -0.5748647482019689	 0.8126194458138744	 -1.7757818905520224	 
0.26142331747484815	 -0.8022499245119121	 -0.5367056061763044	 3.053761993116885	 
0.0	 0.0	 0.0	 1.0	 
14	 15	  37
0.16500284286263495	 -0.508054891743307	 0.8453722782437015	 -0.46427434247234756	 
0.4679215628503193	 0.7948441173212241	 0.38635765836794234	 -0.16155160389713813	 
-0.8682300806047691	 0.33181780563366636	 0.3688813779489217	 0.4198767123862643	 
0.0	 0.0	 0.0	 1.0	 
14	 23	  37
-0.6566612694759787	 -0.23745238606703065	 0.7158298272084427	 -1.3944504832206475	 
0.3677225837227698	 0.7278733130344291	 0.5787750353915875	 -0.6503929103710581	 
-0.6584649410488351	 0.6432859430481571	 -0.3906496088391699	 1.9606620892729885	 
0.0	 0.0	 0.0	 1.0	 
14	 24	  37
0.20811646650174218	 -0.3250585917339865	 0.9225098635303295	 -1.6677380444427254	 
0.3910886217318152	 0.8921409275705575	 0.22612884669023173	 -0.3956346190312098	 
-0.8965139297984939	 0.31372197451479616	 0.31279593409090056	 1.5199628801706182	 
0.0	 0.0	 0.0	 1.0	 
14	 25	  37
0.37458757370569046	 -0.39538072153733483	 0.8386645543135237	 -1.7897992497217567	 
0.4029244335656955	 0.8840638440470594	 0.23681853914865061	 -0.1658572879131222	 
-0.8350664946344382	 0.2492091585101839	 0.4904678836107402	 0.7384959902439324	 
0.0	 0.0	 0.0	 1.0	 
14	 26	  37
-0.3290844663247465	 0.5607339516040287	 0.7597900035814428	 -1.9443040167344514	 
-0.022563793927253502	 0.7997070983655582	 -0.5999661924036623	 2.1928015310942475	 
-0.9440308730266007	 -0.21458329930884798	 -0.2505188983497339	 3.2429314166056598	 
0.0	 0.0	 0.0	 1.0	 
15	 16	  37
0.8272105369529608	 -0.09993890474723588	 0.5529330365170059	 -0.4733749126687355	 
0.1843762238969698	 0.9778474159643827	 -0.0990951015604421	 0.28111168348946886	 
-0.5307806850437276	 0.18392021751211193	 0.8273120438956565	 -0.5683533112413743	 
0.0	 0.0	 0.0	 1.0	 
15	 23	  37
0.5931596189111087	 -0.3157735675067217	 0.7405732378079192	 -1.8244891454895305	 
0.43707915552478477	 0.8988112777603194	 0.03316773698343095	 0.46239414606116147	 
-0.6761090727826158	 0.3040153631561052	 0.6711565992122048	 -0.40543944771318885	 
0.0	 0.0	 0.0	 1.0	 
16	 17	  37
0.6371005061406214	 -0.35430878450290276	 0.6845204381897149	 -0.6102563740307252	 
0.37479064826571035	 0.9184312698871488	 0.12655422737327887	 0.3926869077470444	 
-0.6735242497846177	 0.17592409646650028	 0.7179246459305555	 -0.43511039231179605	 
0.0	 0.0	 0.0	 1.0	 
16	 23	  37
0.9448809032465662	 -0.226705700197647	 0.2362299815388535	 -1.0871062150677477	 
0.21662646661906937	 0.9738737231439051	 0.06813916150030741	 0.412633522368346	 
-0.24550570795826795	 -0.013209726254623837	 0.9693051379685281	 -0.6281499757905186	 
0.0	 0.0	 0.0	 1.0	 
18	 22	  37
0.9429876335307323	 0.17089653349840558	 -0.2856023421583523	 0.584741189410894	 
-0.17317311221337256	 0.9847365422212733	 0.017464696402302148	 0.280920783929471	 
0.284227718941068	 0.03298965371625109	 0.9581890661728714	 -0.16177008552664618	 
0.0	 0.0	 0.0	 1.0	 
19	 21	  37
0.9154981268573344	 -0.12031889859618922	 0.38390954971361435	 0.36492254644687455	 
0.07648578463423493	 0.9888816761646495	 0.12752629256227227	 -0.032565332575268946	 
-0.39498494207956314	 -0.0873864588273991	 0.9145220075777353	 0.002934749771862275	 
0.0	 0.0	 0.0	 1.0	 
19	 31	  37
-0.14858352906462607	 0.4282069055508802	 0.8913819500804582	 -1.2397913571344372	 
-0.6952611778638348	 0.5957651536347437	 -0.40208926405707934	 2.1037317724997147	 
-0.7032317039540347	 -0.6794871063921003	 0.2091947485019534	 2.1473676663932544	 
0.0	 0.0	 0.0	 1.0	 
20	 21	  37
0.9799414641205509	 0.04460063156229384	 -0.1942305603181814	 0.017057587623205393	 
-0.12293442715414638	 0.902385501677935	 -0.41302243641446695	 0.14491827190248033	 
0.15684978010042583	 0.4286154337231744	 0.8897679228072581	 -0.13180310826123515	 
0.0	 0.0	 0.0	 1.0	 
20	 30	  37
-0.9607161479557627	 0.11300045501109476	 0.2534864497844535	 -0.14343863562544742	 
-0.11921382018085286	 -0.9928256563696456	 -0.009234778398496664	 0.8017869311190015	 
0.2506243167271045	 -0.039091088773115415	 0.9672948561031449	 -0.41319545242368905	 
0.0	 0.0	 0.0	 1.0	 
20	 31	  37
-0.1915369946749212	 -0.25266388771015263	 0.9484063156253709	 -2.068563618938302	 
0.5388571366100555	 0.7805677152815709	 0.3167759905430344	 -1.8685587659258778	 
-0.8203332042501457	 0.5717298327945639	 -0.013357855269043819	 1.3763959192699113	 
0.0	 0.0	 0.0	 1.0	 
21	 30	  37
0.563540249805916	 -0.5599505611918074	 0.6073530734833447	 -2.1946793565294933	 
0.3697844275479614	 0.8284321390504847	 0.42066574394792944	 0.270932803782835	 
-0.7387028252225059	 -0.012472369831674358	 0.673915852313232	 0.509261771930155	 
0.0	 0.0	 0.0	 1.0	 
21	 31	  37
-0.13834904749729085	 0.8376734935081347	 0.5283584572337892	 -1.5906495553273146	 
-0.8396556615163354	 -0.3821180317421242	 0.3859587800544128	 -0.21513805877528028	 
0.5252027333707983	 -0.3902421403326431	 0.7562229570493346	 -0.403077470746674	 
0.0	 0.0	 0.0	 1.0	 
24	 25	  37
0.9905321968740046	 0.01859697269859637	 -0.13601514460678685	 0.665762838648182	 
-0.013941619278336837	 0.999286568858366	 0.03509963747921384	 0.11563050447162854	 
0.13657085416682213	 -0.03287104965957136	 0.9900847922710567	 -0.3228856999529746	 
0.0	 0.0	 0.0	 1.0	 
24	 26	  37
0.8969547137498088	 0.19776119175248655	 -0.39542730370908047	 0.6768418275511455	 
-0.1525895518913198	 0.977897360166472	 0.14294468032441965	 0.34157213430698674	 
0.41495622677049154	 -0.06787682974388647	 0.9073059383958174	 -1.0879901148408027	 
0.0	 0.0	 0.0	 1.0	 
25	 26	  37
0.9358691876262819	 0.14145085098797489	 -0.3227081040297865	 0.013056530351229776	 
-0.12133279994360074	 0.9892407938295379	 0.08173740564362666	 0.3056994436583206	 
0.3307978465914909	 -0.0373404415919556	 0.942962605892805	 -0.7007890359248165	 
0.0	 0.0	 0.0	 1.0	 
25	 29	  37
0.9543483324103166	 -0.07845508766191393	 0.28820836151230417	 -0.23393616665382505	 
0.11049851386210846	 0.9891679487979137	 -0.09662736416353535	 0.7925930525739305	 
-0.27750556545754307	 0.1240627594844171	 0.952679953000586	 -1.553643938867973	 
0.0	 0.0	 0.0	 1.0	 
26	 29	  37
0.829357673685975	 -0.1790062053414953	 0.5292661216698316	 -0.33578946996513254	 
0.26665073011754703	 0.9592564516710291	 -0.0934047539222933	 0.4820390222312601	 
-0.4909819113022046	 0.2185951471939471	 0.8432988345760296	 -0.725042163471297	 
0.0	 0.0	 0.0	 1.0	 
27	 28	  37
0.9368601329064347	 -0.03575374639573117	 0.3478717594016588	 -0.05207178538736181	 
0.17856398576143082	 0.9042132654417181	 -0.38796040208791394	 0.07305599533120113	 
-0.30067922169569267	 0.42558200175511895	 0.8535056914998151	 -0.27667122458108295	 
0.0	 0.0	 0.0	 1.0	 
27	 29	  37
0.9482432759414334	 0.12511394891592825	 -0.2918581666126902	 0.22915394713362594	 
-0.18367212008555897	 0.965859274517597	 -0.18270307641530303	 0.20655933076296046	 
0.259035213697162	 0.22685317193066212	 0.9388495068166478	 -0.2703768940125162	 
0.0	 0.0	 0.0	 1.0	 
27	 32	  37
0.995047887178972	 0.030423185795952996	 -0.09462627535039904	 -0.026754233826379484	 
-0.016858529293194473	 0.9898696017080109	 0.140975038941279	 0.4416344635208918	 
0.09795658329451419	 -0.13868165480859243	 0.9854805459311794	 -0.5509730300905841	 
0.0	 0.0	 0.0	 1.0	 
28	 29	  37
0.11590950490871185	 0.07836410723522445	 -0.9901636497918129	 3.4571558484752023	 
0.8255952466675199	 0.5466427780429697	 0.13990769061585462	 1.1302343922533618	 
0.5522295495098161	 -0.8336910338432884	 -0.0013359406778615775	 1.8076672159266052	 
0.0	 0.0	 0.0	 1.0	 
28	 32	  37
0.9283750443156878	 0.1550636995535871	 -0.33774994622146254	 0.06348515451774403	 
0.10644164061484723	 0.7597863724759307	 0.6414006901641806	 -0.0043826154936901255	 
0.356075770356627	 -0.6314110525486724	 0.6888614726375054	 -0.18182541865001706	 
0.0	 0.0	 0.0	 1.0	 
29	 32	  37
0.9670660652280654	 -0.2050469063122709	 0.15079453470227097	 -0.3840926798129992	 
0.15150074638852118	 0.9397961778981234	 0.3063179195734389	 0.23929231236415877	 
-0.20452566911766495	 -0.2733841806320281	 0.9399097512272789	 -0.2462415191073249	 
0.0	 0.0	 0.0	 1.0	 
30	 31	  37
0.9720530599007089	 -0.008450452965005795	 -0.23460911871100645	 0.04790646945219346	 
-0.15130052227602198	 0.7415693828737085	 -0.6535923824091818	 0.02612667594666628	 
0.17950209106490078	 0.6708229574403316	 0.7195662298039941	 -0.24151160200594224	 
0.0	 0.0	 0.0	 1.0	 
33	 35	  37
0.948735802553032	 -0.19210312138111557	 0.25099156900120634	 -0.09540269668598898	 
0.2519902833919908	 0.939070470353192	 -0.2337681517800484	 -0.019175847363441512	 
-0.19079117912020635	 0.2850316516919976	 0.9393378963417013	 -0.005384955267130739	 
0.0	 0.0	 0.0	 1.0	 
36	 37	  37
0.9429231503671638	 -0.14874012508497708	 0.29794682024040264	 -0.18627759632470664	 
0.17923991518576926	 0.9807364766176806	 -0.07764674002001089	 0.022558236079533334	 
-0.280658128878997	 0.1266188715051684	 0.9514192956172878	 -0.2692382435260838	 
0.0	 0.0	 0.0	 1.0	 
38	 39	  37
0.7693420316652688	 0.4328906945542238	 -0.46980685912565934	 0.5423955282447642	 
-0.3800349298886897	 0.9012578175656455	 0.2081052578415708	 -0.2757297396265969	 
0.5135039341403861	 0.01843889490098702	 0.8578891051745412	 0.3358781606036904	 
0.0	 0.0	 0.0	 1.0	 
38	 40	  37
0.6640063463790153	 -0.04204888106188764	 -0.7465436782733037	 0.824567779282634	 
-0.3823695969912713	 0.8389019879583275	 -0.3873460286311181	 -0.30588733641662935	 
0.6425644428889015	 0.5426558266535148	 0.5409580302887336	 0.1344864327033228	 
0.0	 0.0	 0.0	 1.0	 
38	 41	  37
0.9554069400130057	 -0.29406659386943745	 0.026877822549688304	 0.26190564661154464	 
0.2821684486662062	 0.9359891912460372	 0.2104880054727526	 -0.37402335621902283	 
-0.08705484221048132	 -0.19351762772579273	 0.9772268836903182	 0.5678010884961443	 
0.0	 0.0	 0.0	 1.0	 
38	 56	  37
0.2159548207350446	 0.17660253318664712	 -0.960299464059703	 2.290863013024198	 
-0.5179893081042438	 0.8544209296012444	 0.04064420929273968	 -0.1428876298778043	 
0.8276778310979347	 0.48864754202943	 0.2759945426591149	 -0.30310833795485326	 
0.0	 0.0	 0.0	 1.0	 
39	 40	  37
0.9904413026738965	 -0.04605136863616918	 -0.13002037303581057	 0.08423833629806793	 
-0.05651957432251766	 0.7243603859126664	 -0.6871008434275534	 0.1293145856038434	 
0.12582354181963376	 0.6878817505699572	 0.7148336404764223	 -0.3052602750819382	 
0.0	 0.0	 0.0	 1.0	 
39	 41	  37
0.6158154913596896	 -0.675103155458448	 0.40621054896626035	 -0.014876919833681257	 
0.6394925021893147	 0.7294412836614298	 0.24282659107687196	 -0.24978145127452553	 
-0.46023974213997787	 0.11023222387492661	 0.8809246486360311	 0.27203073321501176	 
0.0	 0.0	 0.0	 1.0	 
39	 56	  37
0.8214519997716679	 0.1148731754554049	 -0.5585881896638336	 0.7590094322607277	 
-0.38641300047774935	 0.8324863557525466	 -0.39705347315900275	 0.9433652601712903	 
0.4194062530922852	 0.5420061079421848	 0.7282360701176878	 -1.3830102364320878	 
0.0	 0.0	 0.0	 1.0	 
40	 56	  37
0.8643582810045068	 0.16102004306026182	 -0.47640036502064786	 0.6266369803800885	 
-0.04812484459414723	 0.9694888407912579	 0.24036511168223418	 -0.18265575546989732	 
0.5005684382696575	 -0.18483488121589858	 0.8457347724282017	 -1.3933273353801372	 
0.0	 0.0	 0.0	 1.0	 
41	 56	  37
0.16960495528381817	 0.9813837721906548	 -0.0901113246158063	 -0.08541092222310573	 
-0.985381061797076	 0.1673808083521667	 -0.03174630761273062	 0.936140060552843	 
-0.01607240476222831	 0.09417832381294776	 0.9954255979875858	 -1.8640515589160493	 
0.0	 0.0	 0.0	 1.0	 
42	 43	  37
0.7475001069738006	 -0.5027673628382957	 0.43412966834666145	 -0.06498264883508548	 
0.5625820641135545	 0.8266640687044363	 -0.01131099689505101	 -0.25680603929576507	 
-0.3531925979007617	 0.2526885363004286	 0.9007793805424602	 0.2544087942849651	 
0.0	 0.0	 0.0	 1.0	 
43	 44	  37
0.9272949450448993	 0.13411741212264738	 -0.3494804782240372	 -0.07988990715913812	 
-0.35859197590964614	 0.5861434717102715	 -0.7265312280863411	 -0.2843065301798721	 
0.10740521266397411	 0.7990296304499318	 0.591621306204951	 0.029724835700018763	 
0.0	 0.0	 0.0	 1.0	 
44	 48	  37
0.9881030374666839	 -0.058418636067002414	 0.14226612495314717	 0.23467403830648817	 
0.057216691325237205	 0.9982831720294657	 0.012528314993669184	 -0.02672447900648842	 
-0.14275376556471606	 -0.004239269142102075	 0.989749155601678	 0.4107066672315056	 
0.0	 0.0	 0.0	 1.0	 
45	 47	  37
0.6845623758085554	 -0.3821689867264728	 0.6207424741483447	 -0.07278041839895379	 
0.4636892651193074	 0.8853559924610167	 0.03371990549343197	 -0.03882255153125437	 
-0.5624647713772517	 0.26474824304956274	 0.7832890582420429	 0.07786870882261258	 
0.0	 0.0	 0.0	 1.0	 
46	 47	  37
0.968864801072377	 0.10368013051241602	 -0.22483644673386718	 -0.04704904136023612	 
-0.0789432248796782	 0.9900634325022637	 0.11637167553761485	 -0.05827005192566435	 
0.23466777471263325	 -0.09499910609455081	 0.9674224544389372	 0.08251796063983627	 
0.0	 0.0	 0.0	 1.0	 
46	 56	  37
0.7563215192318218	 -0.013962094495372045	 0.6540510832222289	 -0.835706073832709	 
0.3846340399415155	 0.8182066330493251	 -0.427310848156649	 0.3939851658603679	 
-0.5291827802046637	 0.5747547003299656	 0.6241975805652201	 -0.5926637088659232	 
0.0	 0.0	 0.0	 1.0	 
49	 50	  37
0.8611399198315324	 -0.19277882101369992	 0.4703980916639769	 -0.9310417221232051	 
0.26498737076218687	 0.9598793689192542	 -0.09172399064431405	 -0.041934804854670445	 
-0.4338429805921566	 0.20363674347165997	 0.8776743957181222	 0.06258238294388158	 
0.0	 0.0	 0.0	 1.0	 
49	 51	  37
0.735216852023284	 0.27203867013667055	 -0.6208471168099627	 0.16435683943037577	 
-0.48108033708988535	 0.8546662692876378	 -0.19521085371319213	 -0.29921663916777635	 
0.4775121880815765	 0.4421996495840111	 0.7592374991669746	 0.12008887020790811	 
0.0	 0.0	 0.0	 1.0	 
49	 52	  37
0.9674558987589617	 0.19126267925192725	 -0.16567338797122685	 0.15550589729569456	 
-0.2443954076634603	 0.8759516085304853	 -0.4159082401514383	 -0.15637463302095925	 
0.06557414634977378	 0.44286269546918205	 0.8941882711667989	 0.0007551040996507242	 
0.0	 0.0	 0.0	 1.0	 
49	 53	  37
0.4570370311835071	 0.7199473855593951	 -0.5222958109665033	 -0.032955233478619235	 
-0.49542049470312566	 0.6937451184274902	 0.522758303698887	 -0.33427656729180855	 
0.7386986432606165	 0.01983614590132964	 0.6737438992382088	 0.42076849323268883	 
0.0	 0.0	 0.0	 1.0	 
49	 55	  37
0.2179115876168527	 0.8065969077550009	 -0.5494688056499414	 0.02450074333987478	 
-0.5649524607060212	 0.5633330458652691	 0.6028968374260808	 -0.20040186581915967	 
0.7958286606578798	 0.17904554682043608	 0.5784457062155934	 0.3057700279643217	 
0.0	 0.0	 0.0	 1.0	 
50	 51	  37
0.9522254873140988	 -0.08036555936985972	 0.29463197073059927	 -0.027711165075050385	 
0.17782391694272484	 0.9302446728541355	 -0.3209727452442803	 -0.000800340809213197	 
-0.2482846670106195	 0.3580310398466485	 0.9000936054843153	 -0.0930405317191383	 
0.0	 0.0	 0.0	 1.0	 
50	 52	  37
-0.661601803902279	 0.3124859398560865	 -0.6816418344449743	 0.5260908836752238	 
-0.2465234531429599	 0.7678586209068217	 0.5912861619804286	 -1.6248203976128988	 
0.7081731709996659	 0.5592366902227834	 -0.43098153578192333	 2.6434727662903987	 
0.0	 0.0	 0.0	 1.0	 
50	 53	  37
0.996935440575413	 -0.03718660597526962	 -0.06882502205410768	 0.09181504146376801	 
0.05170528230372401	 0.9734474192859791	 0.22299481085298564	 -0.004971438813418967	 
0.058705119935151845	 -0.2258700471986198	 0.972386975782735	 0.22108934734674396	 
0.0	 0.0	 0.0	 1.0	 
50	 54	  37
0.9330653437020364	 0.13944763804869018	 -0.33157717144706994	 0.15377209194144204	 
-0.18899244356443481	 0.9743640251813456	 -0.12205163951356096	 -0.07939048741164921	 
0.3060570545792763	 0.17654773483408348	 0.9354998539108439	 0.07981372070419614	 
0.0	 0.0	 0.0	 1.0	 
51	 52	  37
0.8691564430642992	 -0.050184966712339935	 0.49198429507037866	 -0.13051210576730582	 
0.06910936835520307	 0.9974014932068556	 -0.020350836697281532	 0.07999492513605182	 
-0.48968456447529657	 0.051688784710185794	 0.870366185493108	 -0.14640293178276695	 
0.0	 0.0	 0.0	 1.0	 
51	 53	  37
-0.8903493535038263	 -0.07386968348437385	 0.4492452543736403	 -0.5386425686837003	 
0.27219577591282035	 0.7046051321676969	 0.6553175316578673	 -0.12768513637848442	 
-0.36494861047897703	 0.7057442012406907	 -0.6072377080885234	 2.8942309174118392	 
0.0	 0.0	 0.0	 1.0	 
51	 54	  37
-0.6388808324651936	 -0.10541010990080531	 0.7620498609928886	 -0.8631451401881283	 
0.20589502031077833	 0.9310032713362717	 0.3013969962895866	 -0.23166698815422418	 
-0.7412412040083878	 0.3494590354989564	 -0.5730967283001481	 2.739929713805384	 
0.0	 0.0	 0.0	 1.0	 
53	 54	  37
0.9146121181131804	 0.2634747288386797	 -0.30670138679814546	 0.0956628424049153	 
-0.35153863825183973	 0.8929300715172035	 -0.2812409522034865	 -0.08196642829821155	 
0.1997630076279483	 0.3650437708599695	 0.9093062114270262	 -0.1737098289774419	 
0.0	 0.0	 0.0	 1.0	 
53	 55	  37
0.9365623149813801	 0.3068693390628589	 -0.1693583151186922	 -0.08826467758049825	 
-0.2951152144383232	 0.9510876039696349	 0.09132020467739149	 0.08273866875311274	 
0.18909796499100734	 -0.03554684681406492	 0.981314618925978	 -0.02170275671175331	 
0.0	 0.0	 0.0	 1.0	 
