0	 1	  37
0.9561335322256498	 0.03065473073599189	 0.29132276951382635	 -0.1420938302209755	 
0.04119509126197087	 0.9705548240411619	 -0.23733162028340674	 0.009400205408087793	 
-0.29002005621960036	 0.23892178848722262	 0.9267171876988397	 -0.12415523261822226	 
0.0	 0.0	 0.0	 1.0	 
0	 12	  37
0.9880589392614979	 -0.018407512762130176	 -0.15297286040129865	 -0.8096756448272873	 
0.03307454487177757	 0.9950324776789594	 0.09389591495691142	 -0.0988750891367117	 
0.15048457404986026	 -0.09783420586882065	 0.9837595545330419	 0.6140494160791263	 
0.0	 0.0	 0.0	 1.0	 
2	 3	  37
0.6536961051735011	 -0.34477979914020057	 0.6736529463943862	 -0.21468440231012337	 
0.3203724885309075	 0.9325607436509546	 0.16640891801130261	 -0.06771935552474642	 
-0.6855967259792803	 0.10703900927242258	 0.7200692882080655	 0.06425430619272038	 
0.0	 0.0	 0.0	 1.0	 
3	 4	  37
0.8014609686443275	 0.3533998595910884	 0.4824612471284032	 -0.4186465609870718	 
-0.0027859447950667306	 0.808925338823952	 -0.5879047837193973	 0.27924048970121895	 
-0.5980405958221348	 0.4698386270301236	 0.6493066381141911	 -0.07619243417507415	 
0.0	 0.0	 0.0	 1.0	 
4	 5	  37
0.97729739177166	 -0.05326166501702008	 0.20506828881112515	 -0.158022881105175	 
-0.04449092677915633	 0.8947166342402643	 0.44441276067199503	 0.19405899421797174	 
-0.20714817274270175	 -0.4434471100970067	 0.8720345721793209	 -0.03388400438489244	 
0.0	 0.0	 0.0	 1.0	 
5	 6	  37
0.7979369557552447	 -0.3500675080208668	 0.4906621591972546	 0.06418911844551663	 
0.3192758640254935	 0.9359480588957443	 0.14854007439092695	 -0.03203380008202857	 
-0.5112333491575313	 0.03813097005516416	 0.8585956509509146	 0.03865711953523192	 
0.0	 0.0	 0.0	 1.0	 
6	 7	  37
0.8135335496464179	 -0.32297483076995087	 0.4835808332521268	 0.004265195529415083	 
0.3440075978973792	 0.9377603251092123	 0.047585136754442155	 0.18290003755820639	 
-0.4688517208975292	 0.12764337562202652	 0.8740052817181593	 -0.29724736981484856	 
0.0	 0.0	 0.0	 1.0	 
7	 8	  37
0.8417594096675116	 -0.15531117226298666	 0.5170295310777715	 0.08818073928107543	 
0.24705523071356345	 0.9623743715311123	 -0.1131339117911413	 -0.03699050502456971	 
-0.48000500957101605	 0.22296638488883153	 0.8484581203549966	 -0.29722859639259286	 
0.0	 0.0	 0.0	 1.0	 
8	 9	  37
0.9324692004440046	 0.1756316860523705	 0.3156813283640944	 -0.2819069164370786	 
0.007896603310860112	 0.86374103339913	 -0.5038740625183572	 -0.16582778075529997	 
-0.36116316794416947	 0.47233985442370235	 0.8040250170507923	 0.01767686495967205	 
0.0	 0.0	 0.0	 1.0	 
8	 10	  37
0.5458173876507716	 -0.4933600637687705	 0.6772586114743488	 -0.6462193021422881	 
0.4585821759605184	 0.8523676936048991	 0.2513398153695138	 -0.2913952779995545	 
-0.7012743879747811	 0.1733930863002908	 0.6914832394164421	 0.3257652497181611	 
0.0	 0.0	 0.0	 1.0	 
8	 15	  37
0.9704274481860207	 -0.20547229880122142	 0.1266953125909095	 0.4349109688848415	 
0.17835564386037672	 0.9639902683336877	 0.19726131618007214	 -0.23853767350930885	 
-0.16266478448120542	 -0.16883097163519994	 0.9721297603233819	 0.7444212302497837	 
0.0	 0.0	 0.0	 1.0	 
8	 16	  37
0.9103059581541206	 -0.266445763059026	 0.3167802359633613	 0.5319551254439832	 
0.23857513768650818	 0.9631099720787123	 0.1245033548158712	 -0.6507773289805024	 
-0.3382675955910839	 -0.037760257287740594	 0.9402920805486934	 1.1044477853315047	 
0.0	 0.0	 0.0	 1.0	 
10	 14	  37
0.7125055820056008	 -0.2958872860350558	 0.6362283470371861	 -0.5533340710897732	 
0.3602665763566926	 0.9323620467491125	 0.0301497552566191	 -0.11538995498814897	 
-0.6021160931008975	 0.2077299394517207	 0.770911462286232	 0.3064643531733477	 
0.0	 0.0	 0.0	 1.0	 
10	 15	  37
0.9160292821813292	 0.14956303571837584	 -0.3721844334910602	 -0.03411996130716772	 
-0.08640865957859414	 0.9796772093394033	 0.18101411284976773	 -0.26188592164722085	 
0.391693627387769	 -0.13365426984448206	 0.910336552279512	 0.740346139597993	 
0.0	 0.0	 0.0	 1.0	 
10	 16	  37
0.935424474364327	 0.23661107950301316	 -0.26267137228224746	 -0.25342131080520414	 
-0.23698064944689046	 0.9710274587807785	 0.03075461073516997	 -0.6111067595864607	 
0.2623379967674345	 0.03347941681332659	 0.9643950975102933	 1.1375435583223683	 
0.0	 0.0	 0.0	 1.0	 
11	 12	  37
0.8202228904449494	 0.022724034037324446	 0.5715925369239895	 -0.4987273050088211	 
0.20043345651608266	 0.924451534329414	 -0.3243698355041804	 0.16448232809351018	 
-0.5357805889533029	 0.38062183194486343	 0.7537016528758502	 -0.1774401531147709	 
0.0	 0.0	 0.0	 1.0	 
11	 13	  37
0.8233937838701517	 -0.09427197235524136	 0.559585089072472	 -0.24894458872729908	 
0.3078098199931611	 0.9026278316939352	 -0.30085895726616296	 0.29387275720538536	 
-0.4767345082955206	 0.41997118077286866	 0.7722359846060461	 -0.4811398928057502	 
0.0	 0.0	 0.0	 1.0	 
12	 13	  37
0.9886569836046791	 -0.10634057403033037	 0.10606154385354301	 0.09262288716571716	 
0.10686716099390114	 0.9942730451330438	 0.0007222347037699158	 0.05333495326447742	 
-0.1055309370317571	 0.010620453698574513	 0.9943593049257575	 -0.20066587589227655	 
0.0	 0.0	 0.0	 1.0	 
14	 15	  37
0.2986285885019832	 0.5598113013142098	 -0.7729374315235381	 0.03361811682510314	 
-0.4276941668919756	 0.8025143646863793	 0.41599085816709347	 -0.12430978309767746	 
0.8531697754467695	 0.20635406803091572	 0.4790817601111531	 0.5805009223548144	 
0.0	 0.0	 0.0	 1.0	 
15	 16	  37
0.9950720645004242	 0.0057459548623326724	 -0.09898772880303622	 0.363875666917201	 
-0.02112210787367442	 0.9876891120528024	 -0.15499701445937483	 -0.5462208397896656	 
0.09687849611671452	 0.15632402865543987	 0.9829432104934125	 0.2550429896886629	 
0.0	 0.0	 0.0	 1.0	 
16	 17	  37
0.6855754518922886	 -0.44366670282383974	 0.5771881465935575	 -0.08437984299436757	 
0.41815548491171867	 0.8889903359311657	 0.18666058249999712	 -0.13949301365203923	 
-0.5959297695206448	 0.11338447612621144	 0.7949916165423729	 0.43525358053966484	 
0.0	 0.0	 0.0	 1.0	 
17	 18	  37
0.9443427477377072	 0.2152435745805521	 -0.24877093559534405	 0.03467601102245261	 
-0.3027320868451222	 0.8645371347732409	 -0.4011593526174753	 -0.3045456529698061	 
0.12872473884065183	 0.4541428698106588	 0.8815805098858215	 0.4068220612312249	 
0.0	 0.0	 0.0	 1.0	 
17	 19	  37
0.9266250940604491	 0.2040796916837437	 -0.31578064300987896	 -0.10009912387051044	 
-0.2869342645223146	 0.9265753339569621	 -0.24316019070888728	 -0.7167361729381889	 
0.24297049800439297	 0.3159266211398026	 0.9171454122191777	 0.8657941598982385	 
0.0	 0.0	 0.0	 1.0	 
18	 19	  37
0.988234564724333	 0.009131247314275477	 -0.15267306706355277	 0.150262381671903	 
0.003636918192947928	 0.9965309888797289	 0.08314301551210714	 -0.12776413556927504	 
0.15290264193323944	 -0.08272006119965293	 0.9847731584303874	 0.5209343466281322	 
0.0	 0.0	 0.0	 1.0	 
19	 20	  37
0.7771165847919385	 -0.4852331883358918	 0.40079741338823477	 0.11769119610232581	 
0.3454395791793113	 0.8611967202965085	 0.3728427364009626	 -0.07830342977977854	 
-0.5260810876449894	 -0.15129098415940856	 0.8368690024934267	 0.4519141194158637	 
0.0	 0.0	 0.0	 1.0	 
20	 21	  37
0.4380994522216288	 -0.6209854613267926	 0.6499584038874018	 0.012183881203845044	 
0.7130834978409436	 0.6803193018734207	 0.16934453816225328	 -0.2036897237844519	 
-0.5473397437332993	 0.38928486268953727	 0.7408619983578285	 0.0911772528044785	 
0.0	 0.0	 0.0	 1.0	 
21	 22	  37
0.9284888175979407	 -0.04019799882204734	 0.36917832613288815	 -0.32484326907546723	 
0.18314402848777395	 0.9143869337642123	 -0.36104681163327174	 -0.12061474158398897	 
-0.3230584783361183	 0.4028407331092336	 0.8563600663991572	 0.051463991210779554	 
0.0	 0.0	 0.0	 1.0	 
21	 28	  37
0.6286992420680921	 -0.35815015341541656	 0.6902649713200876	 0.040885885730612706	 
0.4998669511331604	 0.8660820507783762	 -0.0059086787323018135	 -0.47527492157016366	 
-0.5957099077469217	 0.3487554285284123	 0.7235325541287813	 0.6085039353216363	 
0.0	 0.0	 0.0	 1.0	 
22	 23	  37
0.9848910738449821	 0.12819856504725477	 -0.11642465623871862	 -0.03665059904263852	 
-0.17124726159406123	 0.8210151422702474	 -0.544617766474342	 -0.09655111860400845	 
0.02576718954434511	 0.5563265804208808	 0.8305641383181642	 0.27198932178868085	 
0.0	 0.0	 0.0	 1.0	 
22	 29	  37
0.9692578172019652	 0.12392680018277681	 -0.2125592434812937	 0.015579441193258442	 
-0.09350080771120793	 0.9846043912740807	 0.1476881567396252	 -0.3340332056000456	 
0.22758928522721272	 -0.12327343947604648	 0.9659227590079408	 0.9471590517486874	 
0.0	 0.0	 0.0	 1.0	 
23	 28	  37
0.7750987095670323	 -0.5238693808842342	 0.3532461778979219	 0.1193498514566507	 
0.09303810921329131	 0.647610438474098	 0.7562702097884073	 0.2734507106491924	 
-0.6249527187408153	 -0.5533187072125383	 0.5507018318356202	 0.3549541004558312	 
0.0	 0.0	 0.0	 1.0	 
23	 29	  37
0.9715788666006099	 0.12528675040489937	 -0.2008425655782535	 0.17607025771255544	 
0.02924764432887636	 0.7784164117714422	 0.6270665556271398	 0.17836465604394036	 
0.23490228027051197	 -0.6151187853234965	 0.7526285927772478	 0.7258304066025062	 
0.0	 0.0	 0.0	 1.0	 
23	 30	  37
0.8664716496118979	 -0.030976522703786664	 -0.49826432288496897	 0.2174969060219198	 
0.0976574583524339	 0.9893077117459738	 0.10832023037312362	 0.06749858442993718	 
0.4895813530425536	 -0.14251563605838363	 0.8602321734461553	 0.6416017180133078	 
0.0	 0.0	 0.0	 1.0	 
24	 27	  37
0.8613922686529811	 0.1632009074884571	 0.4810081322595452	 -0.044631457229516856	 
0.2107392303854891	 0.7468012924973448	 -0.6307747666963441	 0.007573935567243221	 
-0.462160509218825	 0.6447117908951565	 0.6088960259349349	 -0.18114719014837022	 
0.0	 0.0	 0.0	 1.0	 
24	 28	  37
0.9537535477879653	 -0.191068640548706	 0.23204944447410084	 0.0673959505155114	 
0.14264187880697138	 0.9672133170968881	 0.21012304405003426	 0.052197486260869605	 
-0.2645892372948811	 -0.16730562999882714	 0.9497375225178846	 0.015741216859992364	 
0.0	 0.0	 0.0	 1.0	 
25	 27	  37
0.9385271221383856	 -0.006639496627279849	 -0.3451416493197777	 0.10809515919695137	 
-0.2465315783734028	 0.6869627806862327	 -0.6835966053284331	 -0.006932422818438217	 
0.2416382045028452	 0.7266622702716683	 0.6430963559905043	 -0.19202604418336947	 
0.0	 0.0	 0.0	 1.0	 
26	 27	  37
0.7477937039790212	 -0.16967484540891573	 -0.6418839639099859	 0.22775190429669792	 
-0.07700351786678557	 0.9381036745237813	 -0.337686176917442	 0.04275825995138443	 
0.6594505550270431	 0.3019469203029547	 0.6884424614984795	 0.05200373172176714	 
0.0	 0.0	 0.0	 1.0	 
28	 29	  37
0.6514088635104684	 0.4425424954767192	 -0.6162975192528678	 -0.1838987869184765	 
-0.5300168962915109	 0.8466425854801212	 0.047732819915124416	 -0.228301387400893	 
0.5429075263666128	 0.29555451637350116	 0.7860654843368413	 0.11151597192254166	 
0.0	 0.0	 0.0	 1.0	 
28	 30	  37
0.3790231468807707	 0.006168679071709583	 -0.9253666308696833	 0.009780210219544254	 
-0.5658186198936396	 0.7928181769631383	 -0.22646992660947923	 -0.28510065449537164	 
0.7322504650119762	 0.6094270142316932	 0.30398679381576577	 0.15629934149436325	 
0.0	 0.0	 0.0	 1.0	 
29	 30	  37
0.9495104731090044	 -0.048625125899043116	 -0.30994428303747673	 0.09402877333536136	 
-0.11305386310793714	 0.8685165056088817	 -0.48259496839617716	 -0.0070850018012754085	 
0.29265796673366856	 0.493269375307486	 0.8191682598166725	 -0.11493241329834455	 
0.0	 0.0	 0.0	 1.0	 
30	 31	  37
0.9478792925937116	 0.1795032273981489	 -0.2632554615306078	 -0.005715495061730918	 
0.1252410984823376	 0.5498175481015687	 0.8258421950049029	 0.2588243393549475	 
0.292983811708057	 -0.8157691187788534	 0.498679487169655	 0.521605681160858	 
0.0	 0.0	 0.0	 1.0	 
31	 32	  37
0.7817146774393634	 0.29639627464487883	 -0.5486997461749997	 0.09451525726890703	 
-0.46941550665356624	 0.8588976222812007	 -0.20480223766568942	 -0.45465266577829017	 
0.41057428705296023	 0.4176650845071153	 0.8105458851876415	 0.14154235027784662	 
0.0	 0.0	 0.0	 1.0	 
31	 33	  37
0.8855022551131637	 0.047315527869958365	 0.462219641525421	 -0.748838705049665	 
0.2666993680061035	 0.7628405219883455	 -0.5890210396222636	 0.026834352763274658	 
-0.38046971403075736	 0.6448531451694521	 0.6628779811325899	 -0.19449276850054223	 
0.0	 0.0	 0.0	 1.0	 
31	 34	  37
-0.026891016487497196	 -0.5806461310204203	 0.8137118309102342	 -2.3771755686164555	 
0.9295416495334596	 0.2849225211670875	 0.2340330718390164	 -0.7084885313039995	 
-0.3677352240605795	 0.7626724247426333	 0.5320729062095803	 0.9141479207763661	 
0.0	 0.0	 0.0	 1.0	 
32	 33	  37
0.9052680296265988	 0.09834959649798847	 -0.41330031624069413	 0.2216304889088312	 
-0.18461922837230957	 0.9672467022398443	 -0.17421124395790014	 -0.020000441125307102	 
0.3826297623698239	 0.23401105502695543	 0.8937747429156758	 -0.04363407104614059	 
0.0	 0.0	 0.0	 1.0	 
32	 34	  37
-0.6694005612483573	 -0.4398546294415685	 0.5986908998466605	 -1.3259130648023862	 
0.4603523725510198	 0.3869106860352938	 0.7989842389674184	 -0.8450154405966329	 
-0.5830768231434265	 0.8104492741624973	 -0.05651010814403729	 2.0201243015694024	 
0.0	 0.0	 0.0	 1.0	 
32	 35	  37
-0.5134546153664958	 -0.04973021917708503	 0.8566745375342041	 -1.447594587120914	 
0.4324530396113033	 0.8472819465494967	 0.30837910367312626	 -0.9849955841173802	 
-0.7411806301366679	 0.5288101817778245	 -0.4135348415288807	 2.0591276786768042	 
0.0	 0.0	 0.0	 1.0	 
32	 36	  37
-0.5243524477871259	 -0.2817140922156882	 0.8035494264491383	 -1.3384198615510372	 
0.3872709118357131	 0.7615358124737661	 0.5196964952410736	 -1.060145007856819	 
-0.7583374917182871	 0.5836954484720698	 -0.2902134939788374	 2.069914135735608	 
0.0	 0.0	 0.0	 1.0	 
33	 34	  37
0.9219571814249845	 0.23302799757463258	 -0.3093427031065317	 0.0776449409694647	 
-0.015553862288522112	 0.8203666867021568	 0.571626256147524	 0.02578606724619069	 
0.38697937023413614	 -0.5222034581422091	 0.7599674435905194	 0.2638048800125466	 
0.0	 0.0	 0.0	 1.0	 
33	 35	  37
0.8550728906763442	 -0.046445320048016436	 -0.516423454033642	 0.19159839814280774	 
-0.03816133812321585	 0.987641815754621	 -0.15201103922268613	 0.18821381976831653	 
0.5171015992075884	 0.14968792876699452	 0.842733326787544	 0.09435604506782959	 
0.0	 0.0	 0.0	 1.0	 
33	 36	  37
-0.8483151061782209	 -0.09587505174669715	 0.5207393350635237	 -0.43533587157197495	 
0.19043960922652894	 0.8624117706168167	 0.4690188622424615	 -0.6143550886029766	 
-0.49405893966963094	 0.49704518140118253	 -0.7133385253709384	 2.749064176345923	 
0.0	 0.0	 0.0	 1.0	 
34	 35	  37
0.9772160691276017	 0.1215780042046804	 -0.17397569695910312	 0.036127491425333585	 
-0.20361791902106988	 0.7683516666320166	 -0.6067746364486012	 0.057581166941695995	 
0.059904067410551765	 0.6283744944516844	 0.775601055588672	 -0.18609825734718716	 
0.0	 0.0	 0.0	 1.0	 
34	 36	  37
0.9833911795874948	 0.11219478821801891	 -0.14266785694832487	 -0.05518004113936447	 
-0.15984088909081945	 0.9077267923816578	 -0.38792133296218945	 -0.02223916246164761	 
0.08598068436672399	 0.40428257430814285	 0.9105838358034969	 -0.16918477384052985	 
0.0	 0.0	 0.0	 1.0	 
35	 36	  37
0.9875526920954726	 0.018555089507879263	 -0.1561902333321108	 0.13304729922918646	 
0.009022309385920009	 0.9846996856188556	 0.17402622525203545	 0.05802751667727163	 
0.15702954584513534	 -0.1732692638510421	 0.9722754156802428	 0.04504299357274013	 
0.0	 0.0	 0.0	 1.0	 
