0	 1	  37
0.9921715823370298	 0.015158319873626409	 0.12395876952213596	 -0.031897632588029655	 
-0.005733573748083616	 0.9970884847483715	 -0.07603735735986158	 -0.1288950391642532	 
-0.12475046025930538	 0.07473137842168293	 0.989369770987716	 -0.002139221970728367	 
0.0	 0.0	 0.0	 1.0	 
0	 2	  37
0.9139547272521725	 -0.1773568477286444	 0.36500863701721586	 -0.09750547184325388	 
0.1581286440527848	 0.9839929884939164	 0.0821774331847823	 -0.17341364694868389	 
-0.37374067006874556	 -0.017388132693594033	 0.9273702412618141	 -0.1640470909294169	 
0.0	 0.0	 0.0	 1.0	 
1	 2	  37
0.9706232441065364	 -0.13111498515792278	 0.20174087009612188	 0.0839256514052735	 
0.10675017072424124	 0.9861047221614833	 0.12728659780656182	 0.04310554324670247	 
-0.21562680503696197	 -0.10201145816947116	 0.9711327115032683	 -0.189626342733691	 
0.0	 0.0	 0.0	 1.0	 
1	 34	  37
0.7407135548569188	 -0.3028433436601102	 0.5996910361611135	 -1.6607344892918132	 
0.10487852133326865	 0.9338162629216165	 0.3420346223206875	 -0.6100088670267589	 
-0.6635841509666829	 -0.1904549718539063	 0.7234521257705688	 0.19981816624249937	 
0.0	 0.0	 0.0	 1.0	 
1	 37	  37
0.4486012260380479	 -0.5834953439209652	 -0.6769712871457061	 1.82970627104578	 
0.1860327030729935	 -0.6799104928176104	 0.709304980346162	 -2.5470159815734275	 
-0.8741560349185471	 -0.44413388226870104	 -0.19645946461398972	 2.647927831954181	 
0.0	 0.0	 0.0	 1.0	 
1	 38	  37
-0.17310244380422402	 -0.8639794937485602	 0.4728371583653164	 -0.9473368670599109	 
-0.08220858086287325	 0.49108395333548516	 0.8672244807481532	 -2.117847100100604	 
-0.9814669088571035	 0.1112474051759082	 -0.15603436051110425	 2.076118457405842	 
0.0	 0.0	 0.0	 1.0	 
1	 50	  37
-0.6856571163140599	 0.26011449965828676	 -0.6798637848241422	 1.6504039293318942	 
0.48077639797664595	 0.8630968361051355	 -0.15465415175127645	 0.35133233306301764	 
0.5465604943613196	 -0.43290218129829744	 -0.7168453999508446	 3.0899787354794026	 
0.0	 0.0	 0.0	 1.0	 
2	 34	  37
-0.6697306106459137	 -0.6435767320541264	 -0.3704995264806462	 0.5127651010862704	 
-0.6626577877555848	 0.7431256870017946	 -0.09299929916394646	 -0.15468543637613127	 
0.3351799001890262	 0.18322991916344486	 -0.924165153656332	 4.696881609007981	 
0.0	 0.0	 0.0	 1.0	 
2	 36	  37
0.6687989870052259	 -0.7203121432148956	 -0.18400633499406285	 -0.48461484087119283	 
-0.6305624316767947	 -0.4184908503751308	 -0.653648550759616	 2.048689159650763	 
0.39382602090089347	 0.5531869706432562	 -0.7340880333937515	 4.531682564319717	 
0.0	 0.0	 0.0	 1.0	 
2	 37	  37
0.43340042941809154	 -0.5770885953487955	 0.6921942075014557	 -2.183125733593353	 
0.511286804567434	 0.7899548721464725	 0.338462853866229	 -0.7103642680170195	 
-0.7421252396027477	 0.20721981828581032	 0.6374245646773894	 1.2855893203349016	 
0.0	 0.0	 0.0	 1.0	 
2	 38	  37
-0.18304414366369048	 -0.4550290749841227	 0.8714604881401794	 -2.3420400127746714	 
0.3346603752626762	 0.8046556671064643	 0.49044030281217205	 -0.9257816896322973	 
-0.9243902177649168	 0.3814155192340025	 0.004992693459976378	 2.0314101858274145	 
0.0	 0.0	 0.0	 1.0	 
3	 4	  37
0.6800687411840426	 0.2172772686830477	 -0.7002121791128637	 0.1889845854658091	 
-0.19542208047628842	 0.9742442069156916	 0.1125097140407616	 0.03890850260104506	 
0.7066234624796077	 0.06032258121839384	 0.7050138072892475	 0.3088182503510231	 
0.0	 0.0	 0.0	 1.0	 
3	 6	  37
0.8093910548706199	 0.04061301928546449	 -0.5858640652574135	 -0.40771334059019143	 
-0.004113274935853961	 0.9979734596767753	 0.06349846258036963	 -0.5369357549051575	 
0.5872556523906151	 -0.048985267635147135	 0.8079178437749632	 0.11335669286387705	 
0.0	 0.0	 0.0	 1.0	 
3	 31	  37
-0.30722343929218954	 -0.9134588752638528	 0.26684572612499374	 -1.3876211098241964	 
0.38480514024048834	 -0.3757052991871291	 -0.8430720800780959	 3.1622216744681926	 
0.8703670274050915	 -0.1563278969487098	 0.46692914477639674	 2.7692555436111985	 
0.0	 0.0	 0.0	 1.0	 
3	 47	  37
0.5959723238899259	 -0.30978134721757655	 0.7408458045189322	 -2.8211829989623025	 
0.03782371703665924	 0.9323972867648812	 0.3594505057209107	 -0.49008282463318825	 
-0.802113679964861	 -0.18620101113997986	 0.5674000598023203	 1.3223853056511117	 
0.0	 0.0	 0.0	 1.0	 
4	 6	  37
0.996664574777416	 0.005715303725298743	 -0.08140676069639183	 0.23419352965893436	 
-0.010116064450603994	 0.9985032071986755	 -0.053749515848883746	 0.00777651590797957	 
0.0809777168348383	 0.05439375439593936	 0.9952305907973942	 -0.036589395052515766	 
0.0	 0.0	 0.0	 1.0	 
4	 7	  37
0.9983823973275912	 -0.05070230329654977	 -0.025726739918550505	 0.6067037507761627	 
0.0494105104476141	 0.9975963235134029	 -0.04858165054676597	 0.014123403029818188	 
0.028128102739400584	 0.04723189338748291	 0.9984878357212544	 0.5036671422709893	 
0.0	 0.0	 0.0	 1.0	 
6	 7	  37
0.9971141002192745	 -0.04652496609934604	 0.059990821575994384	 0.40099538641658283	 
0.036675891500732964	 0.987087520989479	 0.15592660096812444	 -0.275011913825395	 
-0.06647067117559864	 -0.1532763955614201	 0.9859452299378327	 0.5401715897323782	 
0.0	 0.0	 0.0	 1.0	 
8	 9	  37
0.9815042222457243	 0.05214885150724317	 -0.18420086590537785	 0.24255949602121385	 
-0.03831621838511128	 0.9962265987185233	 0.07787445932002919	 -0.07288703344425061	 
0.18756686573720854	 -0.06937623002295448	 0.9797987597386117	 0.5750941776060517	 
0.0	 0.0	 0.0	 1.0	 
8	 10	  37
0.9223650205721419	 -0.12578501919367496	 -0.3652682545354844	 0.2902902244055711	 
0.15640819070816758	 0.9861394179698514	 0.0553671943074609	 0.11348917121340113	 
0.35324106033182223	 -0.10819971013144859	 0.9292543118130375	 0.28544835508470356	 
0.0	 0.0	 0.0	 1.0	 
8	 24	  37
-0.6763889688729011	 -0.16279801420541057	 0.718327759005475	 -2.052513305747414	 
0.24986388587246477	 0.8667176831776537	 0.4317041767273882	 -0.7248058402360006	 
-0.6928679537428215	 0.47148410814993025	 -0.5455609355867587	 2.8518615292298963	 
0.0	 0.0	 0.0	 1.0	 
8	 26	  37
-0.3535540348841709	 -0.4895936787132435	 0.7970555653034213	 -1.50687591459655	 
0.17325104793129975	 0.8030723415724564	 0.5701393589220433	 -1.108938541106938	 
-0.9192299053054297	 0.33966578274145526	 -0.19910684876921142	 2.961921773287408	 
0.0	 0.0	 0.0	 1.0	 
8	 28	  37
-0.1201052198182307	 -0.24198756923532366	 0.9628170919276383	 -1.700544848810864	 
0.294885801751784	 0.9173692137963428	 0.26735012531114893	 -0.7895131507171836	 
-0.9479541656101422	 0.3160312356623301	 -0.03882213270956362	 3.143836917720201	 
0.0	 0.0	 0.0	 1.0	 
8	 29	  37
-0.2770235140841814	 -0.4274620492561165	 0.8605429501717	 -2.1108813124602293	 
0.41041478035391965	 0.7571466837674098	 0.5082210221223223	 -0.526122701587766	 
-0.8688024405533721	 0.49396871935961273	 -0.03431069195934689	 2.2299160363094193	 
0.0	 0.0	 0.0	 1.0	 
9	 10	  37
0.8650700297527749	 0.14086411938232823	 -0.4814676972489167	 0.324731720021155	 
-0.13576860049476414	 0.9896899019429374	 0.045615623550176114	 -0.03212423451962586	 
0.48292932272044364	 0.025907486617180123	 0.8752759972682638	 0.022881729650576967	 
0.0	 0.0	 0.0	 1.0	 
9	 29	  37
-0.5566895430878513	 -0.47424487224793943	 0.6820473251638588	 -1.7919373201365358	 
0.574191255889658	 0.3736660581691912	 0.7284765463844085	 -1.3013993417050227	 
-0.6003342021545139	 0.7971608859689704	 0.06429127160562938	 1.716364946283898	 
0.0	 0.0	 0.0	 1.0	 
10	 11	  37
0.9059638768262156	 0.09485996687013844	 -0.4125906452785978	 0.17064781104477963	 
-0.08129483248501423	 0.9954173746779265	 0.050352759611935895	 -0.2659800992403098	 
0.4154763580485018	 -0.012076293914120313	 0.9095238089396297	 0.6252484560184992	 
0.0	 0.0	 0.0	 1.0	 
11	 12	  37
0.9912022676595578	 0.053844514536838396	 -0.12090836547089163	 0.208431553580965	 
-0.032317461796939805	 0.9843188816293713	 0.1734125743160141	 -0.28005720380962024	 
0.1283497029585724	 -0.1679794854206793	 0.9773992256126716	 0.8639156498608116	 
0.0	 0.0	 0.0	 1.0	 
11	 15	  37
0.343580544285653	 0.42596248864662056	 -0.8369637792965429	 1.3955234994259211	 
-0.2958436714647936	 0.8949343110020523	 0.3340196117678019	 -0.7535523281687356	 
0.891307428243816	 0.13284779733687446	 0.43350032422148727	 2.237918983609558	 
0.0	 0.0	 0.0	 1.0	 
11	 17	  37
0.38511179832859216	 0.573076206012505	 -0.7233758116570054	 1.11559977617042	 
-0.2748283764763018	 0.8194860244274831	 0.5029035884256935	 -1.0070269027966703	 
0.8809984485068733	 0.005130094575400667	 0.4730913398680318	 2.0948928099877224	 
0.0	 0.0	 0.0	 1.0	 
12	 13	  37
0.9780279329579645	 0.1463779459310704	 -0.14844143390229778	 0.5094333432648541	 
-0.13361329965398747	 0.9866934943521872	 0.09264682595017973	 -0.1940500049752413	 
0.1600276492033282	 -0.07077743389011587	 0.984571839096765	 0.39429561339394303	 
0.0	 0.0	 0.0	 1.0	 
12	 14	  37
0.8143344135988759	 0.25862165116993563	 -0.5195905160553953	 1.1016293532022834	 
-0.28207111159246395	 0.958750101302448	 0.035130204348079154	 -0.4202856190322464	 
0.5072428913583384	 0.11795374007924557	 0.853692898159374	 0.8448843044445544	 
0.0	 0.0	 0.0	 1.0	 
12	 15	  37
0.3788548153673095	 0.38958385540919205	 -0.8394602125637108	 1.4210254146509886	 
-0.48670928677686465	 0.8553789400706117	 0.17731593004812776	 -0.555411621961073	 
0.7871360105078137	 0.341396087394373	 0.5136785108155257	 1.2879573487665623	 
0.0	 0.0	 0.0	 1.0	 
12	 16	  37
0.6356895000380556	 0.2944889331619249	 -0.7135650830768816	 1.2960183832058316	 
-0.31566456935609316	 0.9427219626783785	 0.10784795193724066	 -0.8877071539977688	 
0.7044535039266949	 0.15668940400989617	 0.6922381753966075	 1.248022251656048	 
0.0	 0.0	 0.0	 1.0	 
12	 17	  37
0.4805905213407868	 0.5474440652190726	 -0.6850822915926272	 1.0524920398924402	 
-0.39304113553167325	 0.832820889691729	 0.38977946517620476	 -0.9056696517461807	 
0.7839332985511981	 0.08194120544324188	 0.615413862594226	 1.0216247363681	 
0.0	 0.0	 0.0	 1.0	 
12	 18	  37
0.651265022767579	 0.5233529998022457	 -0.5495047840715628	 0.9438415586657332	 
-0.37993647515551393	 0.8517114654721345	 0.3608820505784578	 -0.9047314980851598	 
0.6568882286705613	 -0.02625294614514937	 0.7535307809590476	 1.2405719547922107	 
0.0	 0.0	 0.0	 1.0	 
12	 21	  37
0.18606403373273378	 0.6805843397428148	 -0.7086502182656408	 0.4811235180969704	 
-0.45366372149601514	 0.6992689351702795	 0.5524601199219804	 -1.1507129908882	 
0.8715327894861385	 0.21869593686820052	 0.43886522310140946	 1.756996297220392	 
0.0	 0.0	 0.0	 1.0	 
13	 14	  37
0.9429913052079032	 0.10394803122131234	 -0.3161680013972126	 0.5595995865552529	 
-0.1396877666574939	 0.9858656440807901	 -0.09250005225625467	 -0.14283848269906638	 
0.30208397201529313	 0.13139154701266548	 0.9441829988011234	 0.2450452976673056	 
0.0	 0.0	 0.0	 1.0	 
13	 15	  37
0.6401639411642565	 0.28237012015884966	 -0.7144629057372561	 0.9369750070842963	 
-0.3785754632928044	 0.9251924689659803	 0.02644832624708636	 -0.3129345875898689	 
0.6684839168040506	 0.2535468607774723	 0.6991732563279317	 0.5551878189944363	 
0.0	 0.0	 0.0	 1.0	 
13	 16	  37
0.831703964888531	 0.246941688688656	 -0.4972809238009158	 0.6864631826857398	 
-0.25674422847941825	 0.965190722311966	 0.04989259168866602	 -0.7636671709975039	 
0.492291494880021	 0.08617814079277018	 0.8661538039622612	 0.4999883734536293	 
0.0	 0.0	 0.0	 1.0	 
13	 17	  37
0.6485633238168537	 0.4146682699830607	 -0.6382913448174674	 0.810544309256092	 
-0.35235479945646897	 0.9068764361011641	 0.23113032026206431	 -0.6565405813841384	 
0.6746937900259851	 0.07500237005393966	 0.734277150799795	 0.486610051129987	 
0.0	 0.0	 0.0	 1.0	 
13	 18	  37
0.8250433067874262	 0.4017750522211222	 -0.3973416028280758	 0.5906927972201916	 
-0.31251032640603454	 0.9102778361881001	 0.27153555353637326	 -0.7758231248857702	 
0.47078746565181984	 -0.09985523700550492	 0.8765774887753575	 0.6427766645395009	 
0.0	 0.0	 0.0	 1.0	 
14	 15	  37
0.8783860091891796	 0.18859658687681427	 -0.43916892681418274	 0.45173737289753835	 
-0.17566889965600851	 0.9819342638955578	 0.07032452688455064	 -0.12197975515282017	 
0.44449798262123996	 0.015376241618320264	 0.8956478742448631	 0.1728193698183325	 
0.0	 0.0	 0.0	 1.0	 
14	 16	  37
0.9716128881758442	 0.0723075251756064	 -0.22525544906522102	 0.33839452000643666	 
-0.06412805069053483	 0.9969962325877124	 0.04342931406942692	 -0.41710877889653647	 
0.22771910030831302	 -0.027751288418518094	 0.9733313296847508	 0.21011619944350568	 
0.0	 0.0	 0.0	 1.0	 
14	 17	  37
0.8893694022302733	 0.2827299053865775	 -0.3592852167521826	 0.28178476071725994	 
-0.21155728887816552	 0.951160565217815	 0.22480456556094683	 -0.37307964405864535	 
0.4052969033919284	 -0.12392489570147955	 0.9057466755811419	 0.15707420516486287	 
0.0	 0.0	 0.0	 1.0	 
14	 18	  37
0.9696513784007562	 0.17571252906631976	 -0.17000385729338807	 0.2401411905280337	 
-0.12056632524303539	 0.9485608817247098	 0.2927388168300057	 -0.4693603086626113	 
0.21269688663190014	 -0.2633578568996163	 0.9409583803900876	 0.3987785830613864	 
0.0	 0.0	 0.0	 1.0	 
14	 20	  37
0.9745415469462781	 0.18335229717164891	 -0.1290376239607455	 0.30773377244817623	 
-0.15221059405231768	 0.9636243681015839	 0.21968161566017264	 -0.9337938274135613	 
0.16462292772817502	 -0.19444796816295762	 0.9670001444382013	 0.9561317040073803	 
0.0	 0.0	 0.0	 1.0	 
14	 21	  37
0.7033878651806311	 0.500788471071795	 -0.504436733751823	 0.2415125189111937	 
-0.34686241770724935	 0.8612622530947532	 0.3713674656946004	 -0.7137267769562456	 
0.6204288632058593	 -0.08624522384296093	 0.7795061174008585	 1.0281769202497395	 
0.0	 0.0	 0.0	 1.0	 
15	 16	  37
0.9558209909877096	 -0.1598423010720383	 0.24669145095699563	 -0.06913241399596619	 
0.1492928397905926	 0.9869085610636327	 0.061017539171698734	 -0.39813380678403076	 
-0.2532150887576256	 -0.021492577493292836	 0.9671712298958038	 0.10390147879859431	 
0.0	 0.0	 0.0	 1.0	 
15	 17	  37
0.995859116130316	 -0.08095105243272446	 0.04137085846558712	 -0.1498116149622306	 
0.07112151287415787	 0.9771931945866263	 0.200087957808744	 -0.353756451391088	 
-0.05662465211051134	 -0.19631705876876082	 0.9789041123673687	 0.07666276192117456	 
0.0	 0.0	 0.0	 1.0	 
15	 18	  37
0.9632844412594531	 -0.176261260470848	 0.20252173533892487	 0.02475324436701259	 
0.10128164114659434	 0.9371535103614119	 0.3338941856096551	 -0.4912141877032894	 
-0.2486465652168035	 -0.3011233403017947	 0.9205974253338826	 0.3061483012483922	 
0.0	 0.0	 0.0	 1.0	 
15	 21	  37
0.9522678644838656	 0.25629398263990966	 -0.16582915525899536	 0.31173575355424005	 
-0.20676225186038968	 0.9411732114240392	 0.2672870316782731	 -0.5956328367351604	 
0.22457801645966852	 -0.22024164129504373	 0.949240925141087	 0.8298299429030839	 
0.0	 0.0	 0.0	 1.0	 
16	 17	  37
0.9726309749653739	 0.14858634894285827	 -0.17863673599160623	 -0.05452260000861012	 
-0.10128626605481714	 0.9630465201070634	 0.24956460570030412	 -0.11841232586267762	 
0.2091173805463731	 -0.22464081779032624	 0.951738632259885	 -0.02832122929340209	 
0.0	 0.0	 0.0	 1.0	 
16	 18	  37
0.997466153318917	 0.05397154991580625	 0.04635024037530565	 -0.05859746633054365	 
-0.06427188782438578	 0.9629708211807916	 0.2618326220887707	 -0.09342537206840636	 
-0.030502416603484184	 -0.264148195818327	 0.9639996541634596	 0.19400663884472005	 
0.0	 0.0	 0.0	 1.0	 
16	 19	  37
0.942314812814322	 -0.15344802431716992	 0.2974836085969551	 0.25967630304185974	 
0.09015376542124276	 0.9722384887321252	 0.2159273479859478	 -0.44665755098292126	 
-0.32235863898937256	 -0.17665227103275694	 0.9299886467091352	 0.7724006048418381	 
0.0	 0.0	 0.0	 1.0	 
16	 20	  37
0.9932216459558272	 0.05314169223088242	 0.10337660543679568	 0.19089795940752466	 
-0.05493385189966452	 0.9983837590879917	 0.014565078262640417	 -0.3175283296511579	 
-0.10243551103139327	 -0.020145226138450545	 0.9945356383476498	 0.6353733930474922	 
0.0	 0.0	 0.0	 1.0	 
16	 21	  37
0.8016360889332234	 0.45827953791633375	 -0.3838742581198116	 0.12839204623838466	 
-0.3524132959350925	 0.8809596535738421	 0.3157767528226556	 -0.33348606288599264	 
0.48289175781743243	 -0.11785564858014544	 0.8677128536156089	 0.837732898964028	 
0.0	 0.0	 0.0	 1.0	 
17	 18	  37
0.9775831432969594	 -0.0990278187060485	 0.18580820505015302	 0.08165592395471177	 
0.08599800837669896	 0.993319968495816	 0.07694012440016369	 -0.09486134672477611	 
-0.1921862130770023	 -0.0592362330824085	 0.9795690522843851	 0.19759271529874545	 
0.0	 0.0	 0.0	 1.0	 
17	 21	  37
0.929640056011157	 0.30223002020340023	 -0.21077566545364113	 0.3965042065392318	 
-0.2863651538250562	 0.9525821932159941	 0.10286964490343083	 -0.4541322654940242	 
0.2318714405318705	 -0.035272936589662796	 0.9721067096826443	 0.7244987650480663	 
0.0	 0.0	 0.0	 1.0	 
17	 22	  37
0.6160455943428671	 0.6224054381583851	 -0.4828035793587428	 0.3482031763478516	 
-0.5673679287490622	 0.7757806102615781	 0.2761486523037421	 -0.2090259880943067	 
0.5464260783653583	 0.10380710617796235	 0.8310491114183408	 0.763349091310829	 
0.0	 0.0	 0.0	 1.0	 
18	 19	  37
0.947942101741935	 -0.2309564018850439	 0.21923711404184515	 0.37344676087971607	 
0.24012356828767767	 0.9706145064640985	 -0.015752834482937423	 -0.4998944903254553	 
-0.20915650527266902	 0.0675767731529693	 0.9755444305783082	 0.4703514367575124	 
0.0	 0.0	 0.0	 1.0	 
18	 20	  37
0.9968686565054992	 -0.004120856920461099	 0.07896771628432558	 0.2337679503721679	 
0.019827245035154213	 0.9797651607353888	 -0.1991660366715989	 -0.38260653602853406	 
-0.0765490824976799	 0.20010809165897775	 0.9767788847130988	 0.3907551685330918	 
0.0	 0.0	 0.0	 1.0	 
18	 21	  37
0.8900705403943463	 0.3544214827734312	 -0.2866353880294568	 0.04264469897264457	 
-0.3545974946389062	 0.9335065418094743	 0.05316157630024885	 -0.3684209502553499	 
0.2864176145385022	 0.05432263752431821	 0.9565636419676816	 0.47147861140036307	 
0.0	 0.0	 0.0	 1.0	 
19	 20	  37
0.9757640836102757	 0.07538720387651275	 -0.20542936164988823	 -0.014598620907953405	 
-0.1112178073036072	 0.9793420483724475	 -0.16887791930337354	 0.14571844909432838	 
0.18845437770128112	 0.1876324113295467	 0.9639911958850472	 -0.12545600770134788	 
0.0	 0.0	 0.0	 1.0	 
20	 21	  37
0.8834747273586567	 0.28999686749589715	 -0.3679323619377817	 -0.20911540056082467	 
-0.19874546547584443	 0.943208241461733	 0.2661925115239981	 0.022227080611952364	 
0.42423183057302183	 -0.16204946800662895	 0.8909362063848517	 0.08698009686355909	 
0.0	 0.0	 0.0	 1.0	 
21	 22	  37
0.8360282852548949	 0.4373576707692077	 -0.33132306601426714	 -0.09368832402930806	 
-0.41183899624120046	 0.8991949887063344	 0.14777352083663906	 0.10449277175755187	 
0.36255392347732396	 0.012908915707738512	 0.9318733886459306	 0.04481503767869612	 
0.0	 0.0	 0.0	 1.0	 
22	 23	  37
0.9587409065660303	 -0.05399671342832201	 -0.279106125006036	 0.03907007763783815	 
-0.06699283894876189	 0.9112303930032896	 -0.4064125125985354	 -0.1331349414353455	 
0.27627492395534303	 0.4083424124506407	 0.8700164599520285	 -0.14503025789027738	 
0.0	 0.0	 0.0	 1.0	 
23	 31	  37
0.9851754238194637	 0.12312346315191615	 -0.11945709323275044	 -0.8127161982751563	 
-0.10590027070960062	 0.9843081271871361	 0.1411475944427857	 -0.3240899141066081	 
0.13496116836250555	 -0.12640460266473916	 0.9827549844490211	 0.7046975221594027	 
0.0	 0.0	 0.0	 1.0	 
23	 32	  37
0.9515073359894196	 -0.1651455513335337	 0.2595394698943871	 -0.8082391945701527	 
0.08678893856261022	 0.9535235414967044	 0.2885490182876335	 -0.5216758867024319	 
-0.2951295812037344	 -0.25203135258599246	 0.9216174518813017	 0.6757608745564927	 
0.0	 0.0	 0.0	 1.0	 
23	 42	  37
0.6447858781851394	 -0.7123175369818534	 0.27722715920544794	 -1.8470993267031115	 
0.6751169400356596	 0.7007963267581947	 0.23043789983227198	 -0.8033827800731602	 
-0.358424732084582	 0.03857764780706995	 0.9327612108786302	 0.6276747315203296	 
0.0	 0.0	 0.0	 1.0	 
24	 25	  37
0.8172652805304489	 0.058126526034032414	 -0.5733225690749508	 0.09372085138721484	 
-0.11644133859204327	 0.991034774716785	 -0.06550946472796282	 0.10620569792086867	 
0.5643747654762571	 0.12029705845641459	 0.816706643673451	 0.10274637178619082	 
0.0	 0.0	 0.0	 1.0	 
24	 26	  37
0.7776286710251319	 0.14281064293028967	 -0.6122897763849442	 0.17029821797113828	 
-0.15382324570083972	 0.9874797481692179	 0.03495934835944773	 0.14106765035481264	 
0.6096163212068282	 0.06699900910831184	 0.7898601608492212	 0.1484528721228583	 
0.0	 0.0	 0.0	 1.0	 
24	 28	  37
0.5951104330226661	 0.13158773334071885	 -0.7927977301568332	 0.19720765992063916	 
-0.14927473557737175	 0.9874358487875369	 0.05184108262317615	 0.06094969826983248	 
0.789658550150558	 0.08749350240725978	 0.6072760996537164	 0.16744354136942102	 
0.0	 0.0	 0.0	 1.0	 
24	 29	  37
0.9584752036728709	 0.11816730610048441	 -0.2595414643427957	 0.05752228977972561	 
-0.06748809698057075	 0.9782470874547977	 0.19615808077197894	 0.1131660107890704	 
0.27707515354175927	 -0.17049669690395566	 0.9456004630046726	 0.040029025674919345	 
0.0	 0.0	 0.0	 1.0	 
24	 30	  37
0.9973449650640888	 0.039261873445649235	 -0.061331280394653014	 -0.15441573323603422	 
-0.047518892027457696	 0.9890715545496086	 -0.13956867442697068	 -0.030793384790218314	 
0.055181297210128565	 0.14211250921138763	 0.9883112157432242	 0.3959467095379255	 
0.0	 0.0	 0.0	 1.0	 
24	 31	  37
0.9508327549679044	 -0.03880537612858728	 0.30726408000881456	 -0.27179980210647986	 
-0.00814528626988243	 0.9886426435380637	 0.1500645783976027	 -0.21619354535355437	 
-0.30959768473250304	 -0.1451890703930134	 0.939717727536672	 0.8884226085924183	 
0.0	 0.0	 0.0	 1.0	 
25	 26	  37
0.9976441091343083	 0.05734154688904856	 -0.03765871094424861	 0.034481999487268884	 
-0.05391774308529641	 0.9948025492735982	 0.08637571961689718	 0.07954547186830678	 
0.04241589902618463	 -0.08414175514641853	 0.9955506298278756	 0.011837582012072632	 
0.0	 0.0	 0.0	 1.0	 
25	 27	  37
0.872678521540361	 0.1961557248048532	 -0.4471634261301039	 0.15295800016129898	 
-0.21516200818797296	 0.9765416470281851	 0.008468875486031608	 0.05950614041248296	 
0.4383349270531025	 0.08882197501610802	 0.8944121804177253	 0.11043437138055706	 
0.0	 0.0	 0.0	 1.0	 
25	 28	  37
0.9635744583347858	 0.05937234797130272	 -0.2607665383848131	 -0.020817538139945916	 
-0.03795424120064469	 0.995535530607885	 0.08642038458696832	 -0.02677421900547069	 
0.2647333353012176	 -0.07337527917255754	 0.9615260420740783	 -0.023678171305521252	 
0.0	 0.0	 0.0	 1.0	 
25	 29	  37
0.9263048214717798	 -0.20979128937572816	 0.3129648424666972	 -0.12603729823970075	 
0.15947789776277094	 0.9708757065166921	 0.1787936313767391	 0.3199544240652814	 
-0.34135930900343464	 -0.11570642764247586	 0.9327839217948147	 -0.039385339656023866	 
0.0	 0.0	 0.0	 1.0	 
26	 27	  37
0.9332630501103402	 0.09593696442926833	 -0.3461447358473658	 -0.013282286460786748	 
-0.12437388038001186	 0.9903682231274603	 -0.060843409656066466	 -0.062206582950749705	 
0.33697361495815	 0.09983427004518443	 0.9362061211862385	 0.04115638011241908	 
0.0	 0.0	 0.0	 1.0	 
26	 28	  37
0.9760388658246265	 -0.011885592124840453	 -0.21727140884068946	 0.008074932284987506	 
0.006254038943117206	 0.9996268934133435	 -0.026588737497004824	 -0.06890105928882745	 
0.21750636633596318	 0.024592817338169995	 0.9757490322509658	 -0.014567749106555198	 
0.0	 0.0	 0.0	 1.0	 
26	 29	  37
0.9306221243740528	 -0.2150279780181314	 0.296151026158884	 -0.014220591700911403	 
0.15926540667999348	 0.9664997860395034	 0.20127765355510996	 0.037543393627134776	 
-0.32951023028212983	 -0.14014682392058891	 0.9336926024577837	 -0.044822402821629116	 
0.0	 0.0	 0.0	 1.0	 
27	 28	  37
0.9842878162114344	 -0.006534392233266543	 0.1764505499449257	 -0.052909944596446004	 
-0.0035121320514714684	 0.9983927690221241	 0.056564509127074995	 0.014979408816505403	 
-0.17653656784410965	 -0.05629547479572185	 0.9826828886936749	 -0.015666625633058723	 
0.0	 0.0	 0.0	 1.0	 
28	 29	  37
0.8500481175020207	 -0.24654413545180412	 0.4654397782802772	 -0.007251866265464717	 
0.15781011671851572	 0.9623020885455121	 0.22151897761193007	 0.12047934517277345	 
-0.5025078755527718	 -0.11485068417414235	 0.8569102376282896	 -0.10354226523944242	 
0.0	 0.0	 0.0	 1.0	 
29	 30	  37
0.9696917971544118	 -0.08207069114526494	 0.2301352215250545	 -0.1141033428356487	 
0.1383875139308431	 0.9607361808093583	 -0.2404888497870312	 -0.38822373036780444	 
-0.201362147682945	 0.26504790612035994	 0.9429755526744713	 0.35336712137709053	 
0.0	 0.0	 0.0	 1.0	 
29	 31	  37
0.7422474844984749	 -0.2019565454506968	 0.6389696592994899	 -0.1624945692739543	 
0.21743938276593802	 0.9744991401922878	 0.055421481276299596	 -0.550902773041062	 
-0.6338681144986341	 0.09780071325973021	 0.7672328420419927	 0.8938420803910785	 
0.0	 0.0	 0.0	 1.0	 
30	 31	  37
0.8937438026592125	 -0.11598908219882577	 0.4333226834807104	 -0.17306944305071928	 
-0.0036559424882668546	 0.9640767947819967	 0.2655985087446728	 -0.058388992613308564	 
-0.4485628710590883	 -0.23896122399574685	 0.8612136112101814	 0.5551966391041688	 
0.0	 0.0	 0.0	 1.0	 
30	 32	  37
0.6867045507460093	 -0.41248140276937495	 0.5985782758788781	 -0.0028602940553043112	 
0.10139088226286402	 0.869724510445959	 0.48301052258050736	 -0.3511808212578507	 
-0.71983105585872	 -0.2709951444194982	 0.6390656325623955	 0.5233016680603146	 
0.0	 0.0	 0.0	 1.0	 
31	 32	  37
0.9198256590296827	 -0.22275368885928565	 0.32295750663235967	 0.039347365001944384	 
0.16029000278234812	 0.9647181188568014	 0.20886853797886404	 -0.22413031062644995	 
-0.3580891955904907	 -0.14035578096029386	 0.9230776688623666	 -0.06872197972166327	 
0.0	 0.0	 0.0	 1.0	 
31	 33	  37
0.9695246295483468	 -0.0805681012142305	 0.23136718385690266	 -0.029266298076406377	 
0.08925937795363768	 0.9956334304411008	 -0.027328293679180573	 -0.5787546964787905	 
-0.22815511422378842	 0.04714714471544818	 0.9724825914116461	 0.43892223512729905	 
0.0	 0.0	 0.0	 1.0	 
31	 47	  37
-0.0977599570235821	 -0.16277167235517795	 0.9818087255068814	 -2.267392308004635	 
0.7688078144588104	 0.6141023094094729	 0.1783617055452794	 -0.6341809485002264	 
-0.6319632388278739	 0.7722588531422947	 0.06510551830323738	 2.0407246220361075	 
0.0	 0.0	 0.0	 1.0	 
31	 48	  37
0.5994779632173423	 -0.2855089142286737	 0.7477371406535528	 -2.2442934939631907	 
0.44180503965807494	 0.8970349239953548	 -0.011689827431369131	 -0.7616152142075355	 
-0.6674087791972132	 0.33736183101917744	 0.6638919463450919	 1.5126810405988278	 
0.0	 0.0	 0.0	 1.0	 
33	 34	  37
0.8924210960882115	 0.16310198081525132	 -0.4206926801251198	 -0.3878302232951078	 
-0.10603942908562258	 0.9820791930301429	 0.15580788842821353	 -0.6640536022100383	 
0.438566103040249	 -0.09443623494932807	 0.8937234308177697	 0.6284210495554088	 
0.0	 0.0	 0.0	 1.0	 
33	 36	  37
0.8450802582397642	 0.11310605799039358	 -0.5225383974209817	 -0.3628211868503542	 
-0.10278197902116332	 0.9935049487841411	 0.048823985190832114	 -0.30238680315593675	 
0.5246667722677957	 0.012447344588112747	 0.8512166831605208	 0.9757168404637129	 
0.0	 0.0	 0.0	 1.0	 
33	 38	  37
0.9632924646930341	 -0.2190231049369281	 0.15523049626090565	 -0.9707345134480427	 
0.2409160567678495	 0.9604054476599807	 -0.13993151788093527	 -0.20495522637189859	 
-0.11843597872711634	 0.1721924957970573	 0.977917513563455	 1.184530937546846	 
0.0	 0.0	 0.0	 1.0	 
33	 41	  37
0.8974752363646225	 0.21822091203293575	 -0.3832986220478479	 0.6029901503752503	 
-0.16443677964334816	 0.9719208184857846	 0.1683165710631238	 -0.6364514712902454	 
0.40926610611286907	 -0.08803156334767882	 0.908158410323757	 1.7255230171419282	 
0.0	 0.0	 0.0	 1.0	 
33	 42	  37
0.21218112518195728	 -0.5990744053630709	 0.7720680196429595	 -1.916352713589695	 
0.49568496603463563	 0.746855825831426	 0.4432863519993597	 -0.45762278100622317	 
-0.8421850061380571	 0.2886455131481198	 0.45542088574822503	 0.9801955588382054	 
0.0	 0.0	 0.0	 1.0	 
33	 47	  37
-0.5456903648777868	 0.7961885438699822	 0.26135383733503004	 -2.1526786286321413	 
0.6475130959519708	 0.5985975048896613	 -0.4716013334486732	 1.4404117025672043	 
-0.5319293338877287	 -0.08811827137472399	 -0.8421913998609151	 3.512583831350622	 
0.0	 0.0	 0.0	 1.0	 
33	 48	  37
0.9846632174781407	 -0.07342023300641635	 -0.15826502308115933	 0.03924984860770609	 
0.044923461814286254	 0.9832497951386178	 -0.17664009436842318	 0.23416239053517568	 
0.16858300840896406	 0.1668211909355302	 0.9714681978997736	 0.6143713758765601	 
0.0	 0.0	 0.0	 1.0	 
34	 35	  37
0.9543613673216959	 0.08723938476135028	 -0.2856285530375498	 -0.2285472494528395	 
-0.13522323522925483	 0.9789599785861571	 -0.15281373295853895	 -0.12891807196827415	 
0.266287546118847	 0.18446314014743176	 0.9460783755635429	 0.03233108202075976	 
0.0	 0.0	 0.0	 1.0	 
34	 36	  37
0.99739489538044	 -0.07091579180751859	 0.01320504227005857	 -0.06267365778878808	 
0.06941351786563596	 0.9933567834407884	 0.09178270169093872	 -0.07795179783925613	 
-0.01962616127923118	 -0.09062698971323878	 0.9956914996769619	 0.3588356781409481	 
0.0	 0.0	 0.0	 1.0	 
34	 37	  37
0.9656582977100152	 -0.22142155506764605	 0.13592846285903504	 -0.1705025171935221	 
0.17435141749837108	 0.940136960360502	 0.292820899152407	 -0.43348020631480166	 
-0.1926282307454012	 -0.25906561083158236	 0.9464562187467287	 0.7461428283187465	 
0.0	 0.0	 0.0	 1.0	 
35	 50	  37
0.6236297158871508	 0.6794800064398313	 -0.3865137750598778	 0.5085428594261623	 
-0.7783932749277707	 0.5853255060887972	 -0.22693162289357627	 1.4654343429153829	 
0.07204087041208584	 0.44238102668448565	 0.8939290465243028	 0.5364018036377706	 
0.0	 0.0	 0.0	 1.0	 
36	 37	  37
0.9594934864920289	 -0.1751228875544678	 0.22069033425584397	 -0.27042665138723604	 
0.12678270555713372	 0.9679335969990249	 0.21686562053986985	 -0.39546471545914497	 
-0.25159172273940966	 -0.18010143268479287	 0.950928535166498	 0.3910905839645031	 
0.0	 0.0	 0.0	 1.0	 
36	 48	  37
0.39049968676482794	 -0.21695837407468457	 0.8946725985272156	 -1.8507619654631369	 
0.47181349880425827	 0.8816632481819933	 0.007870143026712616	 0.16852205937775083	 
-0.7905074427117403	 0.41904532060869776	 0.4466531118141891	 0.6077560608889294	 
0.0	 0.0	 0.0	 1.0	 
36	 49	  37
0.7849479840509577	 0.04360788078375076	 0.6180250925875809	 -2.1023537661031955	 
0.10231062110469327	 0.9747016898878667	 -0.19871877751966346	 0.36175785449691833	 
-0.6110558068977903	 0.2192144348880512	 0.7606285771604974	 0.6278429544978004	 
0.0	 0.0	 0.0	 1.0	 
37	 38	  37
0.9020141168906116	 -0.2012858939963854	 0.3819090491309757	 -0.08218050005618348	 
0.26119020707545787	 0.958820799767548	 -0.111545280765251	 -0.02691636986680944	 
-0.3437298483663145	 0.2003663215492937	 0.9174438012929592	 0.011405006936875076	 
0.0	 0.0	 0.0	 1.0	 
37	 49	  37
-0.9721881947615449	 -0.08163866583290094	 0.21951137147608504	 -1.2270800089531075	 
-0.1462683560243058	 -0.5203552518203065	 -0.8413298876950537	 2.0535414636612517	 
0.18290894453862755	 -0.8500385521516357	 0.4939420794624763	 0.8747973494046795	 
0.0	 0.0	 0.0	 1.0	 
38	 39	  37
0.9497653522548549	 -0.12473221939304617	 0.2870324878850754	 0.2875325234630155	 
0.14982844808693555	 0.9864319669374481	 -0.0671074567226102	 0.05181447863450076	 
-0.2747675595845902	 0.10674196948343051	 0.9555673394118943	 -0.05067814661617643	 
0.0	 0.0	 0.0	 1.0	 
39	 40	  37
0.9080308345040481	 -0.16965898113269332	 0.38300892118970076	 -0.09731592194351012	 
0.17918975917755198	 0.983753623979734	 0.010947032138053411	 0.10868717352666764	 
-0.3786436765559051	 0.05869103362317726	 0.9236797761001756	 -0.013447379926084123	 
0.0	 0.0	 0.0	 1.0	 
40	 41	  37
0.9977931543551465	 0.01265458025954555	 0.06518192019617898	 -0.23509643212705314	 
-0.02110220607449121	 0.991211527242943	 0.13059251571013936	 0.16359096359186603	 
-0.06295647719493287	 -0.1316798004979048	 0.9892911159613414	 -0.44526648031983723	 
0.0	 0.0	 0.0	 1.0	 
41	 42	  37
0.9765691070482241	 -0.11228720917328817	 0.18358747728292213	 -0.03560149185970242	 
0.11875489932560994	 0.9926191287953511	 -0.02458737553545752	 0.31960004908906203	 
-0.17947159397853793	 0.04581318375349737	 0.9826958324675906	 -0.41911289034192517	 
0.0	 0.0	 0.0	 1.0	 
41	 43	  37
0.727238920145777	 -0.1722529481710775	 0.664418900146269	 -0.5375447409159058	 
0.2778159101710417	 0.9590326190479318	 -0.05545047932976882	 0.0067431136909832075	 
-0.6276478894101701	 0.22491188818832547	 0.7453004558367866	 -0.20091715148184938	 
0.0	 0.0	 0.0	 1.0	 
41	 44	  37
0.6189052383087055	 0.5763854342341597	 -0.5336067252169372	 1.47754765404129	 
-0.744268657790755	 0.6474646954085227	 -0.16387078211169093	 0.015697483627206802	 
0.25103878390478485	 0.4985672466199996	 0.8297049051158842	 -0.38506078348009837	 
0.0	 0.0	 0.0	 1.0	 
41	 45	  37
-0.9444149351084244	 0.19946894143122929	 -0.2613284748137034	 0.8848453698693809	 
-0.00327913644987483	 0.7891462946219767	 0.6141965263240661	 -1.99627180531844	 
0.32873952851504584	 0.5809133042793141	 -0.7446274607500016	 4.1139930068651065	 
0.0	 0.0	 0.0	 1.0	 
41	 46	  37
0.9270638965121764	 -0.025118920794827894	 0.3740609196397878	 0.001657194579676417	 
0.13352448993929997	 0.9544487850711463	 -0.2668308963794521	 0.5602622463449581	 
-0.3503194861410225	 0.29731558400849983	 0.8881890007963257	 -0.5266533464079626	 
0.0	 0.0	 0.0	 1.0	 
41	 47	  37
0.9928451979308442	 -0.07116547705365095	 0.09588476323894826	 0.15669375723858894	 
0.0927847343139189	 0.9652383990770912	 -0.24434775633385522	 0.8462161221590957	 
-0.07516253071816024	 0.251496138783123	 0.9649353792628922	 -0.7770144390197518	 
0.0	 0.0	 0.0	 1.0	 
41	 48	  37
0.13685073287339386	 0.15882413478364774	 0.9777764423027585	 -2.3903172271140756	 
0.4873581888940215	 0.8485446263361973	 -0.20604371583210582	 0.5812989852216541	 
-0.8624116607687734	 0.5047245895794943	 0.03871971130907019	 1.0573040920219967	 
0.0	 0.0	 0.0	 1.0	 
42	 43	  37
0.9081598691557625	 -0.04195161847618345	 0.4165161626662481	 -0.22053196638492142	 
0.11553393523743087	 0.9814406754241426	 -0.15305590622891763	 0.01264614241678233	 
-0.4023649610285927	 0.187120983137196	 0.8961518709494661	 -0.1624742493315147	 
0.0	 0.0	 0.0	 1.0	 
42	 44	  37
0.9583374278785405	 -0.024751559122287627	 0.28456411342289584	 -0.08991595344831181	 
0.10594160158203463	 0.95598226570727	 -0.27363165881788565	 0.29982567326487053	 
-0.26526543570804023	 0.29237863802646435	 0.918775805430472	 -0.10511955483548924	 
0.0	 0.0	 0.0	 1.0	 
42	 45	  37
0.9102323328218936	 -0.0754370643714546	 0.40716869919559046	 -0.3744173579508843	 
0.17159182448034105	 0.9635883321633176	 -0.2050701633349492	 0.04498202972147987	 
-0.3768731166548233	 0.2565283131307964	 0.8900336389739134	 -0.0009916679079581346	 
0.0	 0.0	 0.0	 1.0	 
42	 46	  37
0.9850288140609843	 0.0337326944501969	 0.16905721160228776	 0.08680412477385788	 
0.009613191443180872	 0.9683940486355558	 -0.2492399508857142	 0.22720256452414397	 
-0.17212153270258723	 0.24713371257755606	 0.9535717624215527	 -0.16699673146709304	 
0.0	 0.0	 0.0	 1.0	 
42	 47	  37
0.987891325725505	 0.054796165287941824	 -0.14514857500520592	 0.3973814629696745	 
-0.0898266775351894	 0.9648087127185939	 -0.24713420618214588	 0.5986372303416815	 
0.12649860299344975	 0.257179952819085	 0.9580483157485734	 -0.32608277167302335	 
0.0	 0.0	 0.0	 1.0	 
42	 48	  37
0.8033358590090653	 0.07381685055925508	 -0.5909336428091393	 0.5297020783793029	 
-0.21222600385444354	 0.9626258621579127	 -0.16826043145287678	 0.5890566367456379	 
0.5564275522636709	 0.26058112379496556	 0.7889777290922804	 -0.4138655365024095	 
0.0	 0.0	 0.0	 1.0	 
43	 44	  37
0.9975235576862924	 -0.0596747423895621	 -0.03722468242473965	 -0.08053956914635294	 
0.05516589514874012	 0.9921516262699904	 -0.11221352192250703	 0.28050064692893084	 
0.04362884221844014	 0.10988209868105947	 0.9929866305827708	 0.05691515333437274	 
0.0	 0.0	 0.0	 1.0	 
43	 45	  37
0.9936953448140348	 -0.058603278270045925	 0.09557833159728188	 -0.4015241299419124	 
0.0737041264821853	 0.983864974742511	 -0.16302580536349054	 0.35043008252806607	 
-0.08448232616597613	 0.16904250131526177	 0.9819813487610972	 0.0905726223732926	 
0.0	 0.0	 0.0	 1.0	 
43	 46	  37
0.985013979154836	 0.03003160260304785	 -0.169839817812694	 0.08404236699263894	 
-0.0647574011069134	 0.9770762546179375	 -0.20280155735018823	 0.49901309891673684	 
0.15985599729580013	 0.2107607541903285	 0.9643785380345666	 0.04250019696041839	 
0.0	 0.0	 0.0	 1.0	 
43	 47	  37
0.8969219733644931	 0.032648506946684905	 -0.44098191424376665	 0.3665097271047322	 
-0.03817160282238622	 0.9992645088602693	 -0.003656510661225624	 0.37819025024776975	 
0.4405381963393353	 0.020112591240264138	 0.8975085410399654	 -0.08405953760200782	 
0.0	 0.0	 0.0	 1.0	 
44	 45	  37
0.9876901796207904	 -0.024291686233428166	 0.15452515348831644	 -0.43029763789145703	 
0.030784600093016912	 0.9987347251237754	 -0.0397650251986634	 0.02905544293995822	 
-0.15336367717867241	 0.04403251993554311	 0.9871882898973032	 0.045755038180246135	 
0.0	 0.0	 0.0	 1.0	 
44	 46	  37
0.9756081134401376	 0.10406553715743246	 -0.19328521145165398	 0.341494657681005	 
-0.10278045529792391	 0.9945639961425525	 0.016692381067648396	 -0.03461326666310528	 
0.1939716138988562	 0.0035807196331243477	 0.9810006072619843	 0.011911421636290827	 
0.0	 0.0	 0.0	 1.0	 
44	 47	  37
0.886974033671794	 -0.06727761771357228	 -0.456892531944628	 0.5636309994000073	 
0.1322945287666948	 0.984885105705036	 0.11180110115190132	 -0.03968559147413443	 
0.4424649378768727	 -0.1596090558682867	 0.8824679756424301	 -0.1256183997657024	 
0.0	 0.0	 0.0	 1.0	 
45	 46	  37
0.9999549708467049	 -0.003721578008378722	 0.008729612596975706	 0.016461321037910752	 
0.0029654104397330455	 0.9963690001912091	 0.08508831764052502	 -0.11091364542251526	 
-0.00901457818700629	 -0.08505859930129633	 0.9963351705450393	 0.020813337236889932	 
0.0	 0.0	 0.0	 1.0	 
45	 47	  37
0.9240548761963374	 0.059379100741913556	 -0.37761979314232624	 0.45797250628029174	 
0.05532358476508538	 0.9566866564091903	 0.28581452450381867	 -0.36884641521710887	 
0.3782352267392767	 -0.2849995856903748	 0.8807459051337129	 -0.022292096110257415	 
0.0	 0.0	 0.0	 1.0	 
46	 47	  37
0.9718149151704899	 0.04474514368103122	 -0.23145980810745026	 0.11817919604555656	 
-0.019076738696886468	 0.9935284773479554	 0.11196982959415165	 0.0450421623750005	 
0.2349720168293763	 -0.10439845217059687	 0.9663793843473272	 -0.1987918246215501	 
0.0	 0.0	 0.0	 1.0	 
46	 48	  37
0.6839359093918372	 0.2786199261361822	 -0.6742422477153363	 0.3600595489136009	 
-0.1590025233239548	 0.9589104082332779	 0.23496601149634921	 -0.300160253876547	 
0.7120041217724624	 -0.053495474030574905	 0.7001345333843116	 -0.19342840567360367	 
0.0	 0.0	 0.0	 1.0	 
47	 48	  37
0.8801651898504631	 0.14321407800469632	 -0.4525471980211162	 0.084409276608102	 
-0.1696787255852796	 0.9853315400629231	 -0.01819027874946561	 0.11169413633118552	 
0.44330392357755366	 0.09279808197636846	 0.8915549042668399	 -0.15480195274960318	 
0.0	 0.0	 0.0	 1.0	 
48	 49	  37
0.8390167127944895	 0.20045570587369343	 -0.5058344251177533	 0.1053636883110129	 
-0.1786359092261541	 0.979613198302717	 0.09190861573360178	 -0.04659915820277308	 
0.5139456854439721	 0.013247327798500711	 0.8577204327283596	 -0.0653044362424787	 
0.0	 0.0	 0.0	 1.0	 
48	 50	  37
0.7051505925956455	 0.33923549577103884	 -0.6226410845511139	 0.13677547142439753	 
-0.32831131730317115	 0.934530805459389	 0.13734574102637107	 0.10728595630971191	 
0.628469824806781	 0.10757068400081868	 0.7703598037611575	 -0.2955231380742422	 
0.0	 0.0	 0.0	 1.0	 
49	 50	  37
0.9645562753289416	 0.11646214402377399	 -0.23678631871994585	 0.08353506180731878	 
-0.10725753038927834	 0.9928998777638997	 0.05143593015806306	 0.026429156275700787	 
0.24109544561926335	 -0.024215733435470618	 0.9701992498223393	 -0.1130442322010955	 
0.0	 0.0	 0.0	 1.0	 
49	 51	  37
