1	 2	  37
0.874966560571454	 -0.09733364211500055	 0.474299146103374	 -0.17456652120886995	 
0.0612657932046735	 0.9939684313101679	 0.09095746336505928	 -0.05025137056412532	 
-0.48029159941098587	 -0.05052642547650701	 0.8756523624497367	 0.28058511207688713	 
0.0	 0.0	 0.0	 1.0	 
2	 3	  37
0.8347547731879027	 -0.14882409993807136	 0.5301281504670696	 -0.5786080625637381	 
0.14829693886433093	 0.9879705638830643	 0.043842705482766205	 -0.0024130569355883006	 
-0.5302758589295592	 0.04201847424886564	 0.8467833024205871	 0.14174456668378319	 
0.0	 0.0	 0.0	 1.0	 
2	 5	  37
0.6976461189295634	 -0.16463743303211276	 0.6972692509978575	 -1.0572236582377725	 
0.10805129894470608	 0.9862847115975903	 0.1247693250170878	 -0.12589033036677622	 
-0.7082477035182527	 -0.01170398707511194	 0.7058669896996649	 0.2569909176152845	 
0.0	 0.0	 0.0	 1.0	 
2	 7	  37
0.8498520595194425	 -0.1002970746064928	 0.5173895763889548	 -0.9007172922990088	 
0.10702646768172958	 0.9941123338878912	 0.016911618123132924	 -0.13014815060742868	 
-0.5160395451379035	 0.04100200528450529	 0.8555828559622473	 0.3264313287718258	 
0.0	 0.0	 0.0	 1.0	 
3	 4	  37
0.9548250797051729	 -0.033395254816654334	 0.2952860039381148	 -0.40765233226186287	 
0.008131899985898264	 0.9962296622810792	 0.08637321456299589	 0.09404414140380368	 
-0.29705713148926294	 -0.08007007522824443	 0.951496633564362	 -0.35812256951752874	 
0.0	 0.0	 0.0	 1.0	 
3	 5	  37
0.9781228390357738	 -0.0019133171562712148	 0.2080193524027404	 -0.4512413229405196	 
-0.0070057178115287295	 0.9990875410692321	 0.04213081055685959	 -0.0333049607506977	 
-0.2079101528895142	 -0.042666432915024644	 0.977216937955828	 -0.16897509350234532	 
0.0	 0.0	 0.0	 1.0	 
3	 6	  37
0.9871149156602055	 0.03223516146328037	 0.15673237587231978	 -0.4685253349616661	 
0.004899575209535849	 0.9729498064989289	 -0.23096464707063363	 -0.07804677951065714	 
-0.15993791746772232	 0.22875657017697354	 0.960255327585823	 -0.010984398770712151	 
0.0	 0.0	 0.0	 1.0	 
3	 7	  37
0.9984550685524805	 0.025343013934420403	 -0.04944904171547622	 -0.29626177634753775	 
-0.02682940137177442	 0.9992007935822109	 -0.029630344694437205	 -0.08084377548050647	 
0.048658599485510885	 0.03091125603075212	 0.9983370347466375	 -0.017567575838993536	 
0.0	 0.0	 0.0	 1.0	 
3	 38	  37
0.4210806852644379	 -0.5058649493800179	 0.7528557029643758	 -2.1725588586487143	 
0.3593179237693317	 0.8551548028856936	 0.37363202855165994	 -0.5432341068479976	 
-0.8328155174799093	 0.11318531746778537	 0.541855513725189	 1.3869726487459075	 
0.0	 0.0	 0.0	 1.0	 
3	 39	  37
0.11782058395478268	 -0.3517613810614398	 0.9286453794588673	 -2.211968635760679	 
0.2797854010333172	 0.909033028340657	 0.30883504133184264	 -0.6889252826318714	 
-0.9528055622031075	 0.22343429499421902	 0.20552050130158886	 1.4285245968098232	 
0.0	 0.0	 0.0	 1.0	 
3	 40	  37
0.10645962019393321	 -0.5408686995643588	 0.8343424950820388	 -1.8079345251230714	 
0.30940928242009524	 0.8154709689829448	 0.48915538911300754	 -0.8151023132189505	 
-0.9449509221226492	 0.2060780157551392	 0.2541645258528015	 1.5343716393430444	 
0.0	 0.0	 0.0	 1.0	 
3	 41	  37
-0.12370227947823233	 -0.5021313326019456	 0.8558982830169036	 -1.6654134637936984	 
0.2167623190044759	 0.828020001328472	 0.5171044134986669	 -0.763448977262242	 
-0.9683552256851263	 0.24949349133673288	 0.006415190481704789	 1.7740749284425894	 
0.0	 0.0	 0.0	 1.0	 
3	 45	  37
-0.30567539380503095	 0.06926695197673956	 0.9496128911224787	 -2.1166702929877466	 
0.2354555863413913	 0.9718727511066436	 0.004901277082066615	 -0.6214664311817722	 
-0.9225633964572683	 0.22508985987879537	 -0.3133868767146666	 2.180869211639433	 
0.0	 0.0	 0.0	 1.0	 
3	 46	  37
0.08619350105987922	 -0.2544930750350513	 0.9632258069291144	 -2.390328484959096	 
0.25881083905767305	 0.9393510529349347	 0.22502566283935732	 -0.7817959972358104	 
-0.9620746488507549	 0.229897529584884	 0.14683152226093507	 1.531928315478441	 
0.0	 0.0	 0.0	 1.0	 
3	 47	  37
-0.14945464177531456	 -0.47840480701730653	 0.8653277706595031	 -1.7208607023798617	 
0.19686776116991184	 0.8432373497611293	 0.5001938190139623	 -0.7003140043897412	 
-0.9689718234622504	 0.24511142892684606	 -0.0318432527496944	 1.795878933840025	 
0.0	 0.0	 0.0	 1.0	 
4	 5	  37
0.9952247853352768	 0.02751259447888148	 -0.09365192896781419	 -0.09957046930722871	 
-0.03352369883479485	 0.9974358053868719	 -0.06322954806635606	 -0.09303224512486802	 
0.09167217828101355	 0.0660671724632003	 0.9935951592333427	 0.16532919651360967	 
0.0	 0.0	 0.0	 1.0	 
4	 6	  37
0.9907521397357373	 -0.02543356194205302	 -0.1332791489168416	 -0.17565528603217143	 
-0.020331924585556858	 0.9433553723284751	 -0.3311604661514574	 -0.13987614923268835	 
0.13415219137869164	 0.33080776204004503	 0.9341142404022923	 0.29606528420928524	 
0.0	 0.0	 0.0	 1.0	 
4	 7	  37
0.9457701921514675	 0.001333701559459507	 -0.3248337495980461	 -0.056085829460585546	 
-0.046243516265589424	 0.9903594927711569	 -0.13057416391251345	 -0.1484987505211053	 
0.32152804052083833	 0.13851460687670486	 0.936714162826965	 0.3342325285546903	 
0.0	 0.0	 0.0	 1.0	 
4	 38	  37
0.6952955694602145	 -0.49455948506969927	 0.5215122115699592	 -2.1748937054146786	 
0.4012381318989839	 0.8691056732168364	 0.2892460722162417	 -0.6581714853128013	 
-0.5962986102610083	 0.00813907303711665	 0.802721447882693	 0.9790145195014853	 
0.0	 0.0	 0.0	 1.0	 
4	 39	  37
0.3607970013744059	 -0.3465657202100833	 0.8658624171163125	 -2.3186456820488055	 
0.3433526380474913	 0.9125485949355203	 0.22218016974301713	 -0.7434158733118662	 
-0.8671415626903514	 0.21713420609492634	 0.4482390509521242	 1.2466579263642956	 
0.0	 0.0	 0.0	 1.0	 
4	 40	  37
0.3813674449157107	 -0.4467026192300972	 0.8093303663717515	 -2.061750362036429	 
0.2924973926459821	 0.8888262322992629	 0.35275090938507836	 -0.7591702189599102	 
-0.8769288153856989	 0.10219930894907339	 0.46962874059896237	 1.4486857796325823	 
0.0	 0.0	 0.0	 1.0	 
4	 41	  37
0.1622228536678475	 -0.5588994992386768	 0.8132128230042953	 -1.8383364898517143	 
0.30552533360823236	 0.8120794781659411	 0.49717320087200106	 -0.9844411201544746	 
-0.9382632979454311	 0.16780426363024595	 0.30249580631154616	 1.5642823535703456	 
0.0	 0.0	 0.0	 1.0	 
4	 46	  37
0.36660242290432377	 -0.30015666837631877	 0.8806296826418628	 -2.4945891567889076	 
0.3279134876674727	 0.9274757449845985	 0.17961482976363127	 -0.9472513801011364	 
-0.8706752598566433	 0.22292311879769783	 0.4384402752702743	 1.1414160070079233	 
0.0	 0.0	 0.0	 1.0	 
4	 47	  37
0.1466649433292856	 -0.504218752998628	 0.8510304598090045	 -1.965769555237116	 
0.2962624271013011	 0.8432316918890298	 0.4485408432707218	 -0.868915131162025	 
-0.9437785591367622	 0.18634313220098175	 0.27305359985772726	 1.6227695473656005	 
0.0	 0.0	 0.0	 1.0	 
5	 6	  37
0.9991060327667547	 -0.017815901602753134	 -0.03833704395432815	 -0.06263109258059638	 
0.007005983515979691	 0.9640991258242292	 -0.26545016816707784	 -0.060981401302825956	 
0.041689944639551786	 0.2649442757166817	 0.9633620707090941	 0.14563528754414387	 
0.0	 0.0	 0.0	 1.0	 
5	 7	  37
0.973884587240529	 -0.006265842172363384	 -0.22695715445258588	 0.04013634500666727	 
-0.005789432657299934	 0.998608744789679	 -0.05241237734627288	 -0.10250201303674969	 
0.2269698068132644	 0.05235755963996548	 0.9724933895629809	 0.15717162684305738	 
0.0	 0.0	 0.0	 1.0	 
5	 38	  37
0.5657391432682047	 -0.5457918063432871	 0.6181023587583935	 -2.0022220233677706	 
0.40165859954140165	 0.8370543813179181	 0.3714974187405838	 -0.639474248694197	 
-0.720145534727945	 0.03809549638748611	 0.6927764011327129	 1.1717323879738026	 
0.0	 0.0	 0.0	 1.0	 
5	 39	  37
0.2466866378857077	 -0.36907722276043126	 0.8960623339523284	 -2.039955390853545	 
0.3133723257556762	 0.9053411068354627	 0.28662739876783977	 -0.6902790733165302	 
-0.9170297095182495	 0.21009398828473613	 0.3389941414648472	 1.369712171639439	 
0.0	 0.0	 0.0	 1.0	 
5	 40	  37
0.28317329846148964	 -0.5043347630777789	 0.8157569060631487	 -1.7796254468583097	 
0.2877509473988272	 0.8560628527138975	 0.4293667249268645	 -0.6934328395447616	 
-0.9148837496149541	 0.11314963081966033	 0.3875369475751402	 1.4501259440877985	 
0.0	 0.0	 0.0	 1.0	 
5	 45	  37
-0.024239030425018886	 -0.06613857662502184	 0.9975159938998827	 -2.0540675904552335	 
0.25552483863458714	 0.9642546908499131	 0.07014234109799007	 -0.8374398342027125	 
-0.9664985909171434	 0.2565902957166438	 -0.006472549669347988	 1.6691429309438064	 
0.0	 0.0	 0.0	 1.0	 
5	 46	  37
0.3097540870754551	 -0.28224328237342483	 0.9079598752671426	 -2.2327567388704996	 
0.2762581954450382	 0.9404465171296928	 0.19809532520501538	 -0.7727713454268035	 
-0.9097987771971898	 0.18947052006500847	 0.369279172221766	 1.1839620102736306	 
0.0	 0.0	 0.0	 1.0	 
6	 7	  37
0.9806926455554097	 0.021450496958017266	 -0.1943754386073153	 0.12132455115733223	 
0.013638207274158674	 0.9840434852550954	 0.17740467420378694	 0.054686330363463515	 
0.1950793024794767	 -0.17663039179953932	 0.9647516625727379	 0.020821334814937302	 
0.0	 0.0	 0.0	 1.0	 
6	 46	  37
0.13374736252311625	 -0.2496218688868865	 0.9590623366557189	 -2.2512238625292436	 
0.1208426896407475	 0.9646434550254356	 0.23422222148417157	 -0.22560580587293685	 
-0.9836201946780577	 0.08456906792680405	 0.15918349591427966	 1.5302760284577188	 
0.0	 0.0	 0.0	 1.0	 
7	 38	  37
0.3549093577421224	 -0.5317966183544514	 0.7689159281051752	 -1.7742504661763785	 
0.36829371873654776	 0.835479807018082	 0.4078397096951608	 -0.48282206468864536	 
-0.8593015096729891	 0.13844077712797612	 0.49237695590058156	 1.543293163784864	 
0.0	 0.0	 0.0	 1.0	 
7	 46	  37
0.09122530895313756	 -0.18684979838208268	 0.978143698978315	 -2.0294461984865224	 
0.1738127602628527	 0.9701495534566653	 0.16911229493340132	 -0.4911998412361476	 
-0.9805442709925001	 0.15458653490006402	 0.12097907195618017	 1.5932984102529761	 
0.0	 0.0	 0.0	 1.0	 
8	 9	  37
-0.5309374944462336	 -0.27772311742478867	 0.8006092973723284	 -2.0868065938653864	 
-0.2766043705884132	 -0.8362267610024982	 -0.4735132800193236	 1.576367598749214	 
0.8009965038391512	 -0.4728579852673818	 0.3671647131824204	 1.9435268043575158	 
0.0	 0.0	 0.0	 1.0	 
8	 35	  37
0.7675294546693779	 -0.6366869346659139	 -0.07435242726804535	 -1.730347712425993	 
0.6379739231183162	 0.7700163094891959	 -0.008009777878583701	 -0.6055358460129797	 
0.06235230257137448	 -0.04128716927039191	 0.9971998596157571	 -0.025797652572987547	 
0.0	 0.0	 0.0	 1.0	 
8	 36	  37
-0.8613215702214936	 0.029287243079030145	 -0.5072153488056238	 0.29984057751087617	 
-0.1807734219766857	 0.9153374725561844	 0.35983090645648463	 -1.002787522703231	 
0.474811670642182	 0.4016211756460136	 -0.7831055539930067	 3.734444982654576	 
0.0	 0.0	 0.0	 1.0	 
8	 37	  37
0.7897665918423655	 -0.4311143555177635	 0.43635896103574684	 -1.4392684752315446	 
0.3262902871045153	 0.8976335007954401	 0.2962916583216183	 -0.5899871540712911	 
-0.5194260091205926	 -0.09162156250700526	 0.8495893774835154	 0.9990222147454586	 
0.0	 0.0	 0.0	 1.0	 
8	 38	  37
-0.0759666571835224	 -0.5555776326905233	 0.8279870536731573	 -1.0248908922656275	 
0.48035176378614375	 0.7072866923405362	 0.5186595394529298	 -0.7400324894103268	 
-0.8737798635948889	 0.4371258730525776	 0.21314249009552233	 1.355429786160188	 
0.0	 0.0	 0.0	 1.0	 
9	 10	  37
0.8362899399095917	 0.15563026626931323	 -0.525736014200048	 0.30612942126290155	 
-0.22727790309769375	 0.9710073844956231	 -0.07409057982282895	 -0.19638259156753246	 
0.4989628154176683	 0.18144938543822686	 0.8474150278078412	 0.42971870751311975	 
0.0	 0.0	 0.0	 1.0	 
9	 11	  37
0.8494210829830172	 -0.02015406878978214	 -0.5273306716806581	 0.2680227593675242	 
-0.11959657036757582	 0.9659182133299326	 -0.2295618990900353	 -0.7017952466938558	 
0.5139849065296282	 0.2580616567193328	 0.8180609373335226	 0.2698115684457538	 
0.0	 0.0	 0.0	 1.0	 
9	 32	  37
-0.6084388023306635	 0.7925905656579099	 0.04003022668559585	 -1.3512461532910316	 
-0.7740024641199563	 -0.5815170574301649	 -0.2505156630911447	 -0.1453001648847705	 
-0.17527809148510654	 -0.18340694411017985	 0.9672845928151148	 0.5713945366755406	 
0.0	 0.0	 0.0	 1.0	 
9	 33	  37
-0.8549436853189558	 -0.15223357345076396	 -0.4958792534959025	 1.494294908086323	 
-0.3632797236691356	 0.8580996574260659	 0.36289505410813383	 -1.3186582891536263	 
0.37026900667503765	 0.4903977131264785	 -0.7889302539871328	 3.841943549475031	 
0.0	 0.0	 0.0	 1.0	 
9	 35	  37
0.8447362200861989	 -0.26425584496710514	 0.4653918422955016	 -1.8049789060641375	 
0.19352243546594675	 0.9615760583744293	 0.1947319977107598	 -0.39557852052283343	 
-0.49896872191131275	 -0.07443340890901214	 0.8634175595807475	 0.12715957804915828	 
0.0	 0.0	 0.0	 1.0	 
9	 36	  37
0.5505746207952104	 -0.41077831698959394	 0.7267246804859502	 -1.4719847991482986	 
0.41981028324679787	 0.8887060538424242	 0.1842847686165904	 -0.5324859475204796	 
-0.721544810123705	 0.20362397735783283	 0.6617479601997448	 0.504677828140779	 
0.0	 0.0	 0.0	 1.0	 
9	 37	  37
-0.9284935751834688	 -0.08355982143735607	 0.36182514711442887	 -0.5537321084237204	 
-0.2439701678946586	 -0.5973082219329201	 -0.7640035635969152	 2.0434781719491277	 
0.2799611366251989	 -0.797646942107027	 0.5342107428036581	 1.2144635062605182	 
0.0	 0.0	 0.0	 1.0	 
10	 11	  37
0.9987134264533124	 -0.03796635458460815	 -0.03361618273152662	 0.08828026672200977	 
0.023169061393663138	 0.9313095855343527	 -0.3634909221507033	 -0.021498263055342755	 
0.045107498445605396	 0.36224440894427656	 0.9309910320580927	 -0.025970545149750085	 
0.0	 0.0	 0.0	 1.0	 
10	 12	  37
0.9384834693204126	 -0.0601636095928484	 -0.3400428177348861	 0.18523481078494808	 
-0.04579609498836048	 0.9543246919398265	 -0.29524074928398925	 -0.061870672200364824	 
0.3422740064570179	 0.29265119585389304	 0.8928626893700659	 0.36019361920841214	 
0.0	 0.0	 0.0	 1.0	 
10	 32	  37
0.9741069921171996	 0.11569502011391862	 0.19424270959091913	 -0.8603952545823363	 
0.05215522345086554	 0.7209840067802571	 -0.6909861754289132	 0.8059095616521214	 
-0.21998954651340255	 0.6832252368640426	 0.6962814625831287	 1.453320837700338	 
0.0	 0.0	 0.0	 1.0	 
10	 33	  37
0.977231483613856	 -0.17604668681084432	 0.11843222321980795	 -1.0683321241050712	 
0.21011485639747926	 0.8805647617820921	 -0.4248028335930847	 0.30221618714834736	 
-0.02950211102495272	 0.44001507289020403	 0.8975056328929084	 -0.3239456869123887	 
0.0	 0.0	 0.0	 1.0	 
10	 35	  37
0.18632700163379531	 0.8474853678964395	 0.4970420501965574	 -1.3253006739864026	 
0.24315644994879565	 0.4503853819223358	 -0.8590855304327805	 2.7528064043487843	 
-0.9519228904225695	 0.2809298114335844	 -0.122152575647967	 2.5877282989280253	 
0.0	 0.0	 0.0	 1.0	 
10	 36	  37
0.1400224550933613	 -0.23859091947436248	 0.9609724684994904	 -1.4026984691099869	 
-0.48591466818514006	 0.8290687812201306	 0.276643979238101	 -0.8636955573365559	 
-0.8627170146184386	 -0.5056869873257013	 0.00015341871933100313	 1.367889340963525	 
0.0	 0.0	 0.0	 1.0	 
11	 12	  37
0.9441255748191456	 -0.025853158755389696	 -0.32857040821532585	 0.161616543024982	 
0.05583247956909209	 0.995055965889144	 0.08213622205573565	 0.056525723360068184	 
0.3248224641209163	 -0.09589180846553506	 0.9409012317303156	 0.4015862757944458	 
0.0	 0.0	 0.0	 1.0	 
11	 32	  37
0.9803850688897231	 -0.11602154129774855	 -0.15932394249762774	 0.6509163719819334	 
0.1286488130047979	 0.9891209241882519	 0.0713391915109362	 -0.3774788468177706	 
0.14931376229453522	 -0.09043671426955074	 0.9846454189715096	 -0.4727258588670546	 
0.0	 0.0	 0.0	 1.0	 
11	 33	  37
-0.950014969606618	 -0.26041636674846635	 -0.17220590423346327	 1.0731235801338905	 
0.2529224995447369	 -0.9653336378834276	 0.06450718405565757	 -0.3291039633623087	 
-0.18303487849964303	 0.017728042764954915	 0.9829465650544514	 -0.008118352696951048	 
0.0	 0.0	 0.0	 1.0	 
13	 14	  37
0.9107718043501021	 0.06451481360794838	 -0.40783888881026364	 0.026763277468456748	 
-0.04587772567607482	 0.9974138259801323	 0.055325347088512625	 -0.08841219687353066	 
0.4103534509269418	 -0.03167804553322765	 0.9113761828924126	 0.44752417368563646	 
0.0	 0.0	 0.0	 1.0	 
13	 15	  37
0.9007038416434648	 0.17541100721294958	 -0.3974463085716631	 -0.02090538180297179	 
-0.07654854251564909	 0.9646276783919258	 0.2522573343213873	 -0.06525955766616136	 
0.4276364230130931	 -0.19678521445662828	 0.8822713126265781	 0.5621002041405506	 
0.0	 0.0	 0.0	 1.0	 
13	 16	  37
0.8773593870604556	 0.12916958447687396	 -0.4621208980158481	 -0.19577435089439146	 
-0.024737169828432957	 0.9739806321269262	 0.22527716411237445	 -0.16425624543417616	 
0.47919576204906217	 -0.18621747148886414	 0.8577263403595068	 0.968589928052243	 
0.0	 0.0	 0.0	 1.0	 
14	 15	  37
0.9993641627280981	 0.03489958182685085	 -0.007299961854503887	 -0.010168553234142756	 
-0.03290995568458553	 0.9816638197460582	 0.1877580352965398	 0.040493120852743626	 
0.013718785354573026	 -0.1873984103184683	 0.982188184992319	 0.12488311990057681	 
0.0	 0.0	 0.0	 1.0	 
14	 16	  37
0.9997806285682562	 0.012944797172984112	 -0.016465933493491024	 -0.11854109682571595	 
-0.010489424599063017	 0.989907816539066	 0.14132404864862202	 -0.05457470966676808	 
0.01812916741724032	 -0.14112032802189706	 0.9898264425179544	 0.5516168056719405	 
0.0	 0.0	 0.0	 1.0	 
15	 16	  37
0.9997357060972294	 -0.02193457883488105	 -0.006884199707418108	 -0.0996320749951431	 
0.021533936085669912	 0.9983254982244864	 -0.05368881812342628	 -0.1602807224063561	 
0.008050313716464972	 0.053526384579648624	 0.998533984701021	 0.4141997715033417	 
0.0	 0.0	 0.0	 1.0	 
15	 57	  37
0.5229714227665686	 0.3816215596385977	 0.7621455741448049	 -2.8215870585774687	 
0.08569898676151419	 0.866095993707435	 -0.49247681504003793	 0.4454258491439879	 
-0.8480309986300972	 0.32286640411001954	 0.420238873094226	 1.5617693991413497	 
0.0	 0.0	 0.0	 1.0	 
16	 24	  37
0.9880399925626367	 0.05729488583737795	 -0.1431581962505359	 -0.22844308909235872	 
0.010287311853885909	 0.9018449222887222	 0.4319373882368475	 -0.4237955590218415	 
0.15385429572048379	 -0.4282441268703288	 0.8904694399525593	 1.3380480368350995	 
0.0	 0.0	 0.0	 1.0	 
16	 55	  37
0.7065120180049835	 -0.23176773720682217	 0.6686736755731861	 -1.7527777062939138	 
0.23579868262013826	 0.9679570966229138	 0.08635994657215654	 -0.3582135274443976	 
-0.6672628789983244	 0.09665803167542639	 0.7385238487845194	 0.10306546067623307	 
0.0	 0.0	 0.0	 1.0	 
16	 56	  37
0.7854854104579104	 0.043319422907516975	 0.6173622093688017	 -1.7100712193537364	 
0.1536885114654	 0.9526450798573527	 -0.2623874868722363	 -0.1391073893228059	 
-0.5994935457545126	 0.3009830218177396	 0.7416311139482646	 0.03592089395228683	 
0.0	 0.0	 0.0	 1.0	 
16	 57	  37
0.6615406129590735	 0.13615490605023664	 0.7374454955887817	 -2.689860308003712	 
0.09635690401012333	 0.959794759137275	 -0.2636462921836824	 0.010680106466387205	 
-0.7436930579582656	 0.24547069456672627	 0.6218237480617893	 0.5323250620220895	 
0.0	 0.0	 0.0	 1.0	 
16	 58	  37
0.920346060217417	 -0.09986640556606935	 0.3781399614978439	 -0.5026816121895289	 
0.12366186451751142	 0.9915534261006428	 -0.03910941641253537	 1.104378050955066	 
-0.371040257527846	 0.08275569000008255	 0.9249219551217711	 -0.5234893427675977	 
0.0	 0.0	 0.0	 1.0	 
17	 18	  37
0.9955786448190468	 0.03977402229214541	 -0.08509517689606674	 -0.28903864478339286	 
-0.04177099391774125	 0.9988889956965826	 -0.02181646954471413	 -0.15282048104580875	 
0.08413290704232791	 0.02527452130061721	 0.9961339531035124	 0.3024533818051608	 
0.0	 0.0	 0.0	 1.0	 
17	 19	  37
0.9997967754943848	 -0.018854759908843992	 -0.007134825842992805	 -0.5871875501700318	 
0.018736919376563133	 0.9996925875372304	 -0.01623755755623911	 -0.26611683969925737	 
0.007438787757837674	 0.016100573030046344	 0.9998427056216387	 0.4929246715910606	 
0.0	 0.0	 0.0	 1.0	 
17	 20	  37
0.8573473446041926	 -0.2789674907337114	 0.43258833758421716	 -0.5373724603019562	 
0.17571664575791074	 0.9485374171019391	 0.26343961122270726	 -0.26845915730900993	 
-0.48381731170321807	 -0.14984627947105952	 0.8622452675572956	 0.4804621748979551	 
0.0	 0.0	 0.0	 1.0	 
17	 21	  37
0.8372182027797435	 -0.33974062253546156	 0.42853470143440375	 -0.48397585976026314	 
0.25012098793176235	 0.9347371418077777	 0.25240041030288624	 -0.18116432235075178	 
-0.4863179745087519	 -0.1041286950088371	 0.8675552100849033	 0.46933553979437226	 
0.0	 0.0	 0.0	 1.0	 
17	 22	  37
0.8011072097113812	 -0.3659646672747812	 0.47360014870658973	 -0.6094611645587031	 
0.14430356836948538	 0.8860410900735433	 0.44057651646123996	 -0.3397218889817008	 
-0.5808646302747983	 -0.2846068323279443	 0.7626239127433487	 0.6628383756066929	 
0.0	 0.0	 0.0	 1.0	 
17	 54	  37
0.9430357827904897	 -0.1448303496691122	 0.2995124074081914	 -1.5766306594408648	 
0.11537156892262822	 0.9867704597871005	 0.1139011008545807	 0.6105047696765039	 
-0.3120463322345879	 -0.07285759745062156	 0.9472691576487986	 -0.7790342094455326	 
0.0	 0.0	 0.0	 1.0	 
17	 55	  37
0.941225466115319	 -0.09657813119739256	 0.3236777510278084	 -1.5126717158272296	 
0.12843260432340484	 0.9886071137601716	 -0.07849229751696107	 0.24208091063892	 
-0.31240948782440764	 0.11544972584290775	 0.942905972364206	 -1.0940445567514612	 
0.0	 0.0	 0.0	 1.0	 
17	 56	  37
0.9644853756074074	 -0.09103905848021115	 0.24795130584547231	 -1.4131828428602464	 
0.15784252461729417	 0.9513297740662006	 -0.2646835816547574	 -0.005464094277016386	 
-0.21178691570037286	 0.29442070376620677	 0.9319134892960474	 -1.2144769091706284	 
0.0	 0.0	 0.0	 1.0	 
17	 57	  37
0.9695771776463614	 0.0016554027778971998	 0.2447802202567829	 -1.9801865648953105	 
0.0821342471307568	 0.939806067332475	 -0.33169039970027925	 0.3413372725047312	 
-0.23059501736936946	 0.34170428069708186	 0.911078549038287	 -1.3339705804178135	 
0.0	 0.0	 0.0	 1.0	 
17	 58	  37
0.6551626536837505	 -0.21341870754159287	 0.7247167394847052	 -2.5994103757393474	 
-0.3916170092231832	 0.7243923855354556	 0.5673550826998389	 -2.1706772875041533	 
-0.6460634762197562	 -0.6555212636135669	 0.39101644165599575	 0.05536449566771772	 
0.0	 0.0	 0.0	 1.0	 
18	 19	  37
0.9915708288485168	 -0.06485067093327399	 0.11216809642750085	 -0.30492758574013074	 
0.0671482272760546	 0.9976011566255226	 -0.016824026661364486	 -0.11023207969015822	 
-0.11080797331576922	 0.02421410289321495	 0.9935468133262414	 0.22948344419610486	 
0.0	 0.0	 0.0	 1.0	 
18	 20	  37
0.840362133048751	 -0.2563189563055744	 0.4775898637703413	 -0.21572100167793049	 
0.17742432770030026	 0.9626614188505727	 0.20445928836004992	 -0.05915202835699184	 
-0.5121641272852373	 -0.08708378319195023	 0.8544614218483638	 0.19501822006038214	 
0.0	 0.0	 0.0	 1.0	 
18	 21	  37
0.7836128065801999	 -0.4115389463065301	 0.4653887246554364	 -0.15567128996522014	 
0.2017351252024347	 0.877084327943871	 0.43591974139146966	 -0.1526216641189787	 
-0.5875831078435292	 -0.24770703935931948	 0.7703163726864305	 0.2386720871156327	 
0.0	 0.0	 0.0	 1.0	 
18	 22	  37
0.7701453396638969	 -0.4265253781036535	 0.4742913214760689	 -0.24994951151304703	 
0.23015835118299655	 0.8792816587544393	 0.417002275723725	 -0.15486272199711412	 
-0.5948977132034587	 -0.2119902507465296	 0.7753430495037138	 0.35951452739025896	 
0.0	 0.0	 0.0	 1.0	 
18	 23	  37
0.9594729247742608	 -0.22569586346697926	 0.16873969254156082	 -0.35233675240385076	 
0.1466715518595871	 0.9112528764390624	 0.3848449701589397	 -0.23515247542615447	 
-0.24062244803888622	 -0.34449901653768056	 0.9074256251089365	 0.4905236360304454	 
0.0	 0.0	 0.0	 1.0	 
18	 54	  37
0.9217326059758042	 -0.2174789110503234	 0.32111045814395234	 -1.3517930693243765	 
0.1279031844163396	 0.9521152066437748	 0.27770021370867237	 0.3539238569814994	 
-0.36612809028701043	 -0.21489429151573125	 0.9054118758756918	 -1.1555951537938864	 
0.0	 0.0	 0.0	 1.0	 
18	 55	  37
0.8994604203675982	 -0.113731649819888	 0.42194319999425367	 -1.3928655094230205	 
0.14638573162691298	 0.988171516604478	 -0.04569760767983833	 0.29986562672043204	 
-0.4117549875450183	 0.10286965344966066	 0.9054698584883701	 -1.2474759288228883	 
0.0	 0.0	 0.0	 1.0	 
18	 56	  37
0.9313962659063169	 -0.012394326823385735	 0.3637957895830634	 -1.3532785388664004	 
0.11520113199496615	 0.9580857033391831	 -0.26229846405219487	 0.18352249523053857	 
-0.3452965320457876	 0.28621349674614815	 0.893785286988712	 -1.337475889120717	 
0.0	 0.0	 0.0	 1.0	 
18	 57	  37
0.974479287447694	 -0.11082694983834167	 0.19521143799727658	 -1.4379566225512306	 
0.15703484037120546	 0.9579790938041187	 -0.24003357003517203	 0.19296666293425102	 
-0.1604062880470237	 0.26456273929593604	 0.9509344770967166	 -1.7817684136108027	 
0.0	 0.0	 0.0	 1.0	 
18	 58	  37
0.9949964147023352	 0.09721145248950713	 -0.023066604309675668	 -0.26946662845188823	 
-0.09867180345931793	 0.9198675624905737	 -0.37961499269620114	 0.5640296551120728	 
-0.01568470374551548	 0.37999158014689166	 0.9248569560131362	 -0.9773578651585737	 
0.0	 0.0	 0.0	 1.0	 
19	 20	  37
0.8821510853728783	 -0.24214544181947856	 0.40394931313408994	 0.07740422857135963	 
0.18230657562858582	 0.9664043126748799	 0.18118227541890566	 0.06638015010556182	 
-0.43425082044600855	 -0.08618752490612086	 0.8966593196373551	 -0.026336129656921312	 
0.0	 0.0	 0.0	 1.0	 
19	 22	  37
0.8257411469369254	 -0.39221824788148435	 0.40535959873187893	 0.03395095109522846	 
0.1954494009578037	 0.8730988085045649	 0.44665199233088054	 -0.06264183218855068	 
-0.5291040445134843	 -0.2895916376843227	 0.7976124331169775	 0.14262013106182178	 
0.0	 0.0	 0.0	 1.0	 
19	 23	  37
0.9811921126887694	 -0.1531827302379065	 0.11746101120886686	 -0.12389385666538656	 
0.10340471977920775	 0.9309267913265862	 0.35026100713292263	 -0.09312737823812342	 
-0.1630015396391462	 -0.33152731463221363	 0.9292578424355755	 0.27233900167058067	 
0.0	 0.0	 0.0	 1.0	 
19	 54	  37
0.9540208957177327	 -0.14136291061359135	 0.26431166837048153	 -0.9256988471380061	 
0.06166953300603008	 0.9555083762474541	 0.2884451622401915	 0.47498444188776767	 
-0.2933274607546176	 -0.25888273488938235	 0.9202927416553067	 -1.4964272542466956	 
0.0	 0.0	 0.0	 1.0	 
19	 55	  37
0.9375134044899218	 -0.056522154345651415	 0.34332763138122474	 -0.9514771396713493	 
0.08387596417889176	 0.9943316801024843	 -0.06534012991746305	 0.48264785931453413	 
-0.33768837562874	 0.09005418376009004	 0.9369401287982737	 -1.5625496796041278	 
0.0	 0.0	 0.0	 1.0	 
19	 56	  37
0.9708572614125569	 0.02859404562802354	 0.23794654550367522	 -0.8515342750891925	 
0.03268439397288603	 0.9677829120271733	 -0.24965569406450727	 0.2822314642368666	 
-0.23741926702172939	 0.250157182073248	 0.9386444885599857	 -1.6938146362595885	 
0.0	 0.0	 0.0	 1.0	 
19	 57	  37
0.9857399533384829	 0.008942561689978196	 0.1680380164803986	 -1.175587107178135	 
0.03266148041317727	 0.9694290098280047	 -0.24318845079713974	 0.394417726712055	 
-0.16507565565359889	 0.24520894252517442	 0.9553128296093482	 -2.025655016159138	 
0.0	 0.0	 0.0	 1.0	 
19	 58	  37
0.8398020901308331	 0.01432866668473183	 0.542703545891236	 -1.6480179323169866	 
0.13975213712207415	 0.9602568898394851	 -0.24161135255945929	 0.5367745247976037	 
-0.5245967876204505	 0.27874969924079956	 0.804423281358432	 -1.9889530562017748	 
0.0	 0.0	 0.0	 1.0	 
20	 21	  37
0.9940485264650333	 -0.059859422248939934	 0.09101855086035253	 0.004004435672245162	 
0.040637366141607734	 0.9789521660156075	 0.20000315279120684	 -0.0885089757958526	 
-0.10107488068639195	 -0.19511408514346937	 0.975558487366523	 0.04043293535511105	 
0.0	 0.0	 0.0	 1.0	 
20	 22	  37
0.9952072919088343	 -0.042631333539970166	 0.088005769879526	 -0.13396591960986023	 
0.02109349497146166	 0.9723686380358667	 0.23249579831507267	 -0.10590685966919725	 
-0.09548565652166366	 -0.22952516455691235	 0.9686076028164086	 0.09815865491748883	 
0.0	 0.0	 0.0	 1.0	 
20	 23	  37
0.9370497879668311	 0.17767125857502544	 -0.3006170633009439	 -0.26539207373036455	 
-0.09590493417826336	 0.9587224251824229	 0.2676818168135393	 -0.17127446920808267	 
0.3357676852700098	 -0.2220005300189633	 0.915410195595242	 0.14975183850279364	 
0.0	 0.0	 0.0	 1.0	 
20	 54	  37
0.9793135694150226	 0.1978734705344621	 0.04232047280282643	 -0.335204915563541	 
-0.058909979240576706	 0.07871654120593129	 0.9951549228569633	 -2.289846148047589	 
0.19358343706392409	 -0.9770618177982504	 0.0887448989818312	 -0.7609615960720632	 
0.0	 0.0	 0.0	 1.0	 
20	 55	  37
0.992079107267901	 0.05737086639050693	 -0.111748058650369	 -0.19101270880381657	 
-0.07227121172494683	 0.9883131797058542	 -0.13421598554386371	 0.5118386985607218	 
0.10274199179659538	 0.1412290427260104	 0.9846311190554377	 -1.7681381756072077	 
0.0	 0.0	 0.0	 1.0	 
20	 56	  37
0.9694439091017003	 -0.02439633821775714	 -0.24409695980732546	 0.024663405309212662	 
-0.06695854835004648	 0.9309431280802187	 -0.3589727637064846	 0.46346994751383996	 
0.23599800827224926	 0.3643483373940133	 0.9008636018453346	 -1.8443555759439565	 
0.0	 0.0	 0.0	 1.0	 
20	 57	  37
0.9370180299548245	 -0.33469070910579346	 0.09989665048359012	 -1.1655336246792896	 
-0.10763521195850381	 -0.004603960393308654	 0.9941797949542852	 -2.9463307471305176	 
-0.3322828203296513	 -0.942316790037701	 -0.040338499312872256	 1.5954510346996258	 
0.0	 0.0	 0.0	 1.0	 
20	 58	  37
-0.4575838043675092	 0.6366200572658267	 -0.6207511294129172	 1.6139515372974762	 
0.8273251061314112	 0.5606389366952556	 -0.034887697342509245	 -0.21015280553227772	 
0.3258070452663756	 -0.5295270392983427	 -0.7832310539724056	 3.7836249898432945	 
0.0	 0.0	 0.0	 1.0	 
21	 22	  37
0.9994245453150208	 0.024714315312209963	 -0.023233184037353288	 -0.12017237156529527	 
-0.023574715354825727	 0.9985639510374543	 0.048106844465289594	 -0.030226805854523878	 
0.02438874777031094	 -0.047531445455795816	 0.9985719556822527	 0.045265493435899105	 
0.0	 0.0	 0.0	 1.0	 
21	 54	  37
0.5843971797754628	 -0.14515147415846624	 -0.7983802263458863	 1.460755627206956	 
-0.7560728696688498	 0.25988416462532604	 -0.6006779808913478	 1.9676681914164016	 
0.2946756725981895	 0.9546681468063234	 0.042130481271687434	 1.702417954103819	 
0.0	 0.0	 0.0	 1.0	 
21	 55	  37
0.9679987574852035	 -0.03116363510055946	 -0.2490125164613646	 0.06332510031227552	 
-0.017193531498218728	 0.9816925164194382	 -0.18969498064179569	 0.5789467960312576	 
0.25036530906202265	 0.18790591010766683	 0.949741323184838	 -1.8022422738052284	 
0.0	 0.0	 0.0	 1.0	 
21	 56	  37
0.7812019453428847	 0.33230115430402474	 -0.528487902832888	 0.6968418845355536	 
-0.6200488511317818	 0.5113905134444396	 -0.5949950965925596	 1.548609153367535	 
0.07254614257594356	 0.7924996439161622	 0.6055422128886687	 -1.1892253472792802	 
0.0	 0.0	 0.0	 1.0	 
21	 57	  37
-0.7749024746828109	 0.11739315031245676	 -0.621083732672312	 2.159031748498973	 
-0.59351374291769	 0.20283929327730568	 0.7788437956808776	 -2.0101842582710336	 
0.21741111217757245	 0.9721497155080999	 -0.08750622228865132	 0.3755497515870223	 
0.0	 0.0	 0.0	 1.0	 
21	 58	  37
-0.4560679374986583	 -0.6282225550903515	 -0.6303478862195622	 1.2756062562605113	 
0.8850171910189253	 -0.3945954590021492	 -0.24706071184195588	 1.1882265660716864	 
-0.09352330183804793	 -0.6705451849134654	 0.7359500981742415	 -0.4025965989885489	 
0.0	 0.0	 0.0	 1.0	 
22	 23	  37
0.8920237322220504	 0.2568255277083139	 -0.3719332056565931	 -0.16282442496367291	 
-0.2699675752504597	 0.9627141002931808	 0.01729362339354411	 -0.026094772543631885	 
0.36250678540688164	 0.08498358320308944	 0.92809838978415	 0.017507836639932956	 
0.0	 0.0	 0.0	 1.0	 
22	 54	  37
0.9616019230110063	 0.26819327864552733	 -0.05825896455393147	 -0.11309283581442367	 
-0.27303097477916244	 0.9563785479347083	 -0.10389494627477855	 1.3070010826378633	 
0.027853697648134834	 0.11581208201073658	 0.9928805231182973	 -1.5339371519203815	 
0.0	 0.0	 0.0	 1.0	 
22	 55	  37
0.9535503367262962	 0.12410001018059919	 -0.27448304647526456	 0.32030967602740734	 
-0.1875750123177753	 0.9575981151700836	 -0.2186811939255161	 0.703770632005881	 
0.23570610955839388	 0.26000968692700255	 0.9363960661071616	 -1.8014310105753653	 
0.0	 0.0	 0.0	 1.0	 
22	 56	  37
0.967593435993695	 0.07670703291689614	 -0.2405804932304398	 0.01929565897720297	 
-0.22478227363474956	 0.6957292074749959	 -0.6822270877983423	 1.4603330122455573	 
0.11504726020861165	 0.7141966822712781	 0.6904253956447369	 -1.5677612036627253	 
0.0	 0.0	 0.0	 1.0	 
22	 57	  37
0.9125391926766828	 0.06355197858651603	 -0.4040214942880229	 0.17135824616551004	 
-0.3265411169073145	 0.7080131955741218	 -0.6261694769484087	 1.758614002082156	 
0.24625824006093988	 0.7033338189726551	 0.6668421239629582	 -1.8594327630446137	 
0.0	 0.0	 0.0	 1.0	 
22	 58	  37
0.49785224479913903	 -0.8671381836923034	 0.014646253147838639	 0.23904618249538057	 
-0.8005238176358459	 -0.46597224086478695	 -0.37687065173767537	 1.4208824758946996	 
0.333623679834314	 0.17590122548254764	 -0.9261500953557951	 3.9983748809371464	 
0.0	 0.0	 0.0	 1.0	 
23	 24	  37
0.6947034524257484	 0.5296107213984615	 -0.4867233269194594	 0.1181677997853457	 
-0.469422029326699	 0.8465177130967471	 0.2510990238855126	 0.15533378306379805	 
0.5450046527971568	 0.05403929304917415	 0.836689717419902	 -0.03729234255475441	 
0.0	 0.0	 0.0	 1.0	 
23	 54	  37
0.9866663664358402	 -0.04807723555611653	 0.155492960501686	 -0.5389563774869381	 
0.07663353914371121	 0.9800769558707755	 -0.1832388093428457	 1.4576461603716748	 
-0.14358545198802833	 0.19271154607951238	 0.9706932975894283	 -1.350949145513398	 
0.0	 0.0	 0.0	 1.0	 
23	 55	  37
0.9790209376558231	 -0.09145855586872015	 0.18208057609179482	 -0.5173698374855665	 
0.15427387173578702	 0.9164681369307852	 -0.36916896739875726	 1.1352896885018673	 
-0.13310738571229447	 0.38951442405772746	 0.9113511602668949	 -1.6432521097144381	 
0.0	 0.0	 0.0	 1.0	 
23	 56	  37
0.9968058941749289	 0.055170119645489006	 0.05774311419054872	 -0.3417783728640257	 
-0.009852238449040516	 0.8024593678384324	 -0.5966254238346593	 1.162175795719258	 
-0.07925239892686857	 0.5941508401632085	 0.8004397768712462	 -1.750384689061021	 
0.0	 0.0	 0.0	 1.0	 
23	 57	  37
0.8327469592679645	 0.5033322607868564	 -0.23062770232812574	 -0.05287925874863956	 
-0.5354702218153258	 0.6263149948012029	 -0.5665696504722206	 1.7501858119275018	 
-0.1407271948807487	 0.5953034205666561	 0.7910813447949804	 -1.922294117095801	 
0.0	 0.0	 0.0	 1.0	 
23	 58	  37
-0.17647282949472437	 -0.9179292667059489	 0.3553353370758464	 -1.118356532771225	 
0.6890133927818102	 -0.37300713445499506	 -0.6213905552975301	 2.302527476574902	 
0.7029351926155254	 0.13517225665924393	 0.6982911828257768	 -1.8210179288149286	 
0.0	 0.0	 0.0	 1.0	 
24	 25	  37
0.9184233015045908	 0.1427962662968393	 -0.3689279951224755	 -0.14217738449810943	 
-0.24209953906199033	 0.94043330804514	 -0.23869018895892463	 -0.018193094685453236	 
0.31286810709846935	 0.3085359289466251	 0.8982867738699395	 -0.09732444502226166	 
0.0	 0.0	 0.0	 1.0	 
25	 26	  37
0.9104783368471993	 0.2529717142721172	 -0.3271612903602508	 -0.053782533818579906	 
-0.2576415437011903	 0.9657819555566025	 0.029766579926687818	 0.05495312297563927	 
0.3234965735386166	 0.05718851370240831	 0.9444995716300161	 -0.13453666567445458	 
0.0	 0.0	 0.0	 1.0	 
26	 27	  37
0.973692445602685	 0.09524528750841835	 -0.20700569215290252	 -0.1094071557353804	 
-0.10607640954959542	 0.9934771981738473	 -0.04184318398149924	 0.09077238840457388	 
0.20167006895751788	 0.06270081272265782	 0.9774445208658076	 -0.08963917406739724	 
0.0	 0.0	 0.0	 1.0	 
26	 28	  37
0.9040467402816469	 0.10364853770566396	 -0.41467634610332577	 -0.19255429885758812	 
-0.132262529428418	 0.9903744846900628	 -0.040804452993384636	 -0.11380810547106555	 
0.406455550700595	 0.09173527514740477	 0.9090536423106755	 -0.24464701547390796	 
0.0	 0.0	 0.0	 1.0	 
26	 50	  37
0.9793555463232615	 -0.19432739305797617	 -0.05567385556217392	 -1.8095562291029343	 
0.19835705889434466	 0.9769053711382003	 0.07943785639178025	 0.06378042254966075	 
0.03895113698793161	 -0.08884120749194216	 0.9952839036067653	 -0.47113916538183337	 
0.0	 0.0	 0.0	 1.0	 
26	 51	  37
0.8573402997358214	 -0.20907513693398522	 0.47037771797240524	 -1.7823025047300265	 
0.2359220663522515	 0.9717700636993524	 0.0019292241551490065	 0.17631132853600182	 
-0.4575023377612145	 0.10931848157467333	 0.8824630760146465	 -0.38544423373659586	 
0.0	 0.0	 0.0	 1.0	 
27	 28	  37
0.9775872409964373	 0.029072101617994204	 -0.20851378647103117	 -0.09718347059908516	 
-0.05815509507513418	 0.9891734821960416	 -0.13473606435160396	 0.09089325950503761	 
0.20233924769499328	 0.14384239648890193	 0.9686940661604954	 -0.10185996863147928	 
0.0	 0.0	 0.0	 1.0	 
27	 50	  37
0.9395045467956726	 -0.20819596568188545	 0.27200302649795205	 -2.0589658113890112	 
0.20022601511541063	 0.9780867602012733	 0.05705990176980762	 0.08353031429078125	 
-0.2779222003030016	 0.0008540449425674193	 0.9606032069413338	 0.18596360109520524	 
0.0	 0.0	 0.0	 1.0	 
27	 51	  37
0.6692635698844767	 -0.17987145558199857	 0.720924776583728	 -1.9672858862912503	 
0.25248558782344493	 0.9675752010573494	 0.007018421494831119	 0.12950368129639345	 
-0.6988113493403889	 0.17732594216764397	 0.6929777833866115	 0.26011874613935765	 
0.0	 0.0	 0.0	 1.0	 
28	 50	  37
0.937381286217487	 -0.14998819144811237	 0.3143562734786363	 -1.4178271186946474	 
0.056824715092445105	 0.9562949456350536	 0.2868290932027528	 -0.18327664031198448	 
-0.343638292400473	 -0.25100501863304553	 0.9049360223889377	 0.38305498583390146	 
0.0	 0.0	 0.0	 1.0	 
28	 51	  37
0.49838368884043316	 -0.45154537933568945	 0.7400813935631612	 -1.5311323332470514	 
0.31740443775573474	 0.8894204730476292	 0.3289158631271803	 -0.3891520201725029	 
-0.8067639813419833	 0.07097881743393693	 0.5865951635369252	 0.5229566660925103	 
0.0	 0.0	 0.0	 1.0	 
29	 41	  37
0.5403020367609627	 -0.8413793083515334	 -0.012432560068256798	 -0.5357140219139715	 
0.30726246917583977	 0.21102386587726876	 -0.9279324884204556	 3.0281182956653354	 
0.7833667621924749	 0.49754375436549103	 0.37254090833621295	 0.9815112058542137	 
0.0	 0.0	 0.0	 1.0	 
29	 42	  37
0.9157312611158681	 -0.09843455790468476	 0.38954703852712075	 -0.7264224489251572	 
0.04666083035630423	 0.989019330823493	 0.14022670989476094	 0.18992730567734228	 
-0.39907270556328617	 -0.11023339361354335	 0.9102689572905577	 -0.16112075487891903	 
0.0	 0.0	 0.0	 1.0	 
29	 43	  37
0.9765976766961182	 0.1639923867906739	 0.13915270369792526	 -0.008665557894645272	 
-0.1223920588945479	 0.9557756366654343	 -0.2674193640638937	 0.7363312271129421	 
-0.17685350375748318	 0.24412994374202024	 0.9534796320725573	 -0.1436692761654862	 
0.0	 0.0	 0.0	 1.0	 
29	 45	  37
0.7968123295027532	 -0.16974980501426612	 0.5798923307390901	 0.9567873875219249	 
-0.10272171171247273	 -0.9838119609503031	 -0.1468409869007274	 1.4034467313351353	 
0.5954312399389667	 0.05743717601639745	 -0.8013504909314062	 6.055382705287728	 
0.0	 0.0	 0.0	 1.0	 
29	 47	  37
0.5884817396577132	 0.46550369223916893	 -0.6610563929054253	 2.5568237463859704	 
-0.7771322448575856	 0.10009993215963996	 -0.6213255809833076	 1.3418366779802253	 
-0.22305765194684737	 0.8793669973869475	 0.420664911556244	 1.6649676717370994	 
0.0	 0.0	 0.0	 1.0	 
29	 48	  37
0.8337147605281621	 -0.09970079926790978	 0.54312010522794	 -1.5309541969977374	 
-0.2129876487975096	 0.8493956040043177	 0.48286993006176043	 0.21658357475289583	 
-0.5094663477965719	 -0.5182536623348463	 0.6869186137668285	 1.200828657779141	 
0.0	 0.0	 0.0	 1.0	 
29	 49	  37
-0.9835857799306162	 -0.1264541919956317	 0.1287181061273561	 0.49405354521837513	 
0.014950127929512412	 0.6537886358892366	 0.7565295190916095	 -1.001883967131516	 
-0.1798207640768227	 0.7460360292297031	 -0.6411666989933302	 3.6234969341693923	 
0.0	 0.0	 0.0	 1.0	 
29	 50	  37
