0	 1	  37
0.9807943503058559	 -0.05154229431183632	 0.18811122854626958	 -0.46823377397875016	 
0.04766202951220939	 0.9985482100758905	 0.0250958780881154	 -0.029109987282372917	 
-0.18913162969448596	 -0.015648132518237667	 0.9818270533030755	 0.10734749142384771	 
0.0	 0.0	 0.0	 1.0	 
0	 2	  37
0.851869805068997	 -0.026792593746910655	 0.5230678657038892	 -0.6672286274029066	 
0.08773354989328094	 0.9918793488331381	 -0.09207704155473613	 0.04877073413723365	 
-0.5163532312621196	 0.12432825213386763	 0.8473026769027141	 0.1159530482953785	 
0.0	 0.0	 0.0	 1.0	 
0	 5	  37
0.4205471477587216	 -0.03083720128341755	 0.9067464714731507	 -0.8412931205143079	 
0.2860801998434347	 0.9529443991339348	 -0.10027507874244347	 0.07870643555913621	 
-0.8609867686379062	 0.301572610122784	 0.40957996173419764	 -0.011391187167855182	 
0.0	 0.0	 0.0	 1.0	 
0	 6	  37
0.7338102506567685	 -0.13833467903425528	 0.6651210661282202	 -0.73182083592439	 
0.21177295003191926	 0.976843625827253	 -0.030475372277363678	 0.02972646453399976	 
-0.6455034730083404	 0.16321779087205873	 0.746113408991566	 0.16548681113128957	 
0.0	 0.0	 0.0	 1.0	 
0	 7	  37
0.6713111217170994	 0.0018706148516372178	 0.7411733121605275	 -0.7856414179699484	 
0.05125198616884626	 0.99748596638581	 -0.048938540815137224	 -0.029394258811368996	 
-0.7394015227010816	 0.07083959107337709	 0.66952755026502	 0.5011627890591996	 
0.0	 0.0	 0.0	 1.0	 
0	 34	  37
0.6107359093822663	 0.40718410011929795	 -0.6791191041349474	 0.7891993458877491	 
-0.3036752071785008	 0.9125184973567992	 0.27402802872477167	 -0.1446958326609496	 
0.7312886007152791	 0.03887287732760541	 0.6809595302748621	 0.5307414080520688	 
0.0	 0.0	 0.0	 1.0	 
0	 35	  37
0.8737181173639951	 0.2679274140577946	 -0.4059945223598695	 1.008051438281035	 
-0.19679992054503131	 0.957979223787961	 0.20867582050655575	 -0.2133790213729828	 
0.4448442903571818	 -0.10242415529023473	 0.8897318976802487	 0.5584883659353119	 
0.0	 0.0	 0.0	 1.0	 
0	 36	  37
0.9860233636394956	 0.09447585711085629	 -0.1372306043862788	 0.9428607948711031	 
-0.07650750540620414	 0.9884550209488667	 0.13077948301432893	 -0.1648327676549539	 
0.14800178368375816	 -0.118452454529843	 0.9818678567110146	 0.42959210409343085	 
0.0	 0.0	 0.0	 1.0	 
0	 37	  37
0.9883573556720028	 0.11948604194029733	 -0.09419566481790514	 1.1193921994090947	 
-0.10300134920476997	 0.9811066088039632	 0.16376979032527342	 -0.17151680886873757	 
0.1119841933088889	 -0.15216079633936086	 0.9819911570407999	 0.433165921732391	 
0.0	 0.0	 0.0	 1.0	 
0	 38	  37
0.9793180788757576	 0.057383027767337606	 0.19401878391369232	 0.7760023060514508	 
-0.07817442132811965	 0.9917839838405745	 0.10125852678827794	 -0.105261852064515	 
-0.18661420159545403	 -0.11433161208332399	 0.9757578707042637	 0.3772378768104802	 
0.0	 0.0	 0.0	 1.0	 
0	 45	  37
0.7986613086834058	 -0.17318709130337032	 0.5763213907343592	 0.33809750800992977	 
0.3728993256707196	 0.8940924986342695	 -0.24808203643200344	 0.0377358846906481	 
-0.4723200259637854	 0.41304338185208267	 0.7786584346051633	 0.011922387164152745	 
0.0	 0.0	 0.0	 1.0	 
0	 46	  37
0.8501528129729928	 -0.08581387455725598	 0.5194960765276081	 0.19625207034702227	 
0.13402465084949144	 0.9894004040133932	 -0.055894843257725826	 -0.0829797658419248	 
-0.5091930749320726	 0.11714443850053398	 0.8526427112041798	 0.23736177360727617	 
0.0	 0.0	 0.0	 1.0	 
0	 47	  37
0.7308502447836651	 -0.3631209530275639	 0.5779282768406576	 -0.24923888653135845	 
0.22392022879551327	 0.9274320057451818	 0.29954900409721774	 -0.08574250928739996	 
-0.644761700813427	 -0.08951563099159758	 0.7591240353014476	 0.39398453122710714	 
0.0	 0.0	 0.0	 1.0	 
0	 48	  37
0.6500914893065498	 -0.4696342592572818	 0.597348071113531	 -0.6775748178138308	 
0.20226592144248978	 0.8647234785705167	 0.45971926502151855	 -0.041052646488365416	 
-0.7324408184653644	 -0.17803642363507932	 0.6571403802118826	 0.3345694833249969	 
0.0	 0.0	 0.0	 1.0	 
0	 49	  37
0.7553857202728234	 -0.327723664995255	 0.5674412859582791	 -0.5524274936340987	 
0.20628531791074192	 0.9408535757224332	 0.268776704096124	 -0.045439569883349525	 
-0.6219636494381097	 -0.08597527814662229	 0.7783119363887715	 0.5127244701416022	 
0.0	 0.0	 0.0	 1.0	 
1	 2	  37
0.9414084254977357	 0.014579727582385087	 0.3369534210324882	 -0.17003038613551258	 
0.026560664187694514	 0.9927574217631437	 -0.11716327347809555	 0.04868904907606464	 
-0.3362212181284553	 0.11924819947411391	 0.9342029540749692	 -0.027472735976531062	 
0.0	 0.0	 0.0	 1.0	 
1	 3	  37
0.725733689132226	 -0.14319784881334702	 0.6729078603744787	 -0.12633333525043464	 
0.2136753945606497	 0.9766429013257992	 -0.02261568149038288	 0.07983045526099325	 
-0.6539521681421958	 0.16019681452873424	 0.7393805125894014	 -0.06207026000334794	 
0.0	 0.0	 0.0	 1.0	 
1	 5	  37
0.6292370350294371	 -0.0063590881747723725	 0.7771874392609218	 -0.25533162303469226	 
0.19457632233703923	 0.969411580097719	 -0.1496036201374697	 0.011360238099438315	 
-0.7524631609143105	 0.24535841206290285	 0.6112269963743542	 -0.2023952604223382	 
0.0	 0.0	 0.0	 1.0	 
1	 6	  37
0.8510652447267464	 -0.10302015815849477	 0.5148541504457373	 -0.28568492320870165	 
0.17929320411912297	 0.9786434535427048	 -0.10055315904886569	 0.12843283574205827	 
-0.4934996415144609	 0.1778871492014155	 0.8513602445346458	 0.008998615736134053	 
0.0	 0.0	 0.0	 1.0	 
1	 7	  37
0.829006637541516	 0.024236451397591424	 0.5587133337730193	 -0.2744166462117223	 
0.012477013057359643	 0.9980102008896881	 -0.0618058497659471	 -0.09166400953789124	 
-0.5590995609524975	 0.058208533255671074	 0.8270546823511417	 0.28485938291575563	 
0.0	 0.0	 0.0	 1.0	 
1	 34	  37
0.44579792788163924	 0.4353827169317151	 -0.7821164218283584	 1.1471821875009338	 
-0.3150098068718367	 0.8941572635760984	 0.31820058071705554	 -0.2509334054564658	 
0.8378741129018158	 0.10452118345704589	 0.5357632808785365	 0.6883776879023477	 
0.0	 0.0	 0.0	 1.0	 
1	 35	  37
0.7569952298908438	 0.339554170272374	 -0.5582662334165918	 1.3659966018304834	 
-0.2541605540279095	 0.9401056078543993	 0.22716482750843667	 -0.30154282176835745	 
0.6019639812303847	 -0.0300734356426282	 0.7979567367783263	 0.7425078631016602	 
0.0	 0.0	 0.0	 1.0	 
1	 36	  37
0.9353467647688899	 0.12710608489507205	 -0.33010675972936115	 1.371245356539156	 
-0.08832540057114972	 0.9875729715048845	 0.12999326739088615	 -0.20463439987246948	 
0.3425274489005476	 -0.0924319703114619	 0.9349498797336812	 0.5910447109371233	 
0.0	 0.0	 0.0	 1.0	 
1	 37	  37
0.948359875304584	 0.2191414188227976	 -0.2293263732513236	 1.44038993109879	 
-0.18663119969369638	 0.9700920427340038	 0.15521025715157916	 -0.2670291099730548	 
0.25648068584820505	 -0.10439572395696518	 0.9608949945786667	 0.5748796434236578	 
0.0	 0.0	 0.0	 1.0	 
1	 38	  37
0.9961834543097051	 0.07173941516444012	 -0.049719027257658116	 1.2517363729528053	 
-0.06692134652929808	 0.9934523750591345	 0.09259542034069525	 -0.1460263260378045	 
0.05603622701689723	 -0.08891476143604367	 0.9944617169406184	 0.5237392229335599	 
0.0	 0.0	 0.0	 1.0	 
1	 45	  37
0.9508845292707959	 -0.08137900624448653	 0.29865710997080885	 0.9013530481513826	 
0.16560212245283198	 0.9488812779130311	 -0.2687010559436841	 -0.21784898181010914	 
-0.26152351525737266	 0.30496192839237024	 0.9157530634393932	 0.0773590151616065	 
0.0	 0.0	 0.0	 1.0	 
1	 46	  37
0.9269410577126782	 -0.05826679603597131	 0.3706551712929476	 0.5581907929731904	 
0.09505264414231354	 0.9921098215921652	 -0.08175020943042387	 -0.1383508162930063	 
-0.36296731308487923	 0.11100937969408631	 0.9251657404226973	 0.27276188644155963	 
0.0	 0.0	 0.0	 1.0	 
1	 47	  37
0.8502299147870722	 -0.2824539730007178	 0.4442171148630788	 0.1315353651296896	 
0.19128925034723288	 0.9519493720928549	 0.23916692010730256	 -0.036439917897890126	 
-0.49042585036145997	 -0.11837291120914893	 0.8634062422690199	 0.3036284469821452	 
0.0	 0.0	 0.0	 1.0	 
1	 48	  37
0.8049072404554869	 -0.36169144854702834	 0.4704291979780651	 -0.20258197868982994	 
0.19462653653267334	 0.909827239026254	 0.3665172661733145	 0.12302115565125608	 
-0.5605754592734414	 -0.20345439580853766	 0.8027212861800498	 0.16416993999521945	 
0.0	 0.0	 0.0	 1.0	 
1	 49	  37
0.8439909061490136	 -0.29653308928039374	 0.44693117736357824	 -0.2320734690859551	 
0.2036269582460886	 0.9480334865055893	 0.24447611404696173	 -0.03255385762695137	 
-0.4962009796576523	 -0.11532838083439612	 0.8605137723249424	 0.40971943009149686	 
0.0	 0.0	 0.0	 1.0	 
2	 3	  37
0.8749603307468075	 -0.2212891689851342	 0.4306686932077899	 -0.07139457435073437	 
0.20117912892307954	 0.9751907940735226	 0.09235731286694603	 0.031706391430319385	 
-0.4404218179259373	 0.005832567541034763	 0.8977720219803522	 -0.026935902218735406	 
0.0	 0.0	 0.0	 1.0	 
2	 5	  37
0.8353049417560466	 -0.06804500050203992	 0.5455598337346746	 -0.08424024682820477	 
0.1356994099760928	 0.9871272199095185	 -0.08464940546658621	 0.01965818740956645	 
-0.5327769931313369	 0.14474021424740144	 0.8337859113522781	 -0.19758316672995666	 
0.0	 0.0	 0.0	 1.0	 
2	 6	  37
0.9673426778991002	 -0.1503751063131882	 0.20404771725332707	 -0.1466441256896246	 
0.15218314689196105	 0.9883282662506235	 0.006894050485446612	 0.09738291529050455	 
-0.20270282020005656	 0.024383714469568687	 0.9789366686112079	 -0.01984248158822993	 
0.0	 0.0	 0.0	 1.0	 
2	 7	  37
0.9639050114369848	 0.09207793870474218	 0.24981749764688513	 -0.24896745744261792	 
-0.1089628494298862	 0.9925455665790802	 0.054593000543405906	 -0.15368758919332687	 
-0.24292843878555195	 -0.07984329319421957	 0.9667527202760358	 0.2935628181466749	 
0.0	 0.0	 0.0	 1.0	 
2	 8	  37
0.9854259286404221	 -0.09825997108820028	 0.1388550223971268	 -0.5150543740527579	 
0.09593682510784081	 0.9951136912902262	 0.023342386231243573	 -0.09561896039736192	 
-0.14047015608800364	 -0.009680882629548101	 0.9900375830038597	 0.7310968720582596	 
0.0	 0.0	 0.0	 1.0	 
2	 35	  37
0.5016909593475753	 0.35568810972211834	 -0.7885379825418775	 1.1991956229893272	 
-0.20934823479634435	 0.9343809238713829	 0.28828042891066047	 -0.17146556418746123	 
0.8393327694642707	 0.02045134977369257	 0.5432331400014817	 1.2653160817406248	 
0.0	 0.0	 0.0	 1.0	 
2	 36	  37
0.7705680062919944	 0.19552807086654692	 -0.6066248603398862	 1.2015424475044916	 
-0.0874838650514601	 0.9752196666957791	 0.20320722193227167	 -0.121061645063785	 
0.6313252102006043	 -0.10351509644965004	 0.7685786256279715	 1.0926253493387517	 
0.0	 0.0	 0.0	 1.0	 
2	 37	  37
0.8249604591461802	 0.24694142376880496	 -0.5083897855704413	 1.2268845933460266	 
-0.1342091762034777	 0.9593632759672741	 0.24821362119779905	 -0.1568752748244669	 
0.5490247151705541	 -0.1365358485980007	 0.8245785736844704	 1.0684389767279283	 
0.0	 0.0	 0.0	 1.0	 
2	 38	  37
0.9279655245565666	 0.14321708053519078	 -0.34404774825223333	 1.0753639123576992	 
-0.06952118799177696	 0.9735279138296514	 0.21773884682044584	 -0.13929637271529316	 
0.3661240085745096	 -0.1781355350216858	 0.9133569628069134	 0.9982125810092776	 
0.0	 0.0	 0.0	 1.0	 
2	 45	  37
0.9743372773095808	 -0.21549749223538472	 0.0650207727208304	 0.8267492228585817	 
0.22506250085896692	 0.9374325755955024	 -0.26564456877468784	 0.10229115873706683	 
-0.0037068520420019775	 0.2734611435883399	 0.9618759078983606	 0.3680235040863593	 
0.0	 0.0	 0.0	 1.0	 
2	 46	  37
0.9930849809772331	 -0.08886673869643263	 0.07671325381516414	 0.49784340279991257	 
0.08787925931198007	 0.9960000417389002	 0.016160217785876223	 -0.07440986019579353	 
-0.0778425098530851	 -0.009306965647786221	 0.9969222256777126	 0.48658846822837465	 
0.0	 0.0	 0.0	 1.0	 
2	 47	  37
0.9589336765312786	 -0.2326553343526696	 0.1622273078475138	 0.08595996930866254	 
0.1650490931425585	 0.9228815045954932	 0.3479202858822361	 -0.024940040279113732	 
-0.23066209239279736	 -0.30685700883767564	 0.9233817061541616	 0.4298530566225778	 
0.0	 0.0	 0.0	 1.0	 
2	 48	  37
0.9457261862344046	 -0.25058266628171816	 0.20690652002697676	 -0.15232051335391292	 
0.12917889939393576	 0.8741289042786211	 0.4682002463220511	 0.07666630616310151	 
-0.2981858357164206	 -0.4160612768136483	 0.8590565879581493	 0.16102057217811586	 
0.0	 0.0	 0.0	 1.0	 
2	 49	  37
0.9635570590243425	 -0.1955976487266722	 0.1824811053697263	 -0.3194501949753664	 
0.12197453933019853	 0.9283794303519572	 0.35104678470904804	 -0.03493144762937015	 
-0.23807563033529053	 -0.3159955586902638	 0.9184044866661321	 0.3969766874194007	 
0.0	 0.0	 0.0	 1.0	 
3	 4	  37
-0.41615100896920015	 0.4526557932336618	 0.7886197249536172	 -2.5949852167626974	 
-0.3151848502093823	 0.7417096814019696	 -0.5920517365172376	 1.5944106280934391	 
-0.8529225333712341	 -0.49494391739528615	 -0.16599298389089318	 3.4463872467874412	 
0.0	 0.0	 0.0	 1.0	 
3	 5	  37
0.9945743955347662	 0.061702029239907724	 0.08375339595701194	 0.09746167336426095	 
-0.04658035190400297	 0.9840296462504868	 -0.17180199683542935	 -0.07187566346556538	 
-0.0930163564280698	 0.1669686044974304	 0.9815647928430536	 -0.13202956696497034	 
0.0	 0.0	 0.0	 1.0	 
3	 6	  37
0.9657682316266856	 0.04150184349982843	 -0.25606506939990914	 -0.02212083038066021	 
-0.05047802255101883	 0.9983161846029723	 -0.028579097240873656	 0.06571798996325998	 
0.2544478178723554	 0.04052644255150262	 0.9662369872004053	 -0.012038846554616374	 
0.0	 0.0	 0.0	 1.0	 
3	 7	  37
0.9261185974524018	 0.2764892770108401	 -0.25662818074174715	 -0.17944720979530393	 
-0.2869396275951239	 0.9579425403361779	 -0.0034262997301850928	 -0.12088945574949	 
0.2448877162463798	 0.07680995451302171	 0.9665041320756674	 0.23210443402306774	 
0.0	 0.0	 0.0	 1.0	 
3	 38	  37
0.6093542683467018	 0.42631286188230205	 -0.6685392430077512	 0.5391455939784846	 
-0.1977395192373145	 0.8982248658039528	 0.39254448535582037	 -0.5915046705258569	 
0.7678453348034686	 -0.10700202916389759	 0.6316360562660723	 1.5344237967069587	 
0.0	 0.0	 0.0	 1.0	 
3	 39	  37
0.9875588946363281	 0.05190641634757309	 -0.1484356883186316	 0.1393805405725707	 
-0.027950381685273033	 0.9868606237429691	 0.15913794478151516	 -0.37714407507281983	 
0.15474561637836828	 -0.15300925869890797	 0.976033790892553	 1.3676384952772058	 
0.0	 0.0	 0.0	 1.0	 
3	 43	  37
0.7220372105257613	 -0.003912342745970573	 0.6918431615549981	 0.867635839158936	 
0.016134704454255768	 0.9998072649292079	 -0.011185003663404417	 -0.4501681849338604	 
-0.6916660595463325	 0.019238673785232828	 0.7219611731268065	 0.553851459753626	 
0.0	 0.0	 0.0	 1.0	 
3	 45	  37
0.8794582875497223	 -0.1280398239357404	 -0.45843093694319303	 0.7026471221026613	 
0.04179100629878805	 0.9801910037120876	 -0.19359521697196994	 -0.2963547299647244	 
0.4741377777109137	 0.1511006278226335	 0.8673880146848709	 0.8557386075650247	 
0.0	 0.0	 0.0	 1.0	 
3	 46	  37
0.8987456807453412	 0.11257888883593695	 -0.42377139489359006	 0.36291336199362245	 
-0.11034630547490491	 0.9934435778038194	 0.029892316544290816	 -0.2717272674189014	 
0.42435821449529154	 0.01989601741080076	 0.905275789072897	 0.7859709475022897	 
0.0	 0.0	 0.0	 1.0	 
3	 47	  37
0.9680844786028903	 0.13730008654958759	 -0.2096690929098654	 -0.023414035568017726	 
-0.05725489768796814	 0.9356227126273527	 0.34832745557388034	 -0.1908977630780055	 
0.2439965552603361	 -0.32520582074942794	 0.9136229283308186	 0.4914908585996824	 
0.0	 0.0	 0.0	 1.0	 
3	 48	  37
0.9776282214882065	 0.1380130757361486	 -0.15873075151228158	 -0.01554134201850797	 
-0.06138515014599125	 0.9089894995453981	 0.41227412368199856	 0.08066754524998145	 
0.20118380623539184	 -0.39330710728647383	 0.8971257411681967	 0.16831113131939943	 
0.0	 0.0	 0.0	 1.0	 
4	 5	  37
-0.6021000466474014	 -0.4887551625448732	 -0.6313429534832334	 1.7973093959859643	 
0.4320024728318764	 0.4655673121923245	 -0.7724124165788372	 2.3550475016550485	 
0.6714531981414205	 -0.7378112691628869	 -0.0691746615597728	 3.92360729251076	 
0.0	 0.0	 0.0	 1.0	 
4	 39	  37
-0.11088382955612397	 0.9883256321667192	 0.10448550686685469	 1.076533460396734	 
-0.9272440368229877	 -0.0650451323551478	 -0.3687650023159882	 0.8417555077365264	 
-0.3576636304115616	 -0.13777363883978827	 0.9236315022354236	 -0.23087648069387348	 
0.0	 0.0	 0.0	 1.0	 
4	 40	  37
0.9901011597318616	 0.015245638830360569	 -0.13952513749957532	 0.014342453156019858	 
0.01613681867646948	 0.9751265636967801	 0.2210605977009746	 -0.3519623202721104	 
0.13942487791145453	 -0.2211238459993938	 0.9652279254921152	 1.442552486827637	 
0.0	 0.0	 0.0	 1.0	 
4	 41	  37
0.9427630453178318	 -0.16757798352889672	 0.2882975196206809	 0.1194524307401589	 
0.10285659561714469	 0.968535491453444	 0.22662639416689	 -0.3265033810105064	 
-0.31720397399953715	 -0.18400168812112622	 0.93033597030722	 1.2818527783645022	 
0.0	 0.0	 0.0	 1.0	 
4	 42	  37
0.9327975648791619	 -0.059946341480697975	 0.35538027393003313	 -0.15502689470042316	 
0.08066804205959632	 0.9957796928498788	 -0.04376608616352165	 -0.6035427956787247	 
-0.35125684327252205	 0.06949272948216338	 0.9336966266423702	 1.3182470727489517	 
0.0	 0.0	 0.0	 1.0	 
4	 43	  37
0.9863841795191977	 -0.10965432812643836	 0.12256499792916943	 -0.016560792380699844	 
0.10642826769206543	 0.9937863078640363	 0.03258524417636195	 -0.21245401610228987	 
-0.12537652982238753	 -0.019097188932050414	 0.9919254120873148	 1.1751880677320101	 
0.0	 0.0	 0.0	 1.0	 
4	 45	  37
-0.6404545260327271	 0.6079216340607473	 -0.46930724150081665	 1.4403707834761996	 
-0.7354234532873287	 -0.6615404141239752	 0.1466854622504209	 0.5263906002649593	 
-0.22129244098959888	 0.43908492039876573	 0.8707663798282952	 0.6198316959903688	 
0.0	 0.0	 0.0	 1.0	 
4	 46	  37
0.7002859490564864	 0.18961952448510408	 -0.6882180072390577	 0.7730258493325243	 
-0.1555953647570239	 0.981441261514633	 0.11208538112837801	 -0.2243392589493338	 
0.6966991258930824	 0.028591714369869015	 0.7167934443402829	 0.9890076599025549	 
0.0	 0.0	 0.0	 1.0	 
4	 47	  37
-0.4332649177297006	 -0.8335803815412064	 -0.34267369110320334	 1.232075076048975	 
0.6441487296719135	 -0.020477685750199842	 -0.7646261036927637	 2.445010777377515	 
0.630360155091307	 -0.5520184887265404	 0.5458220066810515	 1.4460632672393319	 
0.0	 0.0	 0.0	 1.0	 
4	 48	  37
-0.8053013836610354	 -0.3963492964528378	 0.4409046571255087	 -1.908085931212102	 
0.03815125423534374	 0.7074981552723315	 0.7056846619323093	 -0.8578084797951954	 
-0.5916368508417074	 0.5851099003500012	 -0.5546280206034675	 6.177576117399759	 
0.0	 0.0	 0.0	 1.0	 
5	 6	  37
0.9401781352481818	 -0.006117464891395428	 -0.34062831741438526	 -0.14673342377182705	 
0.047264004400257256	 0.992512279699536	 0.1126298740729254	 0.16254064763738987	 
0.33738877854680527	 -0.12199160327224612	 0.9334274802263763	 0.08335200050021008	 
0.0	 0.0	 0.0	 1.0	 
5	 7	  37
0.9076166092258584	 0.28923688802550845	 -0.30425994357239056	 -0.41453490399176945	 
-0.25141416804088323	 0.9549289334175537	 0.15780256091180475	 -0.028382637301251037	 
0.3361889450378541	 -0.06672896468051091	 0.9394276121697724	 0.29251989479893825	 
0.0	 0.0	 0.0	 1.0	 
5	 38	  37
0.3588963172002818	 0.38563448451261484	 -0.8499879280641366	 0.5691224080888646	 
-0.08936067419413592	 0.9206715333129709	 0.37997183797580597	 -0.06486940109715109	 
0.9290899328954351	 -0.060414998980651294	 0.36488618018571783	 2.0361152917791867	 
0.0	 0.0	 0.0	 1.0	 
5	 39	  37
-0.3922672913131403	 0.3736221105456547	 -0.8405551086497912	 1.1338773765984889	 
-0.09098999914199318	 0.8935523242964712	 0.4396419722916746	 -0.35888567349175166	 
0.9153399326053634	 0.24893927423326428	 -0.31651547438035843	 4.51066742510374	 
0.0	 0.0	 0.0	 1.0	 
5	 43	  37
0.8953778036800636	 -0.18510659002912933	 0.4050112825648851	 0.182027706513435	 
0.13681995877803677	 0.9798718300046272	 0.14536676251247851	 0.05087026884821475	 
-0.4237674923316342	 -0.07474454556133703	 0.9026817630548363	 1.1314979610012468	 
0.0	 0.0	 0.0	 1.0	 
5	 45	  37
0.8864135169431615	 -0.15686436359053124	 -0.4355050498166384	 0.3183340410493394	 
0.17610284503894688	 0.984364139829032	 0.0038766206723850824	 -0.1767054769061457	 
0.42808745011929955	 -0.0801299672656018	 0.9001779398520987	 0.9797634163032706	 
0.0	 0.0	 0.0	 1.0	 
5	 46	  37
0.8791628267807471	 0.051062517356301615	 -0.47377773620984176	 0.1645684043053182	 
0.027722615696189237	 0.9870774068319846	 0.15782791103225352	 -0.01844176086051735	 
0.47571438971913227	 -0.1518907905143723	 0.8663861766966691	 0.9108175697705302	 
0.0	 0.0	 0.0	 1.0	 
5	 47	  37
0.923287627742259	 0.10624642557129987	 -0.36912281629749366	 -0.06426271966223022	 
0.07573662031972427	 0.8917625440881641	 0.44612053226000603	 0.08468457589148502	 
0.37656861366903216	 -0.4398536825067256	 0.8153065786467416	 0.6729664419263135	 
0.0	 0.0	 0.0	 1.0	 
5	 48	  37
0.9542538613852295	 0.15603914860615176	 -0.25505166561629466	 -0.13243256233208936	 
0.013321840697863171	 0.8299869101390122	 0.5576237598581285	 0.1510263182575905	 
0.29870068060150046	 -0.535512383703834	 0.7899394852189866	 0.298793018084325	 
0.0	 0.0	 0.0	 1.0	 
5	 49	  37
0.9324969219787899	 0.1451480270181948	 -0.33072880242399283	 -0.4303826716928906	 
0.0246380767977059	 0.8879982700730338	 0.45918627758134295	 0.08961642241455127	 
0.36033658664059254	 -0.43633831209283575	 0.8244794853288836	 0.38807942770031134	 
0.0	 0.0	 0.0	 1.0	 
6	 7	  37
0.9769281990865969	 0.20887372797686696	 0.04453155724273032	 -0.15523847632043702	 
-0.20941920274575965	 0.9777939964416926	 0.007905570435624083	 -0.11377599084400267	 
-0.041891423355468756	 -0.017048937903226154	 0.9989766976089198	 0.25792636025910537	 
0.0	 0.0	 0.0	 1.0	 
6	 35	  37
0.34446576932548784	 0.47003095293135294	 -0.8126587457533716	 0.9331712528802173	 
-0.2612026154214086	 0.8794413431448763	 0.3979398417657507	 -0.3902686185608042	 
0.9017297419182836	 0.07519193609676032	 0.4257107530777266	 1.3954646943184021	 
0.0	 0.0	 0.0	 1.0	 
6	 36	  37
0.6057915302886533	 0.3411585566356542	 -0.7187680161671139	 1.057160730320012	 
-0.13795916125273885	 0.9347591828747014	 0.3274027181589385	 -0.4078868728944534	 
0.7835712422345348	 -0.09917716100845807	 0.6133351441726865	 1.3899821188912358	 
0.0	 0.0	 0.0	 1.0	 
6	 37	  37
0.6279763303778917	 0.40717167704437535	 -0.6632171242496596	 1.1360834468227952	 
-0.24303098872971235	 0.9121928990147671	 0.32990915947286786	 -0.41343563598483485	 
0.7393116169804013	 -0.04599282987495494	 0.6717908845748937	 1.4030639956391433	 
0.0	 0.0	 0.0	 1.0	 
6	 38	  37
0.7652226279105696	 0.3587582204197874	 -0.5345342542951472	 1.0332465395522512	 
-0.2275369841092844	 0.927455789630136	 0.29673671687877035	 -0.42038890221991077	 
0.6022136253822995	 -0.10544333816210398	 0.7913409201103774	 1.3432512481393812	 
0.0	 0.0	 0.0	 1.0	 
6	 39	  37
0.37515911241695843	 -0.43855673276985724	 0.8166539245682639	 -2.6293992921961014	 
0.3433959142316686	 0.8840722276074415	 0.31701031917307104	 -0.18045074405189587	 
-0.8610080641082964	 0.16150631107001306	 0.48226634241364996	 1.0320738488472194	 
0.0	 0.0	 0.0	 1.0	 
6	 44	  37
0.8657086099051972	 -0.15471862917692722	 0.4760364991485668	 -0.11691881387670054	 
0.19639615865962226	 0.9797596028660973	 -0.03872556591467539	 0.026177903253320114	 
-0.4604097648831476	 0.12701679565033913	 0.878572468281908	 0.4505099031386736	 
0.0	 0.0	 0.0	 1.0	 
6	 45	  37
0.9738049511671626	 -0.07382648801533255	 -0.21506642404067225	 0.8822546409765688	 
0.04281530609671387	 0.988440179908208	 -0.14544022932763115	 -0.40091204037496747	 
0.22331763621838083	 0.13242228064170766	 0.9657088448095956	 0.695407002411332	 
0.0	 0.0	 0.0	 1.0	 
6	 46	  37
0.9911935802248766	 0.05017535573511348	 -0.12254680819117561	 0.5037890745874214	 
-0.048264591736943106	 0.9986630038782811	 0.01851307292898384	 -0.22047761402571436	 
0.12331186360385721	 -0.012435367371431314	 0.992290051312055	 0.6243818289521007	 
0.0	 0.0	 0.0	 1.0	 
6	 47	  37
0.9983311331716683	 -0.05067487366703173	 0.027694868098666756	 0.09851307479607688	 
0.03902942491142293	 0.9455322259290325	 0.3231803114683388	 -0.07752058256556843	 
-0.04256351173547331	 -0.3215600517920712	 0.9459320697387443	 0.4478497945664666	 
0.0	 0.0	 0.0	 1.0	 
6	 48	  37
0.9973272823422307	 0.0015525562455788722	 0.07304711811539967	 0.021213133338504418	 
-0.03432512349537488	 0.8925309721127029	 0.44967793999325895	 0.0031509797826263244	 
-0.06449866504733306	 -0.4509834291730219	 0.8901987805082945	 0.16840283485256188	 
0.0	 0.0	 0.0	 1.0	 
6	 49	  37
0.9994973275701253	 -0.005050847254120276	 0.03129826068958048	 -0.24228659435275013	 
-0.005835917516611027	 0.941044841284635	 0.3382315017237685	 -0.08082459328466102	 
-0.031161422414849073	 -0.33824413614073434	 0.9405423276596813	 0.36967608231861465	 
0.0	 0.0	 0.0	 1.0	 
7	 37	  37
0.6426841844124052	 0.2387179974292062	 -0.7279909043453426	 1.2734566247695847	 
-0.11243719947000026	 0.9693173259119006	 0.21859047980720608	 -0.12150840921687805	 
0.7578356782848796	 -0.05863138571098747	 0.6498056981345304	 1.2297867988192475	 
0.0	 0.0	 0.0	 1.0	 
7	 38	  37
0.7872995175780867	 0.12078083406492039	 -0.6046250571584797	 1.1657254004775963	 
-0.018070191400998456	 0.9847243456724863	 0.17318034306070854	 -0.05888321199222807	 
0.6163058800660949	 -0.1254191100370102	 0.7774555350844709	 1.1132101287897518	 
0.0	 0.0	 0.0	 1.0	 
7	 39	  37
-0.9859738057563097	 -0.007591406206598752	 -0.1667273970114871	 -0.36888595407913316	 
-0.13500294496680484	 0.623634767683	 0.7699700522664897	 -1.49469773363946	 
0.09813184606797896	 0.781678992354776	 -0.6159124074886895	 3.8790578719242834	 
0.0	 0.0	 0.0	 1.0	 
7	 44	  37
0.9819381112831375	 -0.18907086550487393	 0.007053610915169442	 1.0254871529965839	 
0.1863894340528249	 0.9730714088143307	 0.13561346622500492	 -0.24831357864326487	 
-0.03250422254372911	 -0.13184931234303376	 0.990736712932097	 0.5452875479474052	 
0.0	 0.0	 0.0	 1.0	 
7	 45	  37
0.9413173469997674	 -0.30849597617311253	 -0.13693752196646786	 0.9127182232230685	 
0.2692667195040265	 0.9310036958883905	 -0.24642960863032987	 0.06853663900803547	 
0.203511881728951	 0.19509574810117167	 0.9594376285449642	 0.36396530523692994	 
0.0	 0.0	 0.0	 1.0	 
7	 46	  37
0.9733352538231486	 -0.1539793057507435	 -0.1700260481971686	 0.6398174174882992	 
0.15655254864356685	 0.9876680790939047	 0.0017507290368350538	 -0.01915730530406689	 
0.16765972437717516	 -0.028322057472503846	 0.9854380132115335	 0.4049830851186987	 
0.0	 0.0	 0.0	 1.0	 
7	 47	  37
0.9719394678552354	 -0.20080201272802672	 -0.12252437516533284	 0.3390886099567863	 
0.23077390858472666	 0.9148784584108853	 0.33127150413558115	 0.029793453341195767	 
0.04557492667915149	 -0.350251278398946	 0.9355463473490206	 0.2497264445245116	 
0.0	 0.0	 0.0	 1.0	 
7	 48	  37
0.9770087670402975	 -0.20716990279338277	 -0.05034382288799067	 0.09739494420961181	 
0.20718192884096728	 0.8668794662025372	 0.45342655352122846	 0.11415550701274296	 
-0.05029430870519533	 -0.45343204833026934	 0.8898706985056213	 -0.07396933113789023	 
0.0	 0.0	 0.0	 1.0	 
7	 49	  37
0.9770404158448855	 -0.19358287662388127	 -0.08898143448875076	 -0.09267491616797502	 
0.21195573150647384	 0.9255243632977846	 0.3138143094630719	 0.047497713187213284	 
0.021605408748926264	 -0.3254693884534341	 0.9453057090129833	 0.09992711403995193	 
0.0	 0.0	 0.0	 1.0	 
8	 37	  37
0.68602027548819	 0.36707875302451815	 -0.6281953284584916	 1.7350434917855282	 
-0.19847892751399734	 0.9250707814387974	 0.3238057514330243	 -0.3026264265258653	 
0.6999873548515008	 -0.09745377574099903	 0.7074747095422008	 0.6993465417979026	 
0.0	 0.0	 0.0	 1.0	 
8	 38	  37
0.823599741306995	 0.26873337161264255	 -0.4994655554697978	 1.6148960799638892	 
-0.1756360844780954	 0.9581807100975152	 0.22592408598072367	 -0.17498652320249425	 
0.539291601963405	 -0.09834684427435124	 0.8363566621203075	 0.5365867039945917	 
0.0	 0.0	 0.0	 1.0	 
8	 39	  37
-0.5193194556858304	 0.2613846860996659	 -0.8136248206752005	 2.2073068920664736	 
0.17092757915586032	 0.9646072896421742	 0.20078978921522805	 0.16595095772525972	 
0.8373118090831454	 -0.03479687689660816	 -0.5456171842309888	 3.5503474347535824	 
0.0	 0.0	 0.0	 1.0	 
8	 44	  37
0.9814094629842472	 -0.14840698120774917	 0.12169976948940738	 1.4696347072876361	 
0.1507711505975541	 0.9885139700640894	 -0.01040149679719783	 0.010197932507590258	 
-0.11875826755414422	 0.02855694165934542	 0.9925124558264263	 -0.1027611447326692	 
0.0	 0.0	 0.0	 1.0	 
8	 45	  37
0.9807536655695309	 -0.15510356133754546	 -0.11859651231102179	 1.4228499854210193	 
0.12252547146994174	 0.961834488261357	 -0.2446669696384899	 -0.019437659917661658	 
0.1520189340608479	 0.22542693373113984	 0.9623268370130698	 -0.1340796932297487	 
0.0	 0.0	 0.0	 1.0	 
8	 46	  37
0.9926843957062371	 0.032835387047021145	 -0.11618746868236465	 1.1213950156709467	 
-0.03081188086516783	 0.9993413570752137	 0.01916976882022522	 -0.12242878978770237	 
0.11674038940698173	 -0.015449575934067067	 0.993042291186314	 -0.028399423877677552	 
0.0	 0.0	 0.0	 1.0	 
8	 47	  37
0.9878762631190733	 -0.15074672942531442	 0.03709329229747727	 0.6746249853761921	 
0.13269628468717484	 0.9439547910767742	 0.3022268162050215	 0.1001658223312344	 
-0.08057409506854768	 -0.2936405557323011	 0.9525140624857512	 -0.21313238577779586	 
0.0	 0.0	 0.0	 1.0	 
8	 48	  37
0.9902173471771674	 -0.09346593136312803	 0.10360369213418849	 0.5121367284085214	 
0.039669966731872126	 0.900437345903562	 0.4331730368359052	 0.1609553818692985	 
-0.13377555490038096	 -0.42482550038406536	 0.8953364703476137	 -0.4873758971903261	 
0.0	 0.0	 0.0	 1.0	 
8	 49	  37
0.9955856385215248	 -0.06984255231911438	 0.06269971495340203	 0.2861651637874546	 
0.04836038618771727	 0.9542524128288415	 0.2950654260636248	 0.12167320410163758	 
-0.08043947673537563	 -0.2907307181841735	 0.9534176105393968	 -0.31651727887689424	 
0.0	 0.0	 0.0	 1.0	 
8	 50	  37
0.9960715018983272	 0.005733756855463877	 0.08836677621331225	 -0.009849607447629104	 
-0.0013152526132718194	 0.9987493929706875	 -0.0499791971849004	 -0.03167896082702442	 
-0.08854283266631154	 0.04966662937029544	 0.9948333492150432	 0.05130772396730326	 
0.0	 0.0	 0.0	 1.0	 
8	 51	  37
0.9993793870460159	 0.019910082782106427	 -0.029059066590987562	 -0.2800766796995999	 
-0.020886565407687897	 0.9992138588172689	 -0.03369593051056274	 -0.10534057941500902	 
0.028365333296123178	 0.0342819624746304	 0.9990095869989878	 0.2672554333175766	 
0.0	 0.0	 0.0	 1.0	 
9	 10	  37
0.9986976082869075	 -0.05021606603235011	 0.00902407414895061	 -0.4501479436039725	 
0.04697882172476741	 0.9740793672460643	 0.22127443732808208	 -0.08941999034822573	 
-0.019901696193129318	 -0.22056231096391213	 0.9751698259641216	 0.5543171707810362	 
0.0	 0.0	 0.0	 1.0	 
9	 51	  37
0.998423466568485	 -0.00038240957190228096	 -0.05612873745496328	 0.2805679145636367	 
0.008271962762457884	 0.9900607171074356	 0.14039711917545453	 0.04702324369211776	 
0.05551716885275572	 -0.14064007324951736	 0.9885030165654245	 -0.09241212178848804	 
0.0	 0.0	 0.0	 1.0	 
9	 52	  37
0.9883911217251207	 -0.12301762025796996	 0.08916084118615063	 -0.27857967854073107	 
0.10994646206624185	 0.9841610793460125	 0.13906381765077439	 0.04629674450774999	 
-0.10485592960854721	 -0.1276465236759594	 0.9862614252921837	 0.2212717458751657	 
0.0	 0.0	 0.0	 1.0	 
9	 53	  37
0.9762552204135196	 -0.12971489673243075	 0.17349291103974832	 -0.5846878407989351	 
0.11542804248905209	 0.9892221816936855	 0.09008796952052324	 0.05554955546962775	 
-0.18330878763031755	 -0.06792290343381936	 0.9807060556388058	 0.5447591814914484	 
0.0	 0.0	 0.0	 1.0	 
10	 11	  37
0.9808139892556856	 -0.04108917846070137	 -0.19056651829157192	 0.16460109774156068	 
0.02232550964107378	 0.994778621904292	 -0.0995844617471178	 -0.05991432100640388	 
0.19366334216782902	 0.09341933855268587	 0.9766101254260905	 0.40034379925302627	 
0.0	 0.0	 0.0	 1.0	 
10	 51	  37
0.9969241636635502	 0.0239012531682709	 -0.07463874329540776	 0.781057608454669	 
-0.032669951044096715	 0.992408511171342	 -0.11856652669896496	 0.3711087399877716	 
0.07123823553758128	 0.12064027955731156	 0.9901368777829789	 -0.5647887805084789	 
0.0	 0.0	 0.0	 1.0	 
10	 52	  37
0.9958251963068381	 -0.056264272450816895	 0.07187843936834276	 0.19422195266285575	 
0.06066099286709903	 0.9963217317748417	 -0.06052479440327448	 0.12319285354564821	 
-0.06820866766640468	 0.06463233276589324	 0.9955753307592619	 -0.29236779382979877	 
0.0	 0.0	 0.0	 1.0	 
10	 53	  37
0.9865242382364624	 -0.05368929283153305	 0.1545554502669411	 -0.12806408851889775	 
0.06455344452005465	 0.9957192534270765	 -0.06615150153414968	 -0.018239658760256988	 
-0.15034221021577152	 0.07523714634325415	 0.9857670067706464	 0.02349889012706572	 
0.0	 0.0	 0.0	 1.0	 
10	 54	  37
0.9981241973764471	 0.004398869748408221	 -0.0610633814700681	 -0.06202208063835028	 
-0.017186682040894755	 0.9774393376555461	 -0.2105159356531269	 -0.1888073243094191	 
0.058759718958208945	 0.2111705262303972	 0.9756814563573136	 0.33338313748479986	 
0.0	 0.0	 0.0	 1.0	 
11	 12	  37
0.9460442929814687	 0.04088320541758858	 -0.3214479106044658	 0.1018524166679974	 
-0.110626001194085	 0.9731570895474017	 -0.20180972950637513	 -0.17268414330517412	 
0.30456868449825775	 0.2264814398100067	 0.9251724562721194	 0.17661912814904704	 
0.0	 0.0	 0.0	 1.0	 
11	 52	  37
0.9628661485207951	 -0.04912171726114089	 0.26547285534691956	 -0.09872506976924293	 
0.04677986565559126	 0.9987904639900239	 0.015141109993598427	 0.16460830241346233	 
-0.2658955136928319	 -0.00216007775553085	 0.9639994345756205	 -0.6930557910514162	 
0.0	 0.0	 0.0	 1.0	 
11	 53	  37
0.9374133355699551	 -0.034696243468590224	 0.3464857991098313	 -0.3629659445676836	 
0.033988528986442716	 0.999389229501867	 0.008120828344524393	 0.07617932929548409	 
-0.3465559380431215	 0.00416396984040367	 0.938020065436886	 -0.3085698568604211	 
0.0	 0.0	 0.0	 1.0	 
11	 54	  37
0.9906471199971686	 0.04217031566180689	 0.12976882567973436	 -0.2635829190969124	 
-0.019175262391989804	 0.9846316665358253	 -0.17358799084925317	 0.015909896749900825	 
-0.13509475546264538	 0.1694760919181982	 0.976231151579697	 0.009893883032633109	 
0.0	 0.0	 0.0	 1.0	 
11	 55	  37
0.9927711287718171	 0.05708367803005644	 -0.10557906790502274	 -0.18614634523470644	 
-0.0655220770786071	 0.9947772819411553	 -0.0782624862183139	 -0.055195323769595225	 
0.10056014763532146	 0.08461449660860491	 0.9913264062210962	 -0.01293186560874402	 
0.0	 0.0	 0.0	 1.0	 
12	 52	  37
0.8502633935209981	 -0.22698424559117497	 0.4749003199531049	 -0.2781623675432401	 
0.12243223411195839	 0.9627795226694972	 0.24096875062681866	 0.20532814247217884	 
-0.5119204134321179	 -0.14674380048813168	 0.8464063724534385	 -0.8794592435051929	 
0.0	 0.0	 0.0	 1.0	 
12	 54	  37
0.9077323604424349	 -0.05915432021919588	 0.4153585537881827	 -0.3375184137568466	 
0.008484325139735394	 0.9923960687111758	 0.12279274829372633	 -0.01845061698340683	 
-0.4194639174381138	 -0.10793891423396869	 0.9013319104311481	 -0.06383772747802718	 
0.0	 0.0	 0.0	 1.0	 
12	 55	  37
0.977954774329208	 -0.054678923196410434	 0.20153082822433838	 -0.3227330859667743	 
0.018391327353988574	 0.9839116573000721	 0.17770652691216327	 -0.03061640426833098	 
-0.2080053327317959	 -0.17008252698941762	 0.9632267207506376	 -0.08617406199249464	 
0.0	 0.0	 0.0	 1.0	 
12	 56	  37
0.9619795209701606	 0.07197914485452284	 -0.26346613433235033	 -0.26986970263240845	 
0.04560477071233973	 0.9087728564590606	 0.41479163474148684	 0.0696838931844195	 
0.2692872186389376	 -0.41103637073773835	 0.8709382847300106	 -0.069596617391689	 
0.0	 0.0	 0.0	 1.0	 
13	 14	  37
0.9711831970607462	 0.06264648494257116	 -0.22995350762971317	 0.12711472222724457	 
-0.08442076909687884	 0.9927034724060894	 -0.08609848789603528	 -0.09432970057651976	 
0.22288187789041938	 0.1030302567075928	 0.9693855965047181	 0.09836824126042643	 
0.0	 0.0	 0.0	 1.0	 
13	 15	  37
0.7929739303752453	 0.25042044852113887	 -0.5554115093403332	 0.3728535558900143	 
-0.139426052517897	 0.9620198007331038	 0.23468761977726024	 -0.09605260777766178	 
0.5930874485474396	 -0.1086623299948553	 0.7977717570932034	 0.31139384261691944	 
0.0	 0.0	 0.0	 1.0	 
13	 54	  37
0.8690517022288667	 0.14899875564365944	 -0.4717504739475622	 3.4437401580600526	 
-0.09992110336756804	 0.986780415322307	 0.12759382837011454	 -0.8590571367653547	 
0.4845254502654282	 -0.06374780586793216	 0.8724513197262688	 0.7238227658122304	 
0.0	 0.0	 0.0	 1.0	 
13	 55	  37
0.7426086886708813	 -0.06558476052612885	 0.6665065451270863	 -0.569534787780914	 
0.11709805425608605	 0.9925786341011351	 -0.03279787821435506	 0.0030034740603415645	 
-0.6594091151932562	 0.10240260891527757	 0.7447773657190391	 0.044356631194861745	 
0.0	 0.0	 0.0	 1.0	 
13	 56	  37
0.9653867209244572	 -0.11488077571388267	 0.23415995907519907	 -0.543875597565378	 
0.06482578262868888	 0.9752861081639836	 0.21122174397757248	 0.06194312981384814	 
-0.2526382729700717	 -0.1887310641991027	 0.9489754941182483	 0.04324674367650143	 
0.0	 0.0	 0.0	 1.0	 
13	 57	  37
0.9710848528797227	 0.14601396842414904	 -0.18887596335319867	 -0.42279840261085005	 
-0.10137273874342986	 0.9684851956280252	 0.227508227739134	 0.058098311603295344	 
0.21614295349889048	 -0.20178292017506602	 0.9552831395865828	 0.2324186463310177	 
0.0	 0.0	 0.0	 1.0	 
14	 15	  37
0.9147659714496982	 0.12054132228215043	 -0.3855813884255308	 0.28137559443965526	 
-0.01161423842915284	 0.9618993149507491	 0.2731571294383346	 0.025837529087342388	 
0.4038171949575696	 -0.24539661269005122	 0.8813127569352717	 0.15726323243792406	 
0.0	 0.0	 0.0	 1.0	 
14	 18	  37
0.5592153852570378	 0.1599891875542601	 -0.8134381431661232	 0.6416775020794779	 
-0.030568590946692464	 0.9845137319745989	 0.17262176224619502	 0.20505313986600018	 
0.8284586375549214	 -0.07166708741937233	 0.555445869947259	 0.16905585778116777	 
0.0	 0.0	 0.0	 1.0	 
14	 56	  37
0.8424701555147516	 -0.25074026121419973	 0.47683682583582493	 -0.7524999894856711	 
0.09746819969794061	 0.9414237312496627	 0.3228332515209741	 0.09333655045174574	 
-0.529852797590606	 -0.2255009526503102	 0.8175605991235206	 0.11732117785497369	 
0.0	 0.0	 0.0	 1.0	 
14	 57	  37
0.9936539563563477	 -0.09936460514427008	 0.05271138645398101	 -0.5493969221346399	 
0.0807857305952815	 0.9565253195410724	 0.2802373615509483	 0.11246419796346631	 
-0.0782654505485292	 -0.27420063515858895	 0.9584824103388973	 0.2326487448413438	 
0.0	 0.0	 0.0	 1.0	 
15	 18	  37
0.7810710928120838	 0.18905618931288629	 -0.595135031111282	 0.48705942323953744	 
-0.2042564103264788	 0.9779898048312232	 0.04260587385239489	 -0.051010485555452165	 
0.5900908970776264	 0.0882819286642243	 0.8024955041976535	 0.055087553354919674	 
0.0	 0.0	 0.0	 1.0	 
15	 56	  37
0.7866185345082103	 -0.25012842904943755	 0.5645060231294404	 -0.5731395654819328	 
0.3080826167970752	 0.9513278307773948	 -0.007775578167754594	 0.27562524139666333	 
-0.5350853972924529	 0.18003090670670116	 0.8253923250398818	 -0.021805739427386124	 
0.0	 0.0	 0.0	 1.0	 
15	 57	  37
0.9057898988520023	 -0.19409585009350583	 0.37665828029416587	 -0.6780570869419157	 
0.1815965592785348	 0.9809636967205536	 0.06879618720934767	 -0.07331284691256706	 
-0.3828411534773619	 0.006084956271431917	 0.9237941461772196	 0.4321501609690554	 
0.0	 0.0	 0.0	 1.0	 
15	 62	  37
0.21188289396150217	 0.4636284576172741	 -0.8603222027437893	 0.8525391460348885	 
-0.27708322210819425	 0.8726857818678607	 0.40205026321570925	 -0.987599672817831	 
0.9371928975790628	 0.15319327469934008	 0.31337085587886526	 2.4115080949387213	 
0.0	 0.0	 0.0	 1.0	 
16	 17	  37
0.9945408425404307	 -0.04154408173526268	 -0.09572148030480823	 0.13442484522112594	 
0.035617831618642994	 0.9973897391779808	 -0.06280985793062382	 -0.14106646558220887	 
0.09808100014659317	 0.05905757745838342	 0.993424541651247	 -0.160726643589625	 
0.0	 0.0	 0.0	 1.0	 
16	 61	  37
