1	 2	  37
0.8663506888136955	 -0.09819099283147571	 0.4896886898007799	 -0.20390731671755002	 
0.05009577093632843	 0.9926229034680556	 0.1104091719239924	 -0.10238144649502577	 
-0.4969173952744365	 -0.07112172971332983	 0.8648784896366968	 0.32209741583408347	 
0.0	 0.0	 0.0	 1.0	 
2	 3	  37
0.8532296942589674	 -0.1337671377193244	 0.504088724036879	 -0.5293366281864076	 
0.13160092582185798	 0.990491750007946	 0.04009101506604717	 0.008747254125037506	 
-0.5046585827642086	 0.032131698252276755	 0.862720852193713	 0.09135887887656503	 
0.0	 0.0	 0.0	 1.0	 
2	 5	  37
0.7141811929893929	 -0.15722036561670263	 0.6820754945133253	 -1.0262467698176072	 
0.11137157237427472	 0.9875579470766803	 0.11102105220440892	 -0.10141904119832833	 
-0.6910438455316199	 -0.003325327208372442	 0.7228051921173696	 0.23350729015135005	 
0.0	 0.0	 0.0	 1.0	 
2	 7	  37
0.8497482596339457	 -0.10974243912886018	 0.5156398862608746	 -0.8881557048015638	 
0.12027204546713666	 0.9926550319221699	 0.013062261624488843	 -0.13186441841591937	 
-0.5132860122078434	 0.05091742976274506	 0.8567058334213232	 0.3261074845434928	 
0.0	 0.0	 0.0	 1.0	 
3	 4	  37
0.958236020991894	 -0.02684463012663602	 0.28471581253415745	 -0.3664718538761979	 
0.0012416658542199728	 0.995965678952913	 0.08972638749981911	 0.0716892565497972	 
-0.28597584922424457	 -0.08562553463322338	 0.9544035213049277	 -0.3695652811705621	 
0.0	 0.0	 0.0	 1.0	 
3	 5	  37
0.9768201939581226	 0.009836583416001448	 0.2138353345504806	 -0.45457240846113367	 
-0.017138133783690213	 0.9993306696566083	 0.03231867964640477	 -0.008690202865744732	 
-0.2133743026843397	 -0.035234277491877825	 0.9763349592448267	 -0.1644954577821265	 
0.0	 0.0	 0.0	 1.0	 
3	 6	  37
0.986171869038996	 0.04370653430604526	 0.15985863622303406	 -0.48650109533750413	 
-0.007218790604909521	 0.9750103454718889	 -0.22204214754183513	 -0.09425483175717689	 
-0.1655685168694106	 0.21781773362548368	 0.9618432830455916	 -0.011152110400702554	 
0.0	 0.0	 0.0	 1.0	 
3	 7	  37
0.9977896611320879	 0.02561624697432477	 -0.06131557737527371	 -0.27150013673898876	 
-0.028342550151722018	 0.9986287659894881	 -0.04401462926356482	 -0.045562269856301005	 
0.06010400975650352	 0.045655181844587014	 0.9971474877779753	 -0.01749126380162999	 
0.0	 0.0	 0.0	 1.0	 
3	 38	  37
0.44603047171067645	 -0.45802806425940973	 0.7689389511894483	 -2.1894772819322155	 
0.2901703435496595	 0.8867302680795076	 0.3598758166311213	 -0.4384105301088025	 
-0.8466746659903217	 0.06260769938611342	 0.5284148805131756	 1.4036397254892565	 
0.0	 0.0	 0.0	 1.0	 
3	 39	  37
0.07684751739654731	 -0.3181154234295747	 0.9449322919903901	 -2.20199366396919	 
0.2709610168983015	 0.9187290496809718	 0.2872578294733472	 -0.6191571610394465	 
-0.9595178926895672	 0.23396476369001137	 0.1567989252515827	 1.5674577005748593	 
0.0	 0.0	 0.0	 1.0	 
3	 40	  37
0.04923898535134312	 -0.49086097386106786	 0.8698454038860783	 -1.8435415211044617	 
0.22692133143182253	 0.853624596719217	 0.4688621942715821	 -0.7402002527012966	 
-0.972667585387104	 0.1743001784741432	 0.15341843474987832	 1.7526382977266683	 
0.0	 0.0	 0.0	 1.0	 
3	 41	  37
0.2328495166898092	 -0.5159689101478443	 0.8243525861778853	 -1.654784884193248	 
0.20920784181971755	 0.8543822575594665	 0.4756711436367822	 -0.7037751896374111	 
-0.9497437451746961	 0.061701229553664104	 0.3068872378791719	 1.3128585798297305	 
0.0	 0.0	 0.0	 1.0	 
3	 45	  37
-0.1493352381654292	 -0.033778275844987854	 0.9882094994094188	 -2.005020152884466	 
0.23304092639629276	 0.9700602427359895	 0.06837435255525837	 -0.8097307052749216	 
-0.9609323146124453	 0.2405039574392343	 -0.13699245668880744	 1.7031565530412656	 
0.0	 0.0	 0.0	 1.0	 
3	 46	  37
0.10838342524716714	 -0.26975749107862024	 0.9568092438614184	 -2.395207604949323	 
0.24676686388076507	 0.9396552892926712	 0.23696846244755454	 -0.8178482626305283	 
-0.9629948847331135	 0.21042536280418783	 0.16841026888697216	 1.4791043423601091	 
0.0	 0.0	 0.0	 1.0	 
3	 47	  37
0.43128427048845436	 -0.36546849628770434	 0.8248797829080576	 -1.894843184089538	 
0.1393311744390297	 0.9302934796216126	 0.33932413059337696	 -0.4658664585893769	 
-0.8913925632731521	 -0.03141369119850191	 0.452142099507006	 1.3250660416981102	 
0.0	 0.0	 0.0	 1.0	 
4	 5	  37
0.9956955347260915	 0.0216051441836862	 -0.09013112598500993	 -0.10060540815438453	 
-0.026481664720193546	 0.998229239855498	 -0.05326449221725425	 -0.11335345329773204	 
0.08882073834511214	 0.055422039319360836	 0.9945045369416438	 0.1608339244499777	 
0.0	 0.0	 0.0	 1.0	 
4	 6	  37
0.9890254473026034	 -0.03674115074539351	 -0.14310399166267138	 -0.15142141123730166	 
-0.01196072466611999	 0.9454959262383946	 -0.3254141891990284	 -0.16015094756293688	 
0.14726033292556043	 0.3235545414740834	 0.9346800805827352	 0.30592323358523305	 
0.0	 0.0	 0.0	 1.0	 
4	 7	  37
0.9460898729379656	 0.03045078706390659	 -0.3224696914307024	 -0.06815793331326182	 
-0.06940845190550395	 0.9915041594645961	 -0.1100089476746638	 -0.18512056471261126	 
0.3163801813140406	 0.12646047339621241	 0.9401655862347337	 0.3223459763749266	 
0.0	 0.0	 0.0	 1.0	 
4	 38	  37
0.6844571002219519	 -0.5021430316794498	 0.528555440508872	 -2.196845451691838	 
0.4217096110766809	 0.8640840157173625	 0.2748086929252979	 -0.6419828684562103	 
-0.5947095777615421	 0.03480214817402713	 0.8031869823404523	 0.9991046703171168	 
0.0	 0.0	 0.0	 1.0	 
4	 39	  37
0.3096201242832957	 -0.365266597850564	 0.8779041468938793	 -2.298651743700248	 
0.34760950998317	 0.9028475056773713	 0.2530494221716556	 -0.8299413303282809	 
-0.8850440707716521	 0.22681863677136999	 0.4065099000087454	 1.355479751197904	 
0.0	 0.0	 0.0	 1.0	 
4	 40	  37
0.3734134484714236	 -0.47214944977261103	 0.7985219430799005	 -2.0412477628610337	 
0.30893509521687035	 0.87494448580034	 0.3728689497811824	 -0.8003241872486	 
-0.8747122403648088	 0.10745717215243977	 0.4725795728858559	 1.4649528616877574	 
0.0	 0.0	 0.0	 1.0	 
4	 41	  37
0.13435569434265782	 -0.5603516875860629	 0.8172848546358568	 -1.839283488410224	 
0.31185217692835854	 0.8067659461371302	 0.5018734182027422	 -0.9982562245576646	 
-0.940583205858336	 0.1874425095140168	 0.28314049248445855	 1.6198413993314782	 
0.0	 0.0	 0.0	 1.0	 
4	 46	  37
0.4470954468512811	 -0.22946161718266578	 0.8645536580483416	 -2.457392838439058	 
0.2681561320687975	 0.9564651043130807	 0.11518156564862818	 -0.7725845261393179	 
-0.853345153052828	 0.18033821134547	 0.48916273293246837	 1.0231853667764854	 
0.0	 0.0	 0.0	 1.0	 
4	 47	  37
0.22023424105139353	 -0.485651004473087	 0.8459550702743023	 -1.8915858242658983	 
0.265815560754596	 0.8643068020643487	 0.4269845893776729	 -0.7977244901327206	 
-0.9385302162046982	 0.13083139439592434	 0.31944354667324487	 1.436410370118224	 
0.0	 0.0	 0.0	 1.0	 
5	 6	  37
0.9991440506127514	 -0.03315867084539902	 -0.024731936295221902	 -0.09334633122660817	 
0.025630147345753654	 0.96552005587177	 -0.25906392503860654	 -0.07760573114705847	 
0.03246939593185201	 0.2582082962593188	 0.9655434811911268	 0.14484854231874092	 
0.0	 0.0	 0.0	 1.0	 
5	 7	  37
0.9691716559873658	 -0.008075291619726619	 -0.24625411853604323	 0.08916431000475475	 
-0.010551286808021115	 0.997185590717988	 -0.07422646435815647	 -0.042942701982743726	 
0.24616045900469496	 0.07453648321241184	 0.9663588055649535	 0.17172169790296868	 
0.0	 0.0	 0.0	 1.0	 
5	 38	  37
0.5670166543654886	 -0.5300475791149851	 0.6305090622239395	 -2.0388125434718183	 
0.41804858986401094	 0.8447242643431837	 0.33418003193275797	 -0.560574507806596	 
-0.7097376206633548	 0.07409778069693324	 0.7005583692390734	 1.1559959576259666	 
0.0	 0.0	 0.0	 1.0	 
5	 39	  37
0.24324796502327625	 -0.3427247743759093	 0.9073974633758993	 -2.0599129396965843	 
0.2676789772167407	 0.9228867047292487	 0.27681780179422694	 -0.6538608397196047	 
-0.9322973735178249	 0.17555585795686363	 0.31623052994420897	 1.400049798611781	 
0.0	 0.0	 0.0	 1.0	 
5	 40	  37
0.2850234289875832	 -0.4714842550879854	 0.8345443320353244	 -1.8275855000379007	 
0.25635424461765244	 0.8764387587439951	 0.4075998079462217	 -0.6433381734569367	 
-0.9236038903094075	 0.0977634869233465	 0.37067257037703183	 1.5354858638356237	 
0.0	 0.0	 0.0	 1.0	 
5	 45	  37
-0.15284288973349133	 -0.295151693525533	 0.9431460803432973	 -1.9135377837502827	 
0.19303512706742298	 0.9270595535811567	 0.32140009930298824	 -1.582051239670593	 
-0.9692143678134265	 0.23118404340031004	 -0.0847198164605182	 1.912793927182669	 
0.0	 0.0	 0.0	 1.0	 
5	 46	  37
0.30338157815754524	 -0.30484273221871433	 0.9027904112517287	 -2.2193671876449037	 
0.28802103306934745	 0.9324633808299654	 0.21807321688097306	 -0.811958870632616	 
-0.908297034314382	 0.19386323020258103	 0.37069333070763183	 1.170773493353959	 
0.0	 0.0	 0.0	 1.0	 
6	 7	  37
0.9805626952669588	 0.016734157573951722	 -0.19549109601484962	 0.13768321307602407	 
0.019981131367735355	 0.9826595050559365	 0.18433950068416485	 0.021701788479045945	 
0.19518594990434732	 -0.18466257090572524	 0.9632248854065311	 0.016463166201723587	 
0.0	 0.0	 0.0	 1.0	 
6	 46	  37
0.15900788473954636	 -0.28052045143290677	 0.9465858486785725	 -2.279582207492004	 
0.04701255850948152	 0.9598479037562647	 0.2765534686043482	 -0.37166069608788516	 
-0.9861573464377008	 0.0005272405350866352	 0.16581136898406718	 1.569781963814318	 
0.0	 0.0	 0.0	 1.0	 
7	 38	  37
0.35721368427775363	 -0.5210414758951408	 0.7751865350750912	 -1.7748593817767895	 
0.3693592354912411	 0.8410947181283033	 0.39513722969874215	 -0.453473039767722	 
-0.8578881855591903	 0.14517388034244688	 0.4929020242850273	 1.520030690360356	 
0.0	 0.0	 0.0	 1.0	 
7	 46	  37
0.10274831144470634	 -0.23460463331497192	 0.9666454626813336	 -1.9630068376437608	 
0.18223530823449627	 0.9597806849702855	 0.2135680902912418	 -0.6009501497937868	 
-0.9778717078062642	 0.15421317318931438	 0.14136909240333448	 1.5297380801784726	 
0.0	 0.0	 0.0	 1.0	 
8	 9	  37
-0.5484101857098349	 -0.24981338531330968	 0.7980222683158712	 -2.102144545810951	 
-0.27465672537076175	 -0.8475741340650664	 -0.45407242866360376	 1.5242064307595409	 
0.7898164036143556	 -0.4682001279177074	 0.39620536190153716	 1.8829730499871506	 
0.0	 0.0	 0.0	 1.0	 
8	 35	  37
-0.8429875263550675	 -0.13553685168294716	 0.5205783247943001	 -1.8596934187728091	 
-0.24394652452533205	 -0.7661881755105029	 -0.5945130552644727	 2.068215158919497	 
0.4794393846794158	 -0.6281603629199801	 0.6128233308829406	 0.7592930976880581	 
0.0	 0.0	 0.0	 1.0	 
8	 36	  37
-0.8288880787333286	 0.04673261583026464	 0.5574590707410114	 -2.0509325103509704	 
-0.37779857834824476	 -0.7816864374040776	 -0.49622026135232133	 1.9784424480425855	 
0.4125685241651575	 -0.6219183034741634	 0.6655860850949353	 1.0777582152570568	 
0.0	 0.0	 0.0	 1.0	 
8	 37	  37
0.7856752484717611	 -0.44767055260928174	 0.42697245843887477	 -1.4358483322203652	 
0.32493500324405566	 0.8859339987633428	 0.3309655473036105	 -0.6432520373141684	 
-0.526432946922608	 -0.12129314144539885	 0.8415202470723361	 1.018405859343656	 
0.0	 0.0	 0.0	 1.0	 
8	 38	  37
-0.08238378371365469	 -0.5768986307114206	 0.8126505288648436	 -1.0186659238144853	 
0.45611039845841156	 0.703185996549903	 0.5454289675789401	 -0.790156218500965	 
-0.8861016965332652	 0.4155928586241684	 0.20519834127366016	 1.3659895350216407	 
0.0	 0.0	 0.0	 1.0	 
9	 10	  37
0.8327347401469086	 0.14508912442306593	 -0.5343238704443287	 0.3165953057424817	 
-0.22097476654936066	 0.9719546564657643	 -0.08046302457012532	 -0.17975762353832117	 
0.5076642641558644	 0.18507644839002418	 0.841441443684835	 0.45023622150311726	 
0.0	 0.0	 0.0	 1.0	 
9	 11	  37
0.8294167870836715	 0.03155846353783786	 -0.5577381614009661	 0.32417634502162623	 
-0.28988936251942304	 0.8777671902292737	 -0.38143009484712675	 -0.35903031537648017	 
0.47752691107610007	 0.4780468838264055	 0.7371833056045028	 0.31382234312660967	 
0.0	 0.0	 0.0	 1.0	 
9	 32	  37
-0.6404314482994459	 -0.7543481460132154	 -0.14424435737836658	 -0.25265710056204604	 
0.1053255087807841	 -0.2723056156047537	 0.9564288728965603	 -2.182076603990699	 
-0.760758895596458	 0.597334517934917	 0.2538451820585079	 0.4237036107417479	 
0.0	 0.0	 0.0	 1.0	 
9	 33	  37
-0.920657384641201	 -0.09187713419871818	 -0.37940555124701963	 1.1696561451621674	 
-0.28306518915507123	 0.826402481816809	 0.48675767763397726	 -1.6850263796641796	 
0.2688197886953782	 0.555533554574744	 -0.7868407659414468	 3.9092560299479797	 
0.0	 0.0	 0.0	 1.0	 
9	 35	  37
0.8393737738442894	 -0.26882448303433676	 0.4724246660619215	 -1.8064607354911806	 
0.20914143461486073	 0.9619545563777975	 0.17579332123614358	 -0.386826899648065	 
-0.50170860876572	 -0.04875273105496659	 0.8636617642949398	 0.10460606193323312	 
0.0	 0.0	 0.0	 1.0	 
9	 36	  37
0.5647768549170541	 -0.4249849486654127	 0.7074000972277693	 -1.428025652802448	 
0.4133455041561513	 0.8876035404285312	 0.20323742079802368	 -0.5888109311702424	 
-0.7142636756435942	 0.17761685850896106	 0.67696355384135	 0.46130396535547225	 
0.0	 0.0	 0.0	 1.0	 
9	 37	  37
-0.9271357429592197	 -0.06137852163524233	 0.3696647010593898	 -0.5958980581646319	 
-0.25339994010301337	 -0.6240502474228936	 -0.7391547598759101	 2.011683303048136	 
0.27605757458045804	 -0.7789698105660431	 0.5630259760823274	 1.1759548254426324	 
0.0	 0.0	 0.0	 1.0	 
10	 11	  37
0.9979636814459515	 -0.05264730694624172	 -0.03601043718357166	 0.08965952784589272	 
0.035525756937092846	 0.9276659941804535	 -0.37171726329999455	 0.008718900884515777	 
0.0529755708689425	 0.3696810305012944	 0.9276473061345084	 -0.025372033049723172	 
0.0	 0.0	 0.0	 1.0	 
10	 12	  37
0.9482064597069401	 -0.06460062764486924	 -0.31101650869032715	 0.13417414146418744	 
-0.04364093727044994	 0.9433258777080696	 -0.3289859526491328	 -0.01588376353404218	 
0.3146426200694813	 0.3255196574005777	 0.8916484589128293	 0.3692508469002194	 
0.0	 0.0	 0.0	 1.0	 
10	 32	  37
-0.40274961921300834	 0.7472365966222323	 -0.5286115898201634	 0.147048332116936	 
-0.7474991190101254	 -0.6018114258426331	 -0.2811904600165939	 1.217867194591022	 
-0.5282402969320529	 0.2818873469910999	 0.8009380202634009	 -0.4997843928442644	 
0.0	 0.0	 0.0	 1.0	 
10	 33	  37
0.778074589288621	 -0.21246156406804714	 0.5911514334729315	 -1.903958577868287	 
0.28617234542743936	 0.9576272845971753	 -0.03248649731193245	 -0.46897656749156735	 
-0.5592006099924258	 0.19444811027314943	 0.8059060802570601	 0.21705938725332471	 
0.0	 0.0	 0.0	 1.0	 
10	 35	  37
0.014954720987290528	 0.7102357991395077	 0.7038049914151333	 -1.8694317487748213	 
0.10912258116832635	 0.6985200888763794	 -0.7072212862430651	 2.354274015731906	 
-0.9939158005582533	 0.08737731431440882	 -0.06705659060708834	 2.5257813689229587	 
0.0	 0.0	 0.0	 1.0	 
10	 36	  37
-0.14161365609400306	 0.9209476604178912	 0.36304404578301896	 -1.2984204260485983	 
0.362520369547651	 0.3895103131760563	 -0.8466762649280575	 2.271731836520568	 
-0.9211539252864984	 0.011709940234857903	 -0.3890222657239195	 2.4347630641317184	 
0.0	 0.0	 0.0	 1.0	 
11	 12	  37
0.9491763628808298	 -0.020156854168962055	 -0.3140986045469346	 0.14135015671488485	 
0.050496370453863446	 0.9947724845310463	 0.08875708755314428	 0.03817465583979974	 
0.3106675855626178	 -0.10010696903783235	 0.9452323767364048	 0.39330053798769854	 
0.0	 0.0	 0.0	 1.0	 
11	 32	  37
-0.8431152633913154	 -0.2101592309889982	 0.494964392928122	 -1.4755124056519797	 
-0.0018899499717473693	 0.9216176096393116	 0.3880945885886906	 -0.8731777071911953	 
-0.5377295609557801	 0.3262730133382677	 -0.7774270641297932	 3.3210934605835876	 
0.0	 0.0	 0.0	 1.0	 
11	 33	  37
-0.8894449438417766	 0.45400012853357646	 0.052645751640514	 -0.7742551082999607	 
-0.4556419164338873	 -0.889827653817676	 -0.02443748124877551	 -0.576005761811708	 
0.03575102603776569	 -0.045723405306537825	 0.9983141962049931	 1.2780753774592568	 
0.0	 0.0	 0.0	 1.0	 
13	 14	  37
0.9146200014832186	 0.0682234225047305	 -0.3985170228592224	 0.003274479590382436	 
-0.05397395960084932	 0.997441181331508	 0.04688178184552092	 -0.06825504910386433	 
0.40069572567204037	 -0.021369473689031537	 0.9159619429989495	 0.45048056159479205	 
0.0	 0.0	 0.0	 1.0	 
13	 15	  37
0.8986728346669989	 0.18496013313413934	 -0.39771457778484975	 -0.015015753389543265	 
-0.09158383672131659	 0.9658820141458834	 0.24224849968760226	 -0.04364562033688735	 
0.428951672199775	 -0.18127791895454975	 0.8849512862392616	 0.560522834047666	 
0.0	 0.0	 0.0	 1.0	 
13	 16	  37
0.8910397639043466	 0.1230122809089599	 -0.43693948996040655	 -0.24268093934868515	 
-0.04147316328904157	 0.9806161375051794	 0.1914992626388482	 -0.0964499866922311	 
0.4520266760580462	 -0.1525121949550172	 0.8788696800561026	 0.9327296667958623	 
0.0	 0.0	 0.0	 1.0	 
14	 15	  37
0.9991245654021768	 0.03908554302695195	 -0.014913857187145736	 0.008654928632811155	 
-0.035501035744806037	 0.9807540755961301	 0.19199249897489623	 0.03416431274621869	 
0.022130957298687227	 -0.19129496472167734	 0.9812830668065021	 0.12361700539280462	 
0.0	 0.0	 0.0	 1.0	 
14	 16	  37
0.9997152548014173	 0.023826132787483183	 -0.0013132835680555145	 -0.14138638302099338	 
-0.02339984396767662	 0.9896374355742248	 0.14166931005817612	 -0.05537021940909005	 
0.004675106375829226	 -0.14159823977177227	 0.9899131688556879	 0.5443115003458463	 
0.0	 0.0	 0.0	 1.0	 
15	 16	  37
0.9997288292162207	 -0.023123980901663573	 -0.002747642848533279	 -0.11373421050439486	 
0.02294729729739827	 0.998348367310429	 -0.052668387438257205	 -0.154430418042035	 
0.00396100753702924	 0.05259105433304272	 0.9986082772656303	 0.41036985666171677	 
0.0	 0.0	 0.0	 1.0	 
15	 57	  37
0.7620248571099575	 -0.1458457683885659	 0.6309097629532281	 -2.32454643206287	 
0.2964206985475596	 0.9447973741990132	 -0.1396162282087139	 -0.7848143765162009	 
-0.5757194513121179	 0.293405749006048	 0.7631907886178104	 0.32381368297179725	 
0.0	 0.0	 0.0	 1.0	 
16	 24	  37
0.9904059913230046	 0.04681511624088601	 -0.13001660371986604	 -0.23791208529165186	 
0.013282386865748294	 0.904259764929672	 0.4267761189763122	 -0.4107721867504915	 
0.137548357135391	 -0.42440855601729627	 0.8949624724136025	 1.3229156060397567	 
0.0	 0.0	 0.0	 1.0	 
16	 55	  37
0.6586459623417605	 -0.12244413696624207	 0.7424236860536497	 -1.8960593277367235	 
0.18966020865427782	 0.981829381312754	 -0.006330185165666558	 -0.12325959762543433	 
-0.7281582942905424	 0.14497758210705533	 0.6699007382756642	 0.3147242432299363	 
0.0	 0.0	 0.0	 1.0	 
16	 56	  37
0.8165708949800112	 0.007763920029750775	 0.5771929443585695	 -1.5971335194430734	 
0.18986717683631138	 0.9406600789149357	 -0.2812633482982722	 -0.08061805970538297	 
-0.545126066732964	 0.33926145888019466	 0.7666415289343058	 -0.08731673571435929	 
0.0	 0.0	 0.0	 1.0	 
16	 57	  37
0.8600493630916932	 -0.14014546739420045	 0.4905857121996461	 -1.9284926230348107	 
0.2411993047403183	 0.9589854661764854	 -0.14889516800439087	 -0.4669339558485741	 
-0.4495975850005874	 0.24638612710769525	 0.8585778286972652	 -0.3626673569110913	 
0.0	 0.0	 0.0	 1.0	 
16	 58	  37
0.7806832614581434	 0.08918575705804162	 0.6185301496427318	 -1.0699768247579575	 
-0.2172422898739043	 0.966765582343751	 0.1347964995312963	 -0.9924567852906254	 
-0.5859517324570503	 -0.23960427695166941	 0.7741126259770275	 0.7248210014746892	 
0.0	 0.0	 0.0	 1.0	 
17	 18	  37
0.9957285755906484	 0.06511474765411153	 -0.06545741661691554	 -0.3027032799657799	 
-0.06683073457118885	 0.9974665603026279	 -0.024374453731714044	 -0.14704597856215046	 
0.06370444779522345	 0.02864490733072066	 0.9975576237065807	 0.2997372330755854	 
0.0	 0.0	 0.0	 1.0	 
17	 19	  37
0.9988397090682385	 -0.028591802005211463	 0.038752347626569296	 -0.6235036876774788	 
0.029813461645859924	 0.9990645984215998	 -0.03132228735863902	 -0.2537944755561756	 
-0.03782053798092399	 0.03244128602230651	 0.9987578134202763	 0.5000577523237393	 
0.0	 0.0	 0.0	 1.0	 
17	 20	  37
0.8627184496331008	 -0.22204122244020974	 0.45432870501424094	 -0.5584136210684415	 
0.1404981262880448	 0.9683174863642575	 0.20644980530568294	 -0.2252926747225384	 
-0.4857747967651352	 -0.11427572418699954	 0.8665817363003496	 0.4719004242098651	 
0.0	 0.0	 0.0	 1.0	 
17	 21	  37
0.7874146970385258	 -0.3900308287952911	 0.4773405990244122	 -0.5308252064973827	 
0.22860218497124235	 0.9039189753253742	 0.36148516853821133	 -0.2663693143732146	 
-0.5724675850335111	 -0.1755176305559739	 0.8009209857719528	 0.5007650353475844	 
0.0	 0.0	 0.0	 1.0	 
17	 22	  37
0.8088323436820868	 -0.38270631615880757	 0.4464595338727773	 -0.6021275087359368	 
0.13759236231164873	 0.8613282008982031	 0.4890624419958713	 -0.37340013103564373	 
-0.57171547263236	 -0.3341400992242922	 0.7493275735238479	 0.6685079884813189	 
0.0	 0.0	 0.0	 1.0	 
17	 54	  37
0.9572032696377005	 -0.062050535566601714	 0.28268645462913977	 -1.4566973463271178	 
0.002610829954455746	 0.9785577934732431	 0.20595588945142232	 0.41257487188184366	 
-0.2894047065302218	 -0.19640360452057767	 0.9368407228389891	 -0.9621581325012241	 
0.0	 0.0	 0.0	 1.0	 
17	 55	  37
0.9300433848790136	 -0.09302771522250218	 0.3554787566694621	 -1.5887568517452917	 
0.12451334278603765	 0.989974004143114	 -0.06669256772006221	 0.19777555937214628	 
-0.3457104709305639	 0.10628882971097882	 0.9323019655495943	 -1.037124083939205	 
0.0	 0.0	 0.0	 1.0	 
17	 56	  37
0.9542881781551152	 0.15140329966843377	 0.2577035387473375	 -1.4799608383938194	 
-0.034328935250241624	 0.9120227308728213	 -0.4087004558057953	 0.46196218492094415	 
-0.29691008274892694	 0.3811713252866628	 0.8755300243516683	 -1.0479098188835834	 
0.0	 0.0	 0.0	 1.0	 
17	 57	  37
0.9758627519802477	 -0.1145557568368287	 0.18592704986924002	 -1.7791438776961592	 
0.1650461196787513	 0.9443937657180944	 -0.28439443322924646	 0.14051614985931307	 
-0.14300932723611065	 0.30821647238319066	 0.9405056823194304	 -1.502122789270191	 
0.0	 0.0	 0.0	 1.0	 
17	 58	  37
0.8501555447792293	 -0.19079649458524162	 0.4907466223369398	 -1.8583745415270831	 
0.2129640450658193	 0.9769990918547116	 0.010912837590243411	 -0.41805522792814703	 
-0.481541135512154	 0.09523377640864202	 0.8712339884558068	 -1.7809659191679414	 
0.0	 0.0	 0.0	 1.0	 
18	 19	  37
0.9905388711767127	 -0.055170293443519196	 0.12565422161359877	 -0.31797514570121144	 
0.05666212283789916	 0.9983586874385945	 -0.00832676716323987	 -0.11367253572321097	 
-0.1249885935734393	 0.015367821486597323	 0.9920391532289892	 0.232161404933537	 
0.0	 0.0	 0.0	 1.0	 
18	 20	  37
0.8489829357414732	 -0.22395480706412002	 0.47861489656368	 -0.22218170983128005	 
0.17329263301805015	 0.9736556875993089	 0.14820345929561946	 -0.01887597129897932	 
-0.49919699334176765	 -0.04288177233265513	 0.8654267822526348	 0.18796815027403135	 
0.0	 0.0	 0.0	 1.0	 
18	 21	  37
0.7300788891743053	 -0.47353736395123197	 0.4926937999651819	 -0.18606435176876132	 
0.21799992087058326	 0.8447039544549073	 0.48882641482295264	 -0.1829458467051771	 
-0.6476579730709964	 -0.24947463652716234	 0.7199316326202155	 0.25101454450775623	 
0.0	 0.0	 0.0	 1.0	 
18	 22	  37
0.7969735439317707	 -0.4109578242973386	 0.44265882677478924	 -0.2195113212502938	 
0.1978755991098824	 0.8700588303806415	 0.45148962219919975	 -0.1802056632006747	 
-0.5706824139131508	 -0.27223390370317324	 0.7747323951693205	 0.36090655600230365	 
0.0	 0.0	 0.0	 1.0	 
18	 23	  37
0.9731761434389855	 -0.1777340304921577	 0.14607808954882726	 -0.34476861758420935	 
0.12015103714800467	 0.9341276701219083	 0.3361089468979871	 -0.2093050795780594	 
-0.19619358326275912	 -0.30954177475363137	 0.9304256915890118	 0.4595680217663534	 
0.0	 0.0	 0.0	 1.0	 
18	 54	  37
0.9353551485727749	 -0.17676571563357993	 0.3063733471027619	 -1.2671827255097823	 
0.11065055844813625	 0.968926645116899	 0.2212184673521308	 0.5066676781720713	 
-0.3359571400543775	 -0.1730174504466486	 0.9258497512487773	 -1.1569000642327933	 
0.0	 0.0	 0.0	 1.0	 
18	 55	  37
0.9054774490426737	 -0.11820310580272973	 0.4076010488869732	 -1.3555412716436763	 
0.1399775957871873	 0.9898662060616172	 -0.023899095690407643	 0.24381520736083062	 
-0.4006455565120014	 0.07869510706371137	 0.9128473137230675	 -1.2774411630427616	 
0.0	 0.0	 0.0	 1.0	 
18	 56	  37
0.9482323886555504	 -0.05681389045295145	 0.31245402694826857	 -1.2107318964588936	 
0.15192638539720296	 0.945132746685341	 -0.2892100699546333	 0.24663352895186008	 
-0.2788793834702198	 0.32170836637337125	 0.9048370110028912	 -1.4030145070142475	 
0.0	 0.0	 0.0	 1.0	 
18	 57	  37
0.9687846104457211	 -0.05815049560515179	 0.24098734079699544	 -1.5804318035758815	 
0.11711132935383388	 0.9641427346296798	 -0.2381464335189174	 0.20162080046970007	 
-0.21849786063142548	 0.25893494766384373	 0.9408567254251906	 -1.7082113631403408	 
0.0	 0.0	 0.0	 1.0	 
18	 58	  37
0.7352765294950617	 -0.2056735366693508	 0.6458071085762523	 -2.104436578443324	 
0.14353476780913246	 0.9784853247990218	 0.14820337237367848	 -0.8834857541885462	 
-0.6623942901351708	 -0.01627468791940305	 0.7489785971103908	 -1.4697520450962889	 
0.0	 0.0	 0.0	 1.0	 
19	 20	  37
0.8672888396618121	 -0.2147839122825198	 0.4490856706940032	 0.03830067274714643	 
0.11786915817135506	 0.9650807736780465	 0.23393580706886138	 0.006157512370886308	 
-0.48364959438631155	 -0.14995656471658253	 0.8623201833126469	 -0.004218145765629064	 
0.0	 0.0	 0.0	 1.0	 
19	 22	  37
0.8286314805423688	 -0.39437259480065895	 0.3972909839454676	 0.048317875732887566	 
0.20461874493238624	 0.8739792380846119	 0.44078505035826276	 -0.053952746141622	 
-0.5210576155056726	 -0.28395518637143485	 0.8049027354011826	 0.1464589862159667	 
0.0	 0.0	 0.0	 1.0	 
19	 23	  37
0.988158382535692	 -0.1297659887675186	 0.08187673163746409	 -0.08689529161859288	 
0.0918462998993127	 0.9277060452666451	 0.3618366354731468	 -0.10212128522377137	 
-0.12291162768123533	 -0.35003182960255164	 0.9286390310803437	 0.2586296906972428	 
0.0	 0.0	 0.0	 1.0	 
19	 54	  37
0.9624177497949142	 -0.14225258011805827	 0.23133585612578245	 -0.8545394882091256	 
0.07359737095321578	 0.9565777884887756	 0.28203255407611616	 0.4876535665561035	 
-0.26141060014557155	 -0.2544074252447801	 0.9310968586091631	 -1.5097848939159249	 
0.0	 0.0	 0.0	 1.0	 
19	 55	  37
0.952260286548401	 -0.07500773572994537	 0.29592936022541594	 -0.8383708571755248	 
0.08460307408556224	 0.9962192893681201	 -0.019734420339862793	 0.3700243638308116	 
-0.29333030276129035	 0.04382883835494822	 0.9550059509816815	 -1.623009632505164	 
0.0	 0.0	 0.0	 1.0	 
19	 56	  37
0.9786634572525533	 0.02480489205455555	 0.20396704333946228	 -0.7487308933978971	 
0.03702082379341423	 0.9551529398365194	 -0.29378958478358674	 0.3958275827875838	 
-0.2021071400127595	 0.295072158720231	 0.9338549807673814	 -1.7166856362148402	 
0.0	 0.0	 0.0	 1.0	 
19	 57	  37
0.9886113711587571	 0.03243353211959267	 0.14695449230918053	 -1.1450310794371534	 
0.01916022821484714	 0.9414262156063549	 -0.3366742731838163	 0.6983725251514071	 
-0.14926634741413294	 0.3356556964559719	 0.9300832279781739	 -1.9974518190495616	 
0.0	 0.0	 0.0	 1.0	 
19	 58	  37
0.9246674898134551	 0.0760124714527912	 0.3731114276804205	 -1.0858020351904127	 
0.11404563475394217	 0.8796043540294904	 -0.4618330581129219	 1.3323787797596032	 
-0.36329550847162095	 0.46959374416191013	 0.8046726595133857	 -2.066204941320191	 
0.0	 0.0	 0.0	 1.0	 
20	 21	  37
0.9899378314756596	 -0.07820901192017128	 0.11792557088154848	 -0.018669821652657643	 
0.05541803862343673	 0.981089270222735	 0.1854526485358254	 -0.0753719853870414	 
-0.13019958067674384	 -0.17705138889116814	 0.9755515746916239	 0.03721510503132788	 
0.0	 0.0	 0.0	 1.0	 
20	 22	  37
0.9986047561925357	 -0.028041471545165886	 0.044746137076056125	 -0.09824272473324336	 
0.01655862657353594	 0.9709021586715214	 0.23890334902001573	 -0.11363859202579658	 
-0.0501433225429442	 -0.23782908602726235	 0.9700118417028691	 0.10403538951779902	 
0.0	 0.0	 0.0	 1.0	 
20	 23	  37
0.9023073402820414	 0.18524192221135607	 -0.3892645551916974	 -0.2238958050787938	 
-0.10054716981866231	 0.9684981176002888	 0.2278193645109072	 -0.16374219988396949	 
0.4192036859506427	 -0.16642363552133593	 0.8925085115702011	 0.14995354007062175	 
0.0	 0.0	 0.0	 1.0	 
20	 54	  37
0.28772138903411565	 0.7146718237512724	 -0.6375426155389999	 1.9954779278326866	 
-0.5132498622828257	 0.6770896374155843	 0.5273748209490985	 -0.39485954020076797	 
0.8085734234804776	 0.17548164359973165	 0.5616183860955737	 -0.5625086241490376	 
0.0	 0.0	 0.0	 1.0	 
20	 55	  37
0.9581832363399297	 0.20172399283165032	 -0.20295890301535247	 0.07820111223154086	 
-0.2220144632502853	 0.9715459083293125	 -0.08251136961812705	 0.4216910289887771	 
0.18053936885019473	 0.1241208230903573	 0.97570464668902	 -1.796857372211197	 
0.0	 0.0	 0.0	 1.0	 
20	 56	  37
0.027665984108787404	 0.6316575812401912	 -0.7747536985294642	 1.5119842790518743	 
-0.9988933963283921	 0.04695892278586066	 0.002615787132368388	 0.43300902147113185	 
0.038033880880375875	 0.7738239849168443	 0.6322577514531508	 -1.2637394193986	 
0.0	 0.0	 0.0	 1.0	 
20	 57	  37
0.2893476803490817	 -0.9572084025719025	 0.005476670736053172	 -0.038628039992180896	 
-0.14084838592277318	 -0.04823379077748803	 -0.9888555170550362	 3.150274466492265	 
0.9468049704451044	 0.285351669826863	 -0.148777593969878	 0.26382919800576304	 
0.0	 0.0	 0.0	 1.0	 
20	 58	  37
-0.22704587345273855	 -0.8283180228323707	 -0.512190808585194	 1.7451832988453493	 
-0.1609769162337816	 0.5506111947791347	 -0.8190932453779338	 2.553330179628389	 
0.9604876905967844	 -0.10352084444673983	 -0.25835408062790277	 1.902423518310532	 
0.0	 0.0	 0.0	 1.0	 
21	 22	  37
0.9993632494805434	 0.027769694432832958	 -0.022404009882110745	 -0.11660458665640903	 
-0.026899833074193955	 0.9989066272562352	 0.03823544172825518	 -0.023666060662064028	 
0.023441300481652726	 -0.037608431164851616	 0.9990175730872043	 0.04712605014864178	 
0.0	 0.0	 0.0	 1.0	 
21	 54	  37
-0.875403619356127	 -0.3069968836835487	 0.3733917736463696	 -0.2816429700915517	 
0.48310374688038077	 -0.5823301328599166	 0.6538366662351452	 -0.719003398948806	 
0.01671146218405996	 0.752757948992863	 0.6580852507538281	 0.1013099439608913	 
0.0	 0.0	 0.0	 1.0	 
21	 55	  37
0.9497822177494375	 -0.1691743747041425	 -0.2632370980512104	 0.08426770180869858	 
0.14551414202246765	 0.9835457788613438	 -0.10706696668673152	 0.3249417533176441	 
0.2770187237686748	 0.06338558059602296	 0.9587715550922858	 -1.8796498536763266	 
0.0	 0.0	 0.0	 1.0	 
21	 56	  37
-0.007144843875505003	 -0.3120598874624716	 -0.9500355666199581	 2.442314008859301	 
0.8886044101774202	 -0.4377077133114283	 0.13709179377672484	 -0.5328313693660859	 
-0.45861874516774204	 -0.8432262948607514	 0.28042514551333597	 0.8332079270427485	 
0.0	 0.0	 0.0	 1.0	 
21	 57	  37
-0.2397606578542169	 -0.07695161550044086	 0.9677774929275761	 -3.1601228751199284	 
0.2730809124013714	 0.9512592455070416	 0.14329222979424872	 -0.9783218309063196	 
-0.9316338563123107	 0.29863740005104084	 -0.2070605251210551	 1.9404537260575796	 
0.0	 0.0	 0.0	 1.0	 
21	 58	  37
-0.772115541988767	 0.24450683027664333	 0.5865611645578498	 -1.6661683416166613	 
-0.12393523130023465	 0.8473561647367178	 -0.5163599408602857	 0.8101207928324724	 
-0.6232797512048257	 -0.4713851291998395	 -0.6239538538283906	 1.943258334566078	 
0.0	 0.0	 0.0	 1.0	 
22	 23	  37
0.8892015943019967	 0.30049241546820776	 -0.3449997578794353	 -0.17466606259953085	 
-0.3051612678165107	 0.9513690235134756	 0.04211391365849029	 -0.04107201654477173	 
0.34087699440620334	 0.06783280434345185	 0.9376574989512406	 0.010508315424125404	 
0.0	 0.0	 0.0	 1.0	 
22	 54	  37
0.9360601829987036	 0.3502204058365759	 -0.033719447505817075	 -0.0757174198979031	 
-0.3494657857830748	 0.9143495505565841	 -0.20454477251690298	 1.4983066471292998	 
-0.04080439157065964	 0.20325001041239163	 0.9782762569417248	 -1.379565841799651	 
0.0	 0.0	 0.0	 1.0	 
22	 55	  37
0.9540061666033343	 0.07629260808061131	 -0.28991666394857635	 0.3442567749356766	 
-0.14723135428892717	 0.9616480461713153	 -0.23142161439490055	 0.7308210611288348	 
0.2611420349102416	 0.26346247028211056	 0.9286508301594243	 -1.8001654416833703	 
0.0	 0.0	 0.0	 1.0	 
22	 56	  37
0.9200066038604854	 -0.10058526586554252	 -0.37877493732275097	 0.4738355051661606	 
-0.11098224292221298	 0.8600691836819357	 -0.4979597785330105	 0.8277526341921218	 
0.37586006785644444	 0.5001635768140738	 0.7801061503535923	 -1.792858243680339	 
0.0	 0.0	 0.0	 1.0	 
22	 57	  37
0.88018654936907	 0.15931559170920945	 -0.44709079676069546	 0.2682335960735026	 
-0.3470392654853662	 0.8586291564650695	 -0.3772528593390111	 0.9318522440645157	 
0.3237829311763465	 0.4872109542143182	 0.8110426003437956	 -2.2729441507892427	 
0.0	 0.0	 0.0	 1.0	 
22	 58	  37
0.9809719057079861	 0.1717133699362556	 -0.09060153860049247	 0.045725402991701344	 
-0.1758074418362057	 0.9836410308506615	 -0.03926914592982108	 -0.38258233938148284	 
0.08237635344351621	 0.05445035364607842	 0.9951127048637082	 -2.6677431531985296	 
0.0	 0.0	 0.0	 1.0	 
23	 24	  37
0.7060191196559119	 0.4933932885786785	 -0.508035496265574	 0.13046376990798442	 
-0.4171965132381926	 0.8694431083048023	 0.2646048955767406	 0.15003650529240548	 
0.5722622406049395	 0.025134522211496934	 0.8196854175664063	 -0.01703170292595026	 
0.0	 0.0	 0.0	 1.0	 
23	 54	  37
0.9806974718585523	 -0.16061255830435434	 0.11151715027372937	 -0.5509360641439407	 
0.17660465133685369	 0.9723775451166108	 -0.1526194839435053	 1.3607774634101861	 
-0.08392416705831236	 0.1693679895019238	 0.981973125047546	 -1.4067128748810007	 
0.0	 0.0	 0.0	 1.0	 
23	 55	  37
0.9839185967028203	 0.0887357159465344	 0.15501666935465455	 -0.39213343021111247	 
-0.029028722957068757	 0.9357714282780069	 -0.35141025491869465	 1.0672552368067505	 
-0.17624281065006844	 0.34125914893815834	 0.923298795060499	 -1.71035657808465	 
0.0	 0.0	 0.0	 1.0	 
23	 56	  37
0.983933177087302	 0.06573694061717972	 0.16599445070598373	 -0.6537238038255293	 
0.05235915832338685	 0.7826213759129351	 -0.6202921090130118	 1.224255677822189	 
-0.17068691094092264	 0.6190173152686743	 0.7666052059769802	 -1.6599097507259446	 
0.0	 0.0	 0.0	 1.0	 
23	 57	  37
-0.31470564365947806	 0.931524693998736	 0.1822693126103046	 -0.8112467475171122	 
-0.9249419964046109	 -0.2578332096152415	 -0.2792925693722524	 0.5862447688803495	 
-0.2131728433359297	 -0.25648348970267554	 0.9427478763561394	 -1.1795162444832867	 
0.0	 0.0	 0.0	 1.0	 
23	 58	  37
0.7281106671735667	 0.6484837869854151	 -0.22208924864819354	 0.5667704736482007	 
0.68509002379093	 -0.6991007444445608	 0.20471885213434463	 0.3581635067736872	 
-0.02250590256369836	 -0.30120910865064493	 -0.9532924825129364	 2.548171623559325	 
0.0	 0.0	 0.0	 1.0	 
24	 25	  37
0.9095197660438008	 0.23410274585519728	 -0.34346717391722664	 -0.16252955024405843	 
-0.3067640561240803	 0.9356312371463622	 -0.1746138652749841	 -0.06547795789835442	 
0.2804810315260761	 0.2641781453092305	 0.9227894117809562	 -0.10246039841397378	 
0.0	 0.0	 0.0	 1.0	 
25	 26	  37
0.9364913719828974	 0.19612720930433522	 -0.29071984447588606	 -0.09117398772319141	 
-0.19448117063930245	 0.9802870430145022	 0.034848064001468754	 0.026671423455907856	 
0.2918235502291687	 0.023904624414062756	 0.9561734071094352	 -0.13055884950384208	 
0.0	 0.0	 0.0	 1.0	 
26	 27	  37
0.9708234415475088	 0.10824800778161794	 -0.21397246120274843	 -0.0930911539998194	 
-0.119585779424153	 0.9919878923462402	 -0.0407340496143213	 0.08668400356255644	 
0.20784871108902406	 0.06513363378297722	 0.9759900220027132	 -0.08652799929163392	 
0.0	 0.0	 0.0	 1.0	 
26	 28	  37
0.856821910181534	 0.0890755719619505	 -0.5078599774667415	 0.08196871151553767	 
-0.20956700418775684	 0.9601010466241717	 -0.1851692496796883	 0.3063605097109286	 
0.47110283907936285	 0.2650877642419989	 0.8413029134981893	 -0.07188858829515328	 
0.0	 0.0	 0.0	 1.0	 
26	 50	  37
0.8193200854094601	 0.20813522609932836	 -0.5342231044247491	 -0.10022960999579766	 
-0.17162198898092515	 0.9780879009382227	 0.11785563599799437	 0.17606778451920468	 
0.5470470642850267	 -0.00487705801092336	 0.8370876440148262	 -0.20073514178111126	 
0.0	 0.0	 0.0	 1.0	 
26	 51	  37
0.8105424442647018	 -0.21476374451727664	 0.5448829966940811	 -2.051994270870768	 
0.25767551757792767	 0.9662283500002361	 -0.002470485128279998	 0.22216854676792372	 
-0.525950828201982	 0.14240544124695528	 0.8385084475525036	 -0.3207628233512931	 
0.0	 0.0	 0.0	 1.0	 
27	 28	  37
0.9782490241964419	 0.0008580058580101088	 -0.20743218285660728	 -0.12380625057851478	 
-0.03277278594396178	 0.9880713207715546	 -0.1504692977661145	 0.13467964202482566	 
0.2048286873467204	 0.15399457423787433	 0.9666079246235854	 -0.08407141221383416	 
0.0	 0.0	 0.0	 1.0	 
27	 50	  37
0.9494240449542279	 -0.21197114031442274	 0.23165107065704663	 -1.8969911257038121	 
0.20325414154600566	 0.9772142543029778	 0.061155990152001016	 0.09168405850452283	 
-0.23933603324018957	 -0.010978928038682011	 0.9708747222643981	 0.11519054358094237	 
0.0	 0.0	 0.0	 1.0	 
27	 51	  37
0.7132296563967452	 -0.23709699448932764	 0.6596123652876056	 -1.7352780395614287	 
0.26915878504395985	 0.9615474623127627	 0.05458961580325524	 0.02589739607834295	 
-0.6471916297896947	 0.13860552991859812	 0.7496209051288153	 0.1194608697470775	 
0.0	 0.0	 0.0	 1.0	 
28	 50	  37
-0.6818235840611393	 -0.06597839085125914	 0.7285351413341022	 -1.8416534492155647	 
0.4319423891154553	 0.7674543662950921	 0.4737505336565126	 -1.0311793539123015	 
-0.5903747730918509	 0.6376994963109791	 -0.49476962285640413	 5.030524672986378	 
0.0	 0.0	 0.0	 1.0	 
28	 51	  37
0.4393646274061782	 -0.21763082148243273	 0.8715477896966475	 -1.9041107362223335	 
0.15216546703004197	 0.9742195785859613	 0.16655894855371853	 -0.07322862131628304	 
-0.8853272811947908	 0.0594393660857215	 0.46115351774823116	 0.8270802464420555	 
0.0	 0.0	 0.0	 1.0	 
29	 41	  37
0.09133024308185637	 -0.16665900012632684	 -0.9817757199969358	 3.5595187303196094	 
0.36645646080968103	 -0.9110890521552415	 0.18874957317489854	 -0.4767681302079091	 
-0.9259419253006378	 -0.37701660005861376	 -0.0221367172541828	 3.8198308097208646	 
0.0	 0.0	 0.0	 1.0	 
29	 42	  37
0.8487123533182978	 0.3496349855517459	 -0.39679052181616825	 2.0221827870390943	 
-0.20755581881477098	 0.9102960871132288	 0.3581642302945326	 -0.4725639119812994	 
0.4864236048970552	 -0.2216222251142145	 0.8451483100227898	 -0.01746341019379263	 
0.0	 0.0	 0.0	 1.0	 
29	 43	  37
0.45228233438162746	 -0.57743739256187	 0.679710782375603	 -1.0707124372061614	 
0.14270350580575444	 0.7991491852064548	 0.5839488755144633	 -2.088683369938337	 
-0.8803842339780129	 -0.1671126489982371	 0.4438433993062632	 2.287423513090961	 
0.0	 0.0	 0.0	 1.0	 
29	 45	  37
-0.4534137680234438	 -0.4730961173336124	 -0.7553780634428324	 4.0509669991357296	 
0.8899131258970647	 -0.2875568936078993	 -0.3540701361237483	 1.1799092310442674	 
-0.04970496275924273	 -0.8327611282369245	 0.551396699277994	 2.691197980767283	 
0.0	 0.0	 0.0	 1.0	 
29	 47	  37
-0.8947077790946709	 0.37983790560881703	 -0.2349918200495247	 1.244963000294346	 
0.43650327936953714	 0.8550975684118043	 -0.27977318598439466	 0.7961536305381945	 
0.09467247291119436	 -0.3528899459589722	 -0.9308629377700842	 4.658897214206719	 
0.0	 0.0	 0.0	 1.0	 
29	 48	  37
1.0	 0.0	 0.0	 -0.04466652870178223	 
0.0	 1.0	 0.0	 1.5646666288375854	 
0.0	 0.0	 1.0	 0.1419999599456787	 
0.0	 0.0	 0.0	 1.0	 
29	 49	  37
-0.9889379690761925	 -0.08764088129470222	 0.11966941649955098	 0.5020974873567131	 
0.030902971070285334	 0.667340177050621	 0.7441116142576158	 -0.9610325490824851	 
-0.14507480724951566	 0.739578369086017	 -0.6572496757561636	 3.6825364057514016	 
0.0	 0.0	 0.0	 1.0	 
29	 50	  37
0.7659218462668607	 -0.1836353209754051	 0.6161507886073214	 -1.0393346041059672	 
0.052546830085945954	 0.9730160410186974	 0.22467446354274268	 0.25656599425727505	 
-0.6407827682288926	 -0.13970630912940324	 0.7549036965933851	 0.5888075060354566	 
0.0	 0.0	 0.0	 1.0	 
