0	 1	  37
0.9990917659399845	 0.011148861019663173	 -0.041125978759006934	 -0.1028741924378373	 
-0.009842259178741809	 0.999444597173088	 0.03183751114302912	 0.07400870376788317	 
0.04145808926109023	 -0.0314038226890974	 0.9986465975285405	 0.4643903311564543	 
0.0	 0.0	 0.0	 1.0	 
0	 6	  37
0.6333489081183028	 0.6682007813960075	 0.39035480825412955	 -0.6975678284115275	 
-0.3516685798961289	 0.6978440644802649	 -0.6239734542298283	 0.9902735127216357	 
-0.689346335668214	 0.2579173848569124	 0.6769639961544323	 0.7708814681179967	 
0.0	 0.0	 0.0	 1.0	 
0	 8	  37
0.9933040195910063	 0.07527602714101436	 0.08763928572400512	 -0.33464633118428405	 
-0.07115878631310087	 0.9962510569905478	 -0.04919612358368559	 0.007634011017758751	 
-0.09101401977055545	 0.0426304020985031	 0.9949367301603271	 0.08582496510279915	 
0.0	 0.0	 0.0	 1.0	 
0	 9	  37
0.896207783489389	 -0.003777872712057867	 -0.4436184582395204	 0.3585105874050301	 
0.007867084949048725	 0.9999418374692632	 0.007377713263505451	 0.09344197552892754	 
0.44356478420569184	 -0.010101948147042778	 0.8961853786221872	 -0.1321019548144679	 
0.0	 0.0	 0.0	 1.0	 
0	 10	  37
-0.680507313391913	 0.12359170027012079	 -0.7222429563827265	 1.8796091249477316	 
0.13019046119509345	 0.9903834323543083	 0.04680919495043792	 -0.06410436761611278	 
0.7210826861282479	 -0.06217514408861416	 -0.6900536292373446	 4.431421434623995	 
0.0	 0.0	 0.0	 1.0	 
0	 11	  37
0.8427142194145825	 0.06580753908689765	 -0.5343239768116321	 -0.18323233193550134	 
-0.036821430508631854	 0.9972222763488869	 0.0647449906080868	 0.21732076887594917	 
0.5371004809640082	 -0.034886951040033275	 0.8427965199236175	 0.4802754819871912	 
0.0	 0.0	 0.0	 1.0	 
0	 27	  37
0.9510756554972146	 0.08274177070762143	 -0.2976724658088325	 1.1860815042521486	 
-0.01337386850701278	 0.9735944139489777	 0.22789264307674362	 0.0041184116019734275	 
0.3086684907173072	 -0.21276211248132137	 0.9270685229964315	 0.4393642656483963	 
0.0	 0.0	 0.0	 1.0	 
0	 28	  37
0.9701493464774614	 0.09150799762225617	 -0.2245807914771866	 1.1626136429813143	 
-0.03996740562240735	 0.9737437735827678	 0.224110842880493	 -0.08022381279151228	 
0.23919208184463042	 -0.20844507617105323	 0.9483342228364825	 0.9778642827353532	 
0.0	 0.0	 0.0	 1.0	 
1	 2	  37
0.9995267992092043	 -0.02949563413947361	 -0.008728415051571944	 -0.022061570333019243	 
0.029938452069913	 0.9979866612411844	 0.05591344268000953	 -0.03715681747164057	 
0.007061639346477111	 -0.05614829963038527	 0.9983974667928376	 0.8866792152861888	 
0.0	 0.0	 0.0	 1.0	 
1	 6	  37
0.5526759140631515	 0.12495791908494867	 -0.823975031461767	 1.3506901097471196	 
-0.07781986690453946	 0.9921134833529792	 0.09825937341637278	 -0.05814940711963082	 
0.8297550254921148	 0.00981603826285165	 0.5580414348983433	 2.5942760980991326	 
0.0	 0.0	 0.0	 1.0	 
1	 8	  37
0.8601453976677874	 0.07881754513767392	 0.5039223049730926	 -0.7827205908379865	 
-0.01309033540972335	 0.9910740681550335	 -0.13266813690367613	 0.0914175927393743	 
-0.5098809056924806	 0.10751737538231833	 0.8534995465734664	 0.22149082990202612	 
0.0	 0.0	 0.0	 1.0	 
1	 9	  37
0.9523957735398088	 -0.1892300175660121	 0.23902780381260413	 -0.8766370656748195	 
0.2194711740304395	 0.9697615992356219	 -0.10674663656372596	 0.18008650911001348	 
-0.21160031737502302	 0.1541247582315529	 0.9651273825702259	 -0.131391310115781	 
0.0	 0.0	 0.0	 1.0	 
1	 10	  37
0.9544751472068587	 -0.13888035282672864	 -0.2639875772894792	 -0.11432750521547008	 
0.13384851723774685	 0.9903091673899758	 -0.037044937800318506	 -0.04884057953983121	 
0.2665741318989934	 2.4126670846006806e-05	 0.9638144176241614	 0.3039009229622601	 
0.0	 0.0	 0.0	 1.0	 
1	 27	  37
0.9466230416077693	 0.05695297997519116	 -0.31727145344200325	 1.4527748746370774	 
0.005892275687370834	 0.9810457508040291	 0.1936866436194892	 -0.03250250644871145	 
0.32228884278621944	 -0.18521769057329387	 0.928344929923257	 -0.011665686329569897	 
0.0	 0.0	 0.0	 1.0	 
1	 28	  37
0.9824286482725136	 0.11363116365227954	 -0.14806049338182736	 1.19347226828166	 
-0.09217445127097	 0.9852022145065381	 0.1445007510856209	 -0.09413435236405672	 
0.1622893144551945	 -0.1283142828310305	 0.9783647700296759	 0.31491476224284637	 
0.0	 0.0	 0.0	 1.0	 
2	 3	  37
0.9997794963924005	 -0.009337659796590642	 -0.018808686899457742	 0.2240029341102468	 
0.009892963575265248	 0.9995113723150535	 0.029650394341007316	 -0.05693446634365369	 
0.018522631159129756	 -0.029829929976483597	 0.999383353579867	 0.7394307833517669	 
0.0	 0.0	 0.0	 1.0	 
2	 5	  37
0.8613067391483963	 0.13891021247715124	 -0.48872758666470745	 0.9163774810062578	 
-0.1090668249311828	 0.9900259374506493	 0.08917999144647386	 -0.20537896932880884	 
0.49624099870626037	 -0.023507361496245077	 0.8678665076833519	 1.6246007423722548	 
0.0	 0.0	 0.0	 1.0	 
2	 8	  37
0.20746181278688006	 0.06090660952330882	 -0.9763452161769199	 2.047038621875948	 
-0.05251222894510357	 0.9973142443437307	 0.05105647696727531	 -0.4097451523766279	 
0.9768326683963828	 0.04067779425519667	 0.2101029628732855	 1.4922221002480096	 
0.0	 0.0	 0.0	 1.0	 
3	 4	  37
0.9780001206660722	 0.0013047941873836836	 -0.20860024326274415	 0.4901933817198518	 
0.010640731702742628	 0.9983666120952719	 0.05613272380918964	 -0.08759707990631717	 
0.20833275980022334	 -0.057117469880388204	 0.976388783133279	 0.5339301966577422	 
0.0	 0.0	 0.0	 1.0	 
3	 5	  37
0.8627400731576546	 0.12148431487962703	 -0.4908371699516567	 0.7031450722178246	 
-0.06253805493880528	 0.9888928867016445	 0.13483267525106474	 -0.2440862266846419	 
0.5017654410702231	 -0.08562955020970134	 0.8607549141762062	 0.9936707782732475	 
0.0	 0.0	 0.0	 1.0	 
3	 6	  37
0.6394407807297025	 0.16115474010780625	 -0.7517610243159555	 1.0998117875107765	 
-0.09943227807313822	 0.986908065603447	 0.12698697619854102	 -0.22913764778396215	 
0.7623835714500776	 -0.006451339988567809	 0.6470932469091122	 0.940178694979142	 
0.0	 0.0	 0.0	 1.0	 
4	 5	  37
0.940962961090459	 0.08795281825419604	 -0.3268837830437878	 0.35778401890975164	 
-0.06971898361394831	 0.9953067663734427	 0.06710964263858413	 -0.13315670772469393	 
0.3312521232833257	 -0.04035768294122945	 0.9426787831747897	 0.4060610494165403	 
0.0	 0.0	 0.0	 1.0	 
4	 6	  37
0.74825493881088	 0.1593845992460711	 -0.6439806643590276	 0.7818688577014173	 
-0.12265981009467343	 0.9872125720870943	 0.10181310574145909	 -0.18429204771376415	 
0.6519732490928316	 0.002808386788199342	 0.7582367673958996	 0.3140720845328632	 
0.0	 0.0	 0.0	 1.0	 
4	 7	  37
0.5145283605238853	 0.144135522062867	 -0.8452724516369073	 1.1404454221820666	 
-0.16444152010600227	 0.9840605500539388	 0.06770391637687313	 -0.2648889471178981	 
0.8415578130359379	 0.10416230175646152	 0.5300289258247757	 0.23193701578092016	 
0.0	 0.0	 0.0	 1.0	 
5	 6	  37
0.9400817352481793	 0.09008627756907377	 -0.32883247048690273	 0.31050524573311034	 
-0.08769828065082924	 0.9959014777476318	 0.02211918151677821	 -0.018894314676286574	 
0.3294773780150318	 0.00804420374130335	 0.9441292009902607	 -0.22297125871185536	 
0.0	 0.0	 0.0	 1.0	 
5	 7	  37
0.7996167641524634	 0.08321763827367745	 -0.5947166175301444	 0.5923831247798503	 
-0.12297508211049989	 0.9920551453796986	 -0.02652767810382175	 -0.08744804382340518	 
0.5877841097429053	 0.0943473009991044	 0.8034976211090642	 -0.44560596832462585	 
0.0	 0.0	 0.0	 1.0	 
5	 8	  37
0.7007333357079887	 0.009843516704522893	 -0.7133553794613471	 0.806334581404094	 
-0.12925621756858277	 0.9851085052973035	 -0.11337576024342798	 0.04150649849673651	 
0.7016164354171144	 0.17165179279518164	 0.6915707046880907	 -0.7237205694276179	 
0.0	 0.0	 0.0	 1.0	 
6	 7	  37
0.9500765986150076	 0.002345956041249766	 -0.3120079378066992	 0.26832484959517894	 
-0.026668303271822666	 0.9969230641742534	 -0.07371028230863302	 -0.04550729080961615	 
0.3108749883228597	 0.07835113660738371	 0.9472158365586967	 -0.29972184112448846	 
0.0	 0.0	 0.0	 1.0	 
6	 8	  37
0.8932811970289721	 -0.0036378259965105745	 -0.4494835583828475	 0.3540645528606494	 
-0.05903329149904195	 0.9903565918462628	 -0.12533511671293188	 -0.02667939340190732	 
0.4456049523168214	 0.13849399701313464	 0.8844521690074879	 -0.608002900222517	 
0.0	 0.0	 0.0	 1.0	 
7	 8	  37
0.9885055881958102	 0.008617827064269284	 -0.15093851450953735	 -0.016060472536434715	 
-0.018184458295246543	 0.9979032724421416	 -0.06211589430872466	 0.008091054911076263	 
0.15008673353152788	 0.0641466437621998	 0.9865896718047892	 -0.31306230945763264	 
0.0	 0.0	 0.0	 1.0	 
9	 10	  37
0.9873697941469123	 -0.006289356795392435	 -0.15830771806006347	 0.23202646293846033	 
0.00893513912563538	 0.999831960060962	 0.016006715136474548	 0.004639239687244749	 
0.15818044409815585	 -0.01721904851479769	 0.9872600728648737	 -0.04970934297205716	 
0.0	 0.0	 0.0	 1.0	 
9	 11	  37
0.9994955332528654	 -0.006839899583767562	 0.03101442859789141	 -0.11777389118631436	 
0.004926978592900029	 0.9981047330187722	 0.06134058042984657	 0.07027299245209391	 
-0.031375211385978416	 -0.061156828720996745	 0.9976349224096336	 0.29857507889732304	 
0.0	 0.0	 0.0	 1.0	 
10	 11	  37
0.9917189070445515	 -0.06196666896991464	 0.11248884987913987	 -0.05462883181795632	 
0.0541589693115344	 0.995991536530013	 0.07118753545175055	 -0.024730478090766308	 
-0.11644919687774126	 -0.06450574468491124	 0.9910996889562489	 0.3444412436634745	 
0.0	 0.0	 0.0	 1.0	 
14	 15	  37
0.9961236563080813	 0.03974381514164882	 -0.07847350190610158	 0.13228721309971025	 
-0.037724968322793144	 0.9989221414008791	 0.02704407854091513	 -0.028434750175571916	 
0.0794637534254753	 -0.023978836024073025	 0.9965493100265871	 0.11397805390126024	 
0.0	 0.0	 0.0	 1.0	 
14	 16	  37
0.9910204970937739	 -0.007203807564149917	 -0.13351583987148397	 0.17995376433902985	 
0.016172775418333854	 0.9976744293829009	 0.06621309757722503	 -0.02248775606163598	 
0.13272835294418878	 -0.06777785856813237	 0.988832314506682	 0.17959869359540728	 
0.0	 0.0	 0.0	 1.0	 
14	 17	  37
0.9119083367945807	 0.09043501668899918	 -0.4003057494478479	 0.38288129922385017	 
-0.077457395785773	 0.9958143683431128	 0.048519023480429475	 -0.0699649369074454	 
0.4030180357287107	 -0.013238261134633037	 0.9150962852724863	 0.7615994988110937	 
0.0	 0.0	 0.0	 1.0	 
15	 16	  37
0.998842314151314	 -0.03130900137552718	 -0.03652092405340441	 -0.01647486868001788	 
0.032386776676790095	 0.9990457723107865	 0.029302585627053405	 0.012719869139729285	 
0.035568640082732875	 -0.030451457449691122	 0.9989031887935155	 0.05320632561855223	 
0.0	 0.0	 0.0	 1.0	 
15	 17	  37
0.9355437809287688	 0.07329329901380499	 -0.3455226856303026	 0.33853544651436257	 
-0.07798406728865058	 0.9969545521682863	 0.00032582211385438374	 -0.045858286294379366	 
0.34449429489415745	 0.026640443513643305	 0.938410340711766	 0.6379405552724146	 
0.0	 0.0	 0.0	 1.0	 
16	 17	  37
0.9674795419992132	 0.09610511639169174	 -0.23398107277370014	 0.16318641075086845	 
-0.10638469239417005	 0.9938200655860925	 -0.03168555605717546	 -0.02936316277973857	 
0.22948994103705178	 0.0555471317152747	 0.9717246951276971	 0.5036671641372983	 
0.0	 0.0	 0.0	 1.0	 
17	 18	  37
0.9753727717893609	 0.03541815245708208	 -0.21770050649565936	 0.18125900708020154	 
-0.020723347250030683	 0.9973724642143018	 0.06941693241454812	 -0.06379419861101679	 
0.21958711011963902	 -0.06319590258567537	 0.9735439275994108	 0.5818968302705451	 
0.0	 0.0	 0.0	 1.0	 
18	 19	  37
0.8855728286316584	 0.02338931099029928	 -0.4639113119128723	 0.3304225130971683	 
-0.024096337162434547	 0.9996999390664714	 0.004404357597541685	 -0.0032036589091866013	 
0.46387512514110685	 0.0072781839693597744	 0.8858706995456114	 0.5648394977936169	 
0.0	 0.0	 0.0	 1.0	 
19	 20	  37
0.933798054843433	 0.05033891787281029	 -0.3542417057857734	 0.23127818725591595	 
-0.0561670866237743	 0.9984022388724697	 -0.006182862980556201	 -0.038109711358217724	 
0.35336447352672196	 0.025670269999229983	 0.9351334589711503	 0.13000313452831552	 
0.0	 0.0	 0.0	 1.0	 
19	 21	  37
-0.7438868699266047	 0.04783762531454079	 0.6665912438331782	 -2.5248823763494093	 
0.24127685502335483	 0.9493868308929929	 0.20112216326650634	 -0.6466640064462086	 
-0.6232317417950064	 0.3104451754033645	 -0.7177785097702052	 5.292433393095318	 
0.0	 0.0	 0.0	 1.0	 
20	 21	  37
0.9143251969452668	 0.06645541329465368	 -0.3994910665770085	 0.3019797247615621	 
-0.03799114905034259	 0.9961692999882228	 0.07876165535848473	 -0.025287647358992145	 
0.40319487450218605	 -0.05683664139277437	 0.91334740891424	 -0.256536983775481	 
0.0	 0.0	 0.0	 1.0	 
21	 22	  37
0.921052775575608	 0.008371454589846677	 -0.3893477922789832	 0.1572838689476178	 
-0.0005754980647749784	 0.9997970956998726	 0.020135447153621682	 0.07511273445148271	 
0.3894373549191777	 -0.01832174058731811	 0.9208707077627157	 -0.00735994795566729	 
0.0	 0.0	 0.0	 1.0	 
22	 23	  37
0.9939114704377022	 0.04239772373887263	 -0.1016976988634765	 -0.022752530609056534	 
-0.0297333186844168	 0.9919660316879235	 0.12296065117477104	 0.02307392890636804	 
0.10609391449265594	 -0.1191881915253146	 0.9871870422106183	 -0.012174486048737705	 
0.0	 0.0	 0.0	 1.0	 
22	 24	  37
0.9448504195292114	 0.10784238043022738	 -0.3092372967457441	 0.13461155060250155	 
-0.059659313440828095	 0.9851073104370359	 0.16125865323534727	 -0.058294471067078794	 
0.32202243871389197	 -0.13391642134798493	 0.9372128579240186	 0.4604616963501666	 
0.0	 0.0	 0.0	 1.0	 
23	 24	  37
0.9693300966248252	 0.031733546910713395	 -0.24370503847432534	 0.2765788542461876	 
-0.02446246934422071	 0.999162357081022	 0.032805057321686995	 -0.12103801510514457	 
0.24454192149995435	 -0.02583730235070377	 0.9692944250517221	 0.4535871409963999	 
0.0	 0.0	 0.0	 1.0	 
23	 25	  37
0.9794124588573088	 -0.04776068070052994	 0.1961380962844833	 -0.4953066337432315	 
0.04593593229130327	 0.9988484452817222	 0.013844619273016964	 -0.10535402369732316	 
-0.19657346097479236	 -0.004549806293460004	 0.980478543214018	 0.3772524251093453	 
0.0	 0.0	 0.0	 1.0	 
24	 25	  37
0.9882156634742727	 0.02913027692873423	 -0.15027052082879644	 0.3803731870724462	 
-0.026555519851571684	 0.9994646080604913	 0.019112864774841844	 -0.12355118268706296	 
0.15074683024699193	 -0.014897120545389737	 0.9884601504208151	 0.30454016366735037	 
0.0	 0.0	 0.0	 1.0	 
25	 26	  37
0.9180893112679541	 0.17200752865088828	 -0.35710702404593986	 0.35821324963002255	 
-0.1610070611774847	 0.9850937994647113	 0.060555202147865	 -0.18712871447145304	 
0.36219986580135993	 0.0019016686338494994	 0.932098514573371	 0.44339426537844545	 
0.0	 0.0	 0.0	 1.0	 
26	 27	  37
0.9442504563664992	 0.08317088816744497	 -0.3185493352890502	 0.27755475345971925	 
-0.08122016975474056	 0.9965068539003993	 0.019426120419146677	 -0.13181825765067234	 
0.3190522836098631	 0.007529508016226599	 0.947707205223409	 0.36828841782083577	 
0.0	 0.0	 0.0	 1.0	 
26	 28	  37
0.9707714971495542	 0.13098555216913815	 -0.20111062986564893	 0.18473152539845203	 
-0.15564485072624037	 0.9814331538546435	 -0.112087666392577	 -0.08475128174040958	 
0.18269477486895572	 0.14011334568082118	 0.9731345588343417	 0.7835142857958751	 
0.0	 0.0	 0.0	 1.0	 
27	 28	  37
0.9954035902063468	 0.011888354723784158	 0.0950282043725755	 0.11132555669428966	 
-0.007811579982301592	 0.9990377143502625	 -0.04315813392609578	 -0.09523083529608088	 
-0.09544983930051752	 0.04221744103761113	 0.9945385944495776	 0.43427884430191044	 
0.0	 0.0	 0.0	 1.0	 
29	 30	  37
0.9539378790284982	 -0.06285423138838411	 0.2933459877877762	 0.033209732158464116	 
0.0144349819217337	 0.9862901984947656	 0.1643875775418425	 -0.049627534721506134	 
-0.2996567273590395	 -0.15258109302836845	 0.9417668797524889	 0.36731247523218397	 
0.0	 0.0	 0.0	 1.0	 
30	 31	  37
0.9572757706780916	 0.004417107237173489	 0.2891428505709944	 -0.05397594008563448	 
-0.0014862828398372987	 0.9999452806580732	 -0.010355030321893775	 -0.0058608496223187005	 
-0.2891727681438643	 0.009482871574720457	 0.9572299542485658	 0.6572221919801651	 
0.0	 0.0	 0.0	 1.0	 
31	 32	  37
0.8349772404973544	 -0.04619003694983295	 0.5483424918223969	 -0.4218348638560887	 
0.04709335467962356	 0.9988132092489855	 0.012425336001944174	 0.024338225772445175	 
-0.5482656507537575	 0.015448414686144924	 0.8361615410237682	 0.26706716004348163	 
0.0	 0.0	 0.0	 1.0	 
31	 33	  37
0.6809766735892491	 -0.12396825155742291	 0.7217358537810876	 -0.9084320992771443	 
0.0954629838179729	 0.9921848233385865	 0.08034982922909804	 -0.03367714032679611	 
-0.7260561884233818	 0.0141826986984595	 0.6874890997752162	 0.09002418513253062	 
0.0	 0.0	 0.0	 1.0	 
31	 34	  37
0.4583443854176059	 -0.0054031501166567275	 0.888758251902605	 -1.355786536281619	 
0.09524680500630174	 0.9945213344501748	 -0.04307390694533521	 0.0522190772854404	 
-0.8836563079004464	 0.10439406732310388	 0.4563479026088435	 0.3029952901369403	 
0.0	 0.0	 0.0	 1.0	 
31	 35	  37
0.3200262609321175	 0.194211030710421	 0.9272892040049876	 -1.586170936256493	 
0.047424502708100655	 0.974252785201184	 -0.22041421703380393	 0.1943092631199523	 
-0.9462209619622133	 0.11451456710013565	 0.3025761144987671	 0.545391389901407	 
0.0	 0.0	 0.0	 1.0	 
31	 36	  37
0.5232525596955141	 0.09968448043747458	 0.8463272198931113	 -1.4847336641209805	 
0.09557723328908892	 0.9800037147454116	 -0.1745213785242268	 -0.07076949733475346	 
-0.8468008923288255	 0.17220837216902127	 0.5032618854095752	 0.3437370145148913	 
0.0	 0.0	 0.0	 1.0	 
31	 37	  37
0.5480240253756222	 -0.027598535283625863	 0.8360071701016075	 -1.3005002804390353	 
0.019720491611242206	 0.9996040308857722	 0.020071961725923206	 0.005812821234452072	 
-0.8362300938268784	 0.005486555122701227	 0.5483512814712618	 0.15242353858952468	 
0.0	 0.0	 0.0	 1.0	 
32	 33	  37
0.9585151125995818	 -0.052622850380449566	 0.28014213273988	 -0.4684944608818829	 
0.04691827363255191	 0.9985328037491976	 0.027035447769699395	 0.04573005865114137	 
-0.2811537915759847	 -0.01277010002325715	 0.9595777561135125	 -0.3784487568776879	 
0.0	 0.0	 0.0	 1.0	 
32	 34	  37
0.8714182546941756	 -0.04056898247903447	 0.4888602899053792	 -0.8364262270927086	 
0.07805590032555365	 0.9953445242764867	 -0.05653807935525084	 0.054822809060081655	 
-0.48429072034277404	 0.08742674449748943	 0.8705280366171138	 -0.472475508884156	 
0.0	 0.0	 0.0	 1.0	 
32	 35	  37
0.8727885228529138	 0.0349754108289943	 0.4868438302100299	 -0.8236153563584391	 
0.07323968672187538	 0.9767524000869998	 -0.20147133099566986	 0.1256307880905056	 
-0.4825724221970333	 0.21149815498398153	 0.8499366963328856	 -0.5051775885522435	 
0.0	 0.0	 0.0	 1.0	 
32	 36	  37
0.9281601993867743	 0.043661724938746774	 0.3696110091023769	 -0.7956022582625552	 
0.05402904681400916	 0.9667682619192032	 -0.2498799508685987	 0.09172072213260618	 
-0.36823838253864005	 0.2518983555347212	 0.8949568213630358	 -0.5478123764148844	 
0.0	 0.0	 0.0	 1.0	 
32	 37	  37
0.8977921593092496	 0.014664007307696448	 0.44017519872491084	 -0.8150068729423816	 
-0.005885901795242726	 0.9997557849716072	 -0.021300858571002664	 0.0529674651122694	 
-0.4403800572720021	 0.016532915819205112	 0.8976592158785112	 -0.5281302629717199	 
0.0	 0.0	 0.0	 1.0	 
33	 34	  37
0.9717547018618911	 -0.01285174513295235	 0.2356430182635303	 -0.3654727791101241	 
0.038950662670222194	 0.9935560514719823	 -0.10643880148214047	 0.05666296237365612	 
-0.23275662243394787	 0.11261085751579011	 0.9659933485706301	 -0.18921120674069247	 
0.0	 0.0	 0.0	 1.0	 
33	 35	  37
0.971581092280275	 0.03427235195684861	 0.23421269610081777	 -0.3375495982810534	 
0.026540258929671514	 0.9674507792841988	 -0.2516636730208465	 0.14217429419544256	 
-0.2352143613375128	 0.250727731919992	 0.9390472877692808	 -0.21270659246822182	 
0.0	 0.0	 0.0	 1.0	 
33	 36	  37
0.9938243849019345	 0.0073567928670447156	 0.11072023109171801	 -0.3012794141421398	 
0.02342686811975788	 0.9613988462678177	 -0.27415951605773037	 0.05932176913420288	 
-0.10846323720224971	 0.27506024066306056	 0.9552892704212622	 -0.2605730088395102	 
0.0	 0.0	 0.0	 1.0	 
33	 37	  37
0.9809769400087354	 0.048980697473857	 0.18784337743469037	 -0.3620228844915645	 
-0.03665624930219472	 0.9969751503511681	 -0.06853370681175722	 0.07618495233524589	 
-0.19063200822053022	 0.060344352322641015	 0.9798050809138361	 -0.24115618140833986	 
0.0	 0.0	 0.0	 1.0	 
34	 35	  37
0.9999733021166138	 0.007108331522535514	 0.0016931263866731975	 0.029486645295115726	 
-0.006831636808107195	 0.9916754904634529	 -0.12858090975176534	 0.037627675813963854	 
-0.0025930276739055884	 0.12856591008908713	 0.991697576366125	 -0.03450682916360639	 
0.0	 0.0	 0.0	 1.0	 
34	 36	  37
0.9928708357298386	 -0.014562559816579605	 -0.11830230517077682	 0.053987797088890024	 
-0.005306101649124381	 0.9861248592372364	 -0.16592048481013302	 -0.012076429247611556	 
0.11907707101881634	 0.16536533447469862	 0.9790173427021861	 -0.059458983710265645	 
0.0	 0.0	 0.0	 1.0	 
34	 37	  37
0.9953662545407175	 0.0849934420102769	 -0.044968145801548315	 0.011053417764149705	 
-0.08254421548595804	 0.9951354054994989	 0.05377710675701918	 -0.03958225570614623	 
0.04932009541141742	 -0.0498160570157234	 0.9975399183250834	 -0.06176180939252161	 
0.0	 0.0	 0.0	 1.0	 
35	 36	  37
0.9915653402505793	 -0.024203883249488654	 -0.1273277190928932	 0.041422572174655635	 
0.019954284683586534	 0.9992038904056567	 -0.03454579454821628	 -0.05676235086099735	 
0.12806249465210323	 0.03171367897053729	 0.9912589167465953	 -0.006362526197042156	 
0.0	 0.0	 0.0	 1.0	 
35	 37	  37
0.9961794650588872	 0.07963858375765571	 -0.03583530901307541	 -0.05307756748490722	 
-0.07182036234660917	 0.9805570664573723	 0.1826189337744406	 -0.07131703261810733	 
0.04968207873458439	 -0.1793475268789251	 0.9825304858654631	 -0.017459235094961816	 
0.0	 0.0	 0.0	 1.0	 
36	 37	  37
0.9951016515704373	 0.05521246061826486	 0.0820017514097313	 -0.059334916027685654	 
-0.07143065647310172	 0.9750167175323203	 0.2103332162268219	 0.014864783545821719	 
-0.06834006407378174	 -0.215160369782574	 0.9741846082326576	 0.014129802007434857	 
0.0	 0.0	 0.0	 1.0	 
