0	 1	  37
0.9684854201857036	 0.0009760258303781944	 0.24906834054391527	 0.0003031911886870158	 
0.06052476905138468	 0.9690958990740133	 -0.23914407943582286	 0.06362104601177819	 
-0.2416045182089895	 0.24668235804675823	 0.9384961752769659	 -0.13261358519785968	 
0.0	 0.0	 0.0	 1.0	 
0	 12	  37
0.9961983530365723	 0.016427145565664145	 -0.08555109757205814	 -0.9436796495518244	 
-0.008695796959908676	 0.9959063774395961	 0.08997149821121993	 -0.0861821477208859	 
0.08667885856684644	 -0.0888855233640663	 0.9922631401064158	 0.6184686114648069	 
0.0	 0.0	 0.0	 1.0	 
2	 3	  37
0.6853852531668075	 -0.2878397344531456	 0.6688761783853673	 -0.17407279435580253	 
0.28896712480721903	 0.9506471199591542	 0.11299581449777009	 0.03641260419623192	 
-0.6683898978306906	 0.11583756119371628	 0.7347357374557001	 -0.005730526551089061	 
0.0	 0.0	 0.0	 1.0	 
3	 4	  37
0.852125003744538	 0.09965402773489594	 0.5137626424231166	 -0.34064340125965076	 
0.19295354977063758	 0.8527157651075874	 -0.4854325406973571	 0.20341800051188322	 
-0.4864688125915991	 0.5127815311545392	 0.70739182613494	 -0.1592908187873442	 
0.0	 0.0	 0.0	 1.0	 
4	 5	  37
0.9777207578788915	 -0.16318603161080736	 0.1320319609028155	 -0.029171009901415294	 
0.0804878544362078	 0.8723662638637387	 0.4821813009239134	 0.04974060813214725	 
-0.19386548145810234	 -0.4608116977242855	 0.8660650982111449	 -0.018144183667808567	 
0.0	 0.0	 0.0	 1.0	 
5	 6	  37
0.7861275326518974	 -0.3723334713910385	 0.49332675630715345	 0.07723431024928844	 
0.3455632806843838	 0.926548487287862	 0.1486402359632812	 -0.03515624433359398	 
-0.5124348948396124	 0.053625430408275346	 0.857050052076448	 0.0607702996534677	 
0.0	 0.0	 0.0	 1.0	 
6	 7	  37
0.809236472807098	 -0.35666278128184487	 0.46682758222605747	 0.044800191901746195	 
0.3705259373085582	 0.926505241166919	 0.06556346445882695	 0.16641589800665435	 
-0.4559022492380819	 0.11991538074212342	 0.8819146447367402	 -0.32839533297144624	 
0.0	 0.0	 0.0	 1.0	 
7	 8	  37
0.8515985212605339	 -0.1584051194650092	 0.49968767916984635	 0.08778793073455175	 
0.28431681262468506	 0.9404303718253354	 -0.18642603307317268	 0.07343911802143183	 
-0.4403906318778943	 0.3008297423389783	 0.8459063526646747	 -0.2910542779306529	 
0.0	 0.0	 0.0	 1.0	 
8	 9	  37
0.9424363885381322	 0.14490751576205868	 0.3013560442978889	 -0.19541677926648215	 
0.04366019437475548	 0.8401829929852527	 -0.5405426215623531	 -0.03346488525576816	 
-0.331522911706508	 0.5225842995862116	 0.7854923353156458	 -0.003818103603038358	 
0.0	 0.0	 0.0	 1.0	 
8	 10	  37
0.7693458822965439	 -0.32718560320165235	 0.5486861529608001	 -0.040052850108285486	 
0.2968303268262883	 0.943627526295326	 0.1464883909870038	 -0.07094459482046715	 
-0.5656842497980217	 0.0501664496983157	 0.8230945613081859	 0.0940747497465095	 
0.0	 0.0	 0.0	 1.0	 
8	 15	  37
0.8892339149095037	 -0.30602102756119065	 0.3400208453390902	 0.02928256060335241	 
0.2162343909683983	 0.9361988880614996	 0.2770818113029729	 -0.37623980696788084	 
-0.40311999793763953	 -0.172866343406701	 0.8986720728830697	 0.8218878169938423	 
0.0	 0.0	 0.0	 1.0	 
8	 16	  37
0.8812701260618478	 -0.26713443894059624	 0.3898745393621223	 0.4710616225748794	 
0.2077167460041415	 0.9599150976789647	 0.18819340763542994	 -0.754689692609474	 
-0.42451939689534235	 -0.08486575740472081	 0.9014327955425948	 1.1362827369692476	 
0.0	 0.0	 0.0	 1.0	 
10	 14	  37
0.7361616187239212	 -0.2967335978542474	 0.6082887825878829	 -0.4974721828925879	 
0.36074164196263975	 0.932486101669895	 0.018306773243247327	 -0.11542093626782195	 
-0.5726530702544722	 0.2059583503938475	 0.7935046433582925	 0.319912962549945	 
0.0	 0.0	 0.0	 1.0	 
10	 15	  37
0.9597380295619973	 0.15038894679666384	 -0.2372468741497885	 -0.2802799587925264	 
-0.11277053816989063	 0.9798388599824345	 0.16492002361507235	 -0.21361633581782938	 
0.25726585535847657	 -0.1315255608226522	 0.9573480592328782	 0.5917053843790616	 
0.0	 0.0	 0.0	 1.0	 
10	 16	  37
0.8992919766457165	 0.21084045752174874	 -0.3831712961753004	 -0.06433108513232189	 
-0.19822820912809597	 0.9774624235178212	 0.0726139636470571	 -0.7436380295893361	 
0.3898455050997871	 0.01065420492987878	 0.9208186412485379	 1.234827206240956	 
0.0	 0.0	 0.0	 1.0	 
11	 12	  37
0.8440359865902057	 0.02743424147412314	 0.5355843684569561	 -0.38832346267826096	 
0.16460552208669582	 0.9372314049264611	 -0.307412289471545	 0.10449994824401777	 
-0.5104001130870403	 0.3476271796253999	 0.7865412058795302	 -0.1797276730639804	 
0.0	 0.0	 0.0	 1.0	 
11	 13	  37
0.7841937314210298	 -0.13665703083081793	 0.605280965770829	 -0.383848854074606	 
0.31071041799790294	 0.9308293932395793	 -0.19239458627727907	 -0.03141405933082367	 
-0.537121241199351	 0.3389417303988133	 0.772411338372714	 -0.46451005441321447	 
0.0	 0.0	 0.0	 1.0	 
12	 13	  37
0.9906984052299386	 -0.11142758823942944	 0.07810609741884261	 0.15526413319660173	 
0.11100925824723239	 0.9937721201527537	 0.009691119156231512	 0.042035293801972386	 
-0.07869952006370104	 -0.0009304763539199972	 0.9968979485160445	 -0.232523209376658	 
0.0	 0.0	 0.0	 1.0	 
14	 15	  37
0.43057552918647124	 0.6167107610090227	 -0.6589935894388222	 -0.09748943017168532	 
-0.413060709171034	 0.7838381295553257	 0.46365788809674335	 -0.18484444519136187	 
0.8024871115506553	 0.0725646188640283	 0.5922405017256128	 0.4253860490154352	 
0.0	 0.0	 0.0	 1.0	 
15	 16	  37
0.9964962456283971	 0.05517146508628017	 -0.06285970003700526	 0.32502948534117704	 
-0.06480057074849165	 0.9844608355917793	 -0.16321075092224963	 -0.4377263839123732	 
0.05287833657726666	 0.1667122449796903	 0.9845866690620249	 0.35972209222307394	 
0.0	 0.0	 0.0	 1.0	 
16	 17	  37
0.5597966615882032	 -0.4999021262179886	 0.6608521482733015	 -0.4057153507357801	 
0.48150785093822435	 0.845301161840119	 0.23155158232367615	 -0.25125232203036907	 
-0.6743722170727056	 0.18858369493272664	 0.7139035669094003	 0.6102931216913748	 
0.0	 0.0	 0.0	 1.0	 
17	 18	  37
0.9555405125629828	 0.1784696815324117	 -0.23471451089481513	 0.053813759115594426	 
-0.26070409608950645	 0.8832480859999964	 -0.38975145010570106	 -0.2933252309017725	 
0.13775232532711063	 0.43361433480809075	 0.8905071058199995	 0.4715778079080043	 
0.0	 0.0	 0.0	 1.0	 
17	 19	  37
0.9282852471699613	 0.20286203237861336	 -0.31166247080106035	 -0.05243440891432925	 
-0.29854242391121405	 0.9062409013713425	 -0.2993323400617997	 -0.6583073128343765	 
0.22171811160078975	 0.37091026475533706	 0.9018129819908915	 0.8177030461365479	 
0.0	 0.0	 0.0	 1.0	 
18	 19	  37
0.9887998343167058	 -0.02682541988855052	 -0.14681718054456855	 0.14966196136425444	 
0.038650834714990305	 0.9961807518519138	 0.07829446095088066	 -0.10349213740044984	 
0.14415616750971133	 -0.08309215659469546	 0.9860601872509374	 0.5376093010295127	 
0.0	 0.0	 0.0	 1.0	 
19	 20	  37
0.7746813308904514	 -0.47931309095246544	 0.412465509359744	 0.0814793209735496	 
0.3304853419530079	 0.8629873201264545	 0.3821417591093175	 -0.12495375825539397	 
-0.539118052307658	 -0.15972428163104815	 0.8269461164631244	 0.47460973607011575	 
0.0	 0.0	 0.0	 1.0	 
20	 21	  37
-0.4055490242026025	 0.5611995158490236	 -0.7215158296109229	 1.983791590082462	 
-0.3218971619463026	 0.651093843747434	 0.6873565477720486	 -1.1196702282696644	 
0.8555186766513243	 0.5110106750793117	 -0.08340194155865428	 1.8996502510530362	 
0.0	 0.0	 0.0	 1.0	 
21	 22	  37
0.9391089168626323	 -0.08125765991976745	 0.3338736811631852	 -0.22127707417039089	 
0.2099201977714118	 0.9049147778798002	 -0.37021987432114156	 -0.11875501608587925	 
-0.27204402738656913	 0.41776361435519227	 0.8668711609484893	 0.02653902359426056	 
0.0	 0.0	 0.0	 1.0	 
21	 28	  37
0.6137476236860343	 -0.46234418317867126	 0.6399622728728557	 0.09151682177057932	 
0.5517949735904605	 0.8309412662736946	 0.07112607906929262	 -0.5339096141075645	 
-0.5646557903183564	 0.30947450344788613	 0.7651074239449229	 0.5562189730184404	 
0.0	 0.0	 0.0	 1.0	 
22	 23	  37
0.9886389599659274	 0.11173404171108393	 -0.10054108991051788	 -0.02915409146165592	 
-0.1488400565580973	 0.8210362057030253	 -0.5511317324275221	 -0.07532933931706529	 
0.02096769899801959	 0.5598348442600596	 0.828338881588353	 0.27056358695673344	 
0.0	 0.0	 0.0	 1.0	 
22	 29	  37
0.9616267277840577	 0.1656784367004428	 -0.21868857314415033	 0.06180996772710685	 
-0.13728987951813384	 0.9806906661404862	 0.13927421271300106	 -0.3416775145408398	 
0.23754057630902392	 -0.10390607757695107	 0.9658043288624001	 0.966926525990945	 
0.0	 0.0	 0.0	 1.0	 
23	 28	  37
0.7674069800016914	 -0.5280172615147923	 0.36370908510388056	 0.0978762220450394	 
0.00848140507566009	 0.57557741779559	 0.8177033092092157	 0.159328772549854	 
-0.6411041980931221	 -0.6244264629771702	 0.44618045622953334	 0.4430072330003694	 
0.0	 0.0	 0.0	 1.0	 
23	 29	  37
0.9791440235731391	 0.001605438517576792	 -0.203161028910985	 0.14362567433012052	 
0.12895916925165302	 0.7677876132684792	 0.6275919961068773	 0.18357380397783496	 
0.15699208186060662	 -0.6407024297430576	 0.7515676168878049	 0.7171940405245413	 
0.0	 0.0	 0.0	 1.0	 
23	 30	  37
0.8497786796525588	 -0.13112470128819462	 -0.5105707672008202	 0.2806790982774791	 
0.20750092236239914	 0.9735793420395998	 0.0953238268875761	 0.1467443183967091	 
0.48458184326974785	 -0.18694806087740132	 0.8545354642772128	 0.6636526172137744	 
0.0	 0.0	 0.0	 1.0	 
24	 27	  37
0.8655435782439773	 0.17782940054964363	 0.4681997634138293	 -0.06450252817727525	 
0.19452836725191874	 0.7420756146741534	 -0.6414690144038759	 0.030582330321646194	 
-0.4615116775282227	 0.6462975215843952	 0.6077059199143554	 -0.17558157404113758	 
0.0	 0.0	 0.0	 1.0	 
24	 28	  37
0.9579442861513809	 -0.16250666065380295	 0.2365043971537764	 0.04358652963846447	 
0.1086906038848882	 0.9682618304949054	 0.22506750150520038	 0.018751954608008072	 
-0.2655731485995146	 -0.1898963213171986	 0.9452038351028496	 0.033570242527058335	 
0.0	 0.0	 0.0	 1.0	 
25	 27	  37
0.9365755356003211	 0.014540752640285502	 -0.3501640081842	 0.0997605557800304	 
-0.28163321841718403	 0.625887882732588	 -0.7272874868526858	 0.05282288423531479	 
0.20858810224686566	 0.7797774841332433	 0.5902864379603172	 -0.2162176977768223	 
0.0	 0.0	 0.0	 1.0	 
26	 27	  37
0.7558526228202341	 -0.22286378009166327	 -0.6156448230100109	 0.2150650686027621	 
-0.007207441476546921	 0.9373973016175302	 -0.3481872365660967	 0.08106099035201221	 
0.6547021195651768	 0.2676154600231974	 0.7069279313999679	 0.008232054132517269	 
0.0	 0.0	 0.0	 1.0	 
28	 29	  37
0.6167982494138161	 0.40075707445672015	 -0.6774612068546382	 -0.06760150777477483	 
-0.5616829823509556	 0.8270563568818899	 -0.022136166754710664	 -0.13825454988994748	 
0.5514273722417016	 0.39417197999622827	 0.7352253418704119	 0.19729732936790412	 
0.0	 0.0	 0.0	 1.0	 
28	 30	  37
0.36891333781635666	 0.010789912999951277	 -0.9294011657829185	 0.024600218286523035	 
-0.5826617121382507	 0.7817484895871362	 -0.22220402389775293	 -0.2922372860694691	 
0.724160395485224	 0.6235005026507073	 0.2946843138088598	 0.15693253507637706	 
0.0	 0.0	 0.0	 1.0	 
29	 30	  37
0.9461812772400608	 -0.022420176195086596	 -0.32285960772408323	 0.08927258974039047	 
-0.1475604810274276	 0.8579842234895696	 -0.4920253821521343	 0.002902829390366219	 
0.2880397455896003	 0.5131865235393276	 0.8085002764491162	 -0.11036267318622686	 
0.0	 0.0	 0.0	 1.0	 
30	 31	  37
0.9437177267802838	 0.24617619754435274	 -0.22089393817680464	 -0.061150057113136376	 
0.042586683043669894	 0.5718553688993907	 0.8192483210164544	 0.27311069104906177	 
0.32799882101616157	 -0.7825463033096155	 0.5291862210871161	 0.5147683075816893	 
0.0	 0.0	 0.0	 1.0	 
31	 32	  37
0.7699851465384836	 0.3492959125814976	 -0.533961833433785	 0.04876957986643938	 
-0.5590274677674733	 0.77272214894001	 -0.3006472531373271	 -0.2607414504894601	 
0.3075892787331789	 0.5299932508923034	 0.7902505865970687	 0.10933191830899248	 
0.0	 0.0	 0.0	 1.0	 
31	 33	  37
0.4200552752953894	 0.27765753944819865	 -0.8639790833602898	 0.2560510447795778	 
-0.7042836066516602	 0.7001428045145827	 -0.11740806909316334	 -0.5396649969496123	 
0.5723095028900398	 0.6578041836854085	 0.48964833179306166	 0.1769876025524098	 
0.0	 0.0	 0.0	 1.0	 
31	 34	  37
0.9932439038301994	 0.041923741251745354	 0.10820788983989495	 -0.5802071391558297	 
-0.03451897170789642	 0.99699011865849	 -0.06942005394379946	 -0.12197637701330194	 
-0.11079254531048363	 0.06521582029528789	 0.9917015219746497	 -0.036034256456500116	 
0.0	 0.0	 0.0	 1.0	 
32	 33	  37
0.8899423439582105	 0.11444426598101838	 -0.4414806161251375	 0.26586952674721787	 
-0.18838309240605558	 0.9738095127552092	 -0.12730610104387285	 -0.08789564666895433	 
0.4153485703908187	 0.19646257366614892	 0.8881936850838198	 -0.026818640864304858	 
0.0	 0.0	 0.0	 1.0	 
32	 34	  37
-0.5972124540705699	 -0.39041878887493847	 0.7006500224765808	 -1.4474965258061132	 
0.5649687662250633	 0.41530005639036754	 0.712976967616968	 -0.723517912695606	 
-0.5693395980371792	 0.82164410328048	 -0.027447944390779945	 1.9736566092913959	 
0.0	 0.0	 0.0	 1.0	 
32	 35	  37
-0.5059854143206866	 -0.04271797674464703	 0.8614835662724892	 -1.4689285157901681	 
0.4372733170509035	 0.8482084732013434	 0.29888866185378393	 -0.9583644315558972	 
-0.7434855793423454	 0.5279370800126557	 -0.4105016843542639	 2.050695876446996	 
0.0	 0.0	 0.0	 1.0	 
32	 36	  37
-0.42898885487759675	 -0.06399008038710416	 0.9010404164091973	 -1.5710254377803885	 
0.16462524581587754	 0.9752442613845467	 0.1476386097082043	 -0.4544545708382496	 
-0.8881819018820806	 0.21166931815584783	 -0.4078345362037998	 2.5035084797085028	 
0.0	 0.0	 0.0	 1.0	 
33	 34	  37
0.9251332105071628	 0.22527066620883918	 -0.30558414514260157	 0.08464698252206163	 
-0.02889666434263391	 0.844374343194735	 0.5349737856608758	 0.08322666628643241	 
0.3785413129455989	 -0.4860916533950003	 0.787668317817301	 0.2418182023342878	 
0.0	 0.0	 0.0	 1.0	 
33	 35	  37
0.862491309702477	 0.05797521636813266	 -0.5027401067895558	 0.13317018485554458	 
-0.00864181942984308	 0.9949588106936322	 0.09991138063331612	 -0.2547796775479942	 
0.5059980826491816	 -0.08182810831359608	 0.8586443390864293	 0.23848316108372897	 
0.0	 0.0	 0.0	 1.0	 
33	 36	  37
0.800423038542315	 0.2954277207121822	 -0.5215797361914004	 0.053020581471060944	 
-0.3072674527342048	 0.949320073675587	 0.06616728955314663	 0.18528608018641843	 
0.5146937651273028	 0.10730265398107154	 0.8506329811309328	 -0.028586395439024397	 
0.0	 0.0	 0.0	 1.0	 
34	 35	  37
0.987142865022932	 0.061008477445426965	 -0.14773939797531363	 -0.018671875546034895	 
-0.13526073509116804	 0.8113262112212765	 -0.5687304392486178	 -0.01415476356834159	 
0.08516746783199644	 0.5814015347976986	 0.8091469321192327	 -0.22418404361984096	 
0.0	 0.0	 0.0	 1.0	 
34	 36	  37
0.986013889929525	 0.09442435310714183	 -0.13733408319257506	 -0.06029564720991676	 
-0.14340884604866924	 0.9005269359641017	 -0.41046941479006077	 0.006361458219152006	 
0.08491473217902946	 0.4244234667680428	 0.9014733546342675	 -0.16210902387362364	 
0.0	 0.0	 0.0	 1.0	 
35	 36	  37
0.9999453132161606	 0.004429666815654476	 0.00947357529848868	 -0.06322096495614038	 
-0.005970665693587182	 0.985530298981465	 0.16939415851993878	 0.07405994120911664	 
-0.008586135813581499	 -0.1694414584492384	 0.9855028515587282	 0.03514460132099344	 
0.0	 0.0	 0.0	 1.0	 
