1	 2	  37
0.8626722158648934	 -0.10334271187664362	 0.4950928517730131	 -0.20784516322809737	 
0.08217178893520578	 0.9945344255661396	 0.06441330194157122	 0.006523918940757851	 
-0.49904353024354636	 -0.014884900597888518	 0.8664490721653803	 0.28487366988705226	 
0.0	 0.0	 0.0	 1.0	 
2	 3	  37
0.8351336102548779	 -0.13975362586560433	 0.5319969709312923	 -0.5839763462244858	 
0.13488580496401598	 0.989686080496432	 0.0482419080346139	 -0.011991227488078699	 
-0.5332519785634771	 0.0314704008399553	 0.8453708897455061	 0.14169571557773233	 
0.0	 0.0	 0.0	 1.0	 
2	 5	  37
0.707154063118	 -0.17265402899326354	 0.6856556842089895	 -1.0293164842747586	 
0.11100163070781556	 0.9848125594800685	 0.13350228713592313	 -0.15047761204766621	 
-0.6982920370417447	 -0.01829778573243284	 0.7155790816124945	 0.23652385665642453	 
0.0	 0.0	 0.0	 1.0	 
2	 7	  37
0.8387287246865094	 -0.12653625150102998	 0.5296439402483606	 -0.9242214387211266	 
0.12993639351805727	 0.9910374969309197	 0.031003440396462023	 -0.175672197441474	 
-0.5288200639397692	 0.04281654741994639	 0.8476532800867185	 0.3541158238485438	 
0.0	 0.0	 0.0	 1.0	 
3	 4	  37
0.9583560375089358	 -0.023355429759618553	 0.2846194464032897	 -0.3663148772212745	 
-0.007235649638375316	 0.9943442953621173	 0.10595785792061406	 0.03869346425697155	 
-0.28548441418837944	 -0.10360475945417687	 0.9527668671159593	 -0.3643207231027814	 
0.0	 0.0	 0.0	 1.0	 
3	 5	  37
0.977257067265813	 0.02012015199662763	 0.21110140682301395	 -0.45292707794817316	 
-0.02915455143869518	 0.9987833801759607	 0.039771492487602	 -0.03338722816817711	 
-0.2100443681926072	 -0.0450215389332207	 0.9766547109509343	 -0.16382707778055755	 
0.0	 0.0	 0.0	 1.0	 
3	 6	  37
0.9884417065162509	 0.03341111121306709	 0.1478739005597366	 -0.4428351114903376	 
0.0028420663635059236	 0.9711570558105819	 -0.23842377316053737	 -0.05500938468544498	 
-0.15157478509972633	 0.23608826865566657	 0.9598371809453632	 -0.020674749658342387	 
0.0	 0.0	 0.0	 1.0	 
3	 7	  37
0.9987425393733467	 0.039167150036801095	 -0.031293360383208756	 -0.35558416341435684	 
-0.03975660863003046	 0.9990391990907259	 -0.018441549566108453	 -0.09838464360167413	 
0.03054099075533145	 0.019662477925108484	 0.999340099688553	 -0.021184464553600863	 
0.0	 0.0	 0.0	 1.0	 
3	 38	  37
0.47501478049302065	 -0.472875349655245	 0.7421252333680591	 -2.1658043773534104	 
0.3334522732791488	 0.8771784748887502	 0.3454960269479421	 -0.45797825249313345	 
-0.8143528349297585	 0.08334762672251103	 0.5743541010226964	 1.3030847647872914	 
0.0	 0.0	 0.0	 1.0	 
3	 39	  37
0.10551508140284921	 -0.2936161405974716	 0.9500821699080534	 -2.20925984653033	 
0.2740797978230431	 0.9269964506926064	 0.2560426621260401	 -0.5495647370900962	 
-0.9559010576528458	 0.23338196670684572	 0.17828635840752005	 1.5302540674582952	 
0.0	 0.0	 0.0	 1.0	 
3	 40	  37
0.06516897611280895	 -0.49442045263550466	 0.8667764536304103	 -1.818836528568685	 
0.22133525360359607	 0.8541481282820991	 0.4705759029789119	 -0.709299365659691	 
-0.973017836457606	 0.16118123640141635	 0.16509663523970122	 1.740079778895206	 
0.0	 0.0	 0.0	 1.0	 
3	 41	  37
-0.09579146613599478	 -0.5233003356389022	 0.8467471604533013	 -1.6205501609032307	 
0.20166850795131588	 0.8228148238389714	 0.5313243628627732	 -0.801154786477356	 
-0.9747583330837477	 0.22165857617302936	 0.0267145595647552	 1.7220183971435228	 
0.0	 0.0	 0.0	 1.0	 
3	 45	  37
-0.20890811900626213	 0.0016935306065466685	 0.9779338064344382	 -2.054064033739099	 
0.25668042497347804	 0.9650331740512021	 0.053161380870857755	 -0.7423387788755779	 
-0.9436485348098095	 0.26212230911302925	 -0.2020379613254737	 1.83354324424762	 
0.0	 0.0	 0.0	 1.0	 
3	 46	  37
0.19759242670286742	 -0.24794798786593514	 0.9484086820684984	 -2.34323616177666	 
0.22417770163854708	 0.953274445969191	 0.2025146630498385	 -0.7334188578219154	 
-0.9543068641677742	 0.17259671484522815	 0.24394422113857192	 1.340026769379064	 
0.0	 0.0	 0.0	 1.0	 
3	 47	  37
-0.1126953047071043	 -0.4929984914754755	 0.862700559696051	 -1.6921527885942236	 
0.23458287355596938	 0.8304875918414407	 0.505233842128205	 -0.7101889239326563	 
-0.9655416323138	 0.25931225809882186	 0.022056950571034305	 1.7207734701614301	 
0.0	 0.0	 0.0	 1.0	 
4	 5	  37
0.9957573224728041	 0.03074042188462533	 -0.08673166206263984	 -0.11089215445530322	 
-0.036039393522956674	 0.997535111053128	 -0.0602068462113855	 -0.0970267243831121	 
0.08466709429459693	 0.06307716447795651	 0.9944107574162354	 0.16021996699680316	 
0.0	 0.0	 0.0	 1.0	 
4	 6	  37
0.9888787538270981	 -0.028916697527987898	 -0.1458856909824962	 -0.14532441346314182	 
-0.019081363887412762	 0.948140738115259	 -0.3172775477061801	 -0.1706539713599813	 
0.14749478560804033	 0.3165327239486091	 0.9370444615321682	 0.29921539641157185	 
0.0	 0.0	 0.0	 1.0	 
4	 7	  37
0.9479741631238127	 0.008610884946678093	 -0.31823079472317284	 -0.08711087990381385	 
-0.0491686258129541	 0.9915994854542798	 -0.11963656081011764	 -0.16866477164403668	 
0.31452731564265307	 0.12905933948088488	 0.9404340777573861	 0.33176200498812247	 
0.0	 0.0	 0.0	 1.0	 
4	 38	  37
0.6688442076896688	 -0.4895588667723155	 0.5594457451840941	 -2.211910743508929	 
0.3909758654081435	 0.8717134246094405	 0.2953871663157272	 -0.6734562336863961	 
-0.6322857728182198	 0.02116178915611586	 0.7744461764198851	 1.0735029004484706	 
0.0	 0.0	 0.0	 1.0	 
4	 39	  37
0.38669416059885386	 -0.3924365489684148	 0.8345424981344625	 -2.215892713738633	 
0.35239444462311265	 0.8991453952664266	 0.25952979322218644	 -0.8319188765219462	 
-0.8522240207583428	 0.19372948460403105	 0.48598673360241046	 1.1536108713525817	 
0.0	 0.0	 0.0	 1.0	 
4	 40	  37
0.34807551531665126	 -0.46132250717286244	 0.8161035351061722	 -2.073074497960521	 
0.26716552832480506	 0.8832557521781362	 0.38533343576591206	 -0.8218474965411638	 
-0.8985911284405018	 0.08390959790142574	 0.4306891724527628	 1.5194634032218546	 
0.0	 0.0	 0.0	 1.0	 
4	 41	  37
0.17798958676529925	 -0.5534289589999359	 0.8136560049206084	 -1.8404708111785233	 
0.28155059947123157	 0.8209327258834127	 0.49678840516966516	 -0.9849268308336264	 
-0.9428939319671689	 0.14066217300282413	 0.301935731813271	 1.5819939564143326	 
0.0	 0.0	 0.0	 1.0	 
4	 46	  37
0.42018856808979127	 -0.2759333898274333	 0.8644665011583696	 -2.4469657842225137	 
0.3092301044725133	 0.9391672741043602	 0.14947097958903174	 -0.8655003714345301	 
-0.8531226815262682	 0.20451306958169702	 0.4799542630664953	 1.050336435319109	 
0.0	 0.0	 0.0	 1.0	 
4	 47	  37
0.1867714386731348	 -0.5044680322761929	 0.842987801873404	 -1.9033078696132533	 
0.2985078722208885	 0.8466575354883259	 0.4405270341568055	 -0.8324828903275815	 
-0.9359537808664079	 0.16936062710151856	 0.30871912488483055	 1.4963190061605651	 
0.0	 0.0	 0.0	 1.0	 
5	 6	  37
0.9991137087138331	 -0.02878849299110267	 -0.03070862633512884	 -0.08752301948969891	 
0.020520770273206576	 0.9701087658548565	 -0.24180132422913078	 -0.12302739344838298	 
0.03675180332287945	 0.2409568531560538	 0.9698397289602276	 0.13582987223485732	 
0.0	 0.0	 0.0	 1.0	 
5	 7	  37
0.9707974970757711	 0.003537195078947174	 -0.23987435861798775	 0.06927936599256031	 
-0.01885079001851425	 0.9979243824957736	 -0.06157576257023725	 -0.07651120382088696	 
0.23915866571607955	 0.06429941734885179	 0.9688491717194695	 0.16864483413149228	 
0.0	 0.0	 0.0	 1.0	 
5	 38	  37
0.5458237685405783	 -0.5522688876871686	 0.6301392619008427	 -2.002142289734361	 
0.40882123147520566	 0.8319858808830823	 0.37505292254067035	 -0.6319051456964239	 
-0.7313970292469455	 0.05290150946787338	 0.6798969156458671	 1.194167405361471	 
0.0	 0.0	 0.0	 1.0	 
5	 39	  37
0.26976080255516527	 -0.3639350398718004	 0.8915045687815091	 -2.069911679545809	 
0.29614774048602077	 0.9123107796570605	 0.28281717968778153	 -0.6612048858911607	 
-0.9162563097789931	 0.1877240743086446	 0.3538842278417404	 1.3162138460944495	 
0.0	 0.0	 0.0	 1.0	 
5	 40	  37
0.2843820399371562	 -0.4994163172103322	 0.8183582329672321	 -1.782412894042386	 
0.2953464753002509	 0.8577250022531089	 0.4208067015122537	 -0.6654662613540664	 
-0.9120840503423465	 0.12202935144453303	 0.3914224348413447	 1.4482944735958219	 
0.0	 0.0	 0.0	 1.0	 
5	 45	  37
0.11634406111698627	 -0.02326586379545155	 0.9929364325195539	 -1.9640515413963637	 
0.19704369326793755	 0.9803947008721763	 -0.00011595295754717495	 -0.7472611718552599	 
-0.9734669189993765	 0.19566535228192264	 0.11864749272636638	 1.4077527440250202	 
0.0	 0.0	 0.0	 1.0	 
5	 46	  37
0.3285137443937099	 -0.27077671202493064	 0.9048528565293875	 -2.254513532754046	 
0.26063178348984767	 0.9468155751521314	 0.18870967141151035	 -0.7229469562619458	 
-0.9078269621350348	 0.17383969303443594	 0.381614947226085	 1.129982590881153	 
0.0	 0.0	 0.0	 1.0	 
6	 7	  37
0.9780307522117617	 0.021490148714048772	 -0.20734999695284434	 0.16430851034534763	 
0.015225402881792012	 0.9846515243830763	 0.17386650809506327	 0.059537338821549615	 
0.20790390769579964	 -0.17320377893779232	 0.9626922748866771	 0.017692304523389442	 
0.0	 0.0	 0.0	 1.0	 
6	 46	  37
0.17917652769200906	 -0.2826761722731652	 0.942332188537156	 -2.2319902394199964	 
0.015280671488149971	 0.9585169331866803	 0.2846257013575416	 -0.4025054104711205	 
-0.9836982631900424	 -0.036598776255401255	 0.1760632175484165	 1.5014508420865826	 
0.0	 0.0	 0.0	 1.0	 
7	 38	  37
0.35387045432767106	 -0.5433995957408776	 0.761244100734172	 -1.741116907226145	 
0.3166118760707786	 0.835453515761448	 0.44919299074315117	 -0.5356396400100583	 
-0.8800753498904905	 0.08206279516617479	 0.46768908065577636	 1.5713237836327718	 
0.0	 0.0	 0.0	 1.0	 
7	 46	  37
0.03223523816480865	 -0.27291879770972366	 0.961496863893553	 -1.9326925309954628	 
0.22333290241318798	 0.9396401457629525	 0.2592273349210644	 -0.7279074283639136	 
-0.9742090659197127	 0.20637763039451604	 0.09124127110351403	 1.6763807878455967	 
0.0	 0.0	 0.0	 1.0	 
8	 9	  37
-0.5156978960157821	 -0.327040211734563	 0.791896697779141	 -2.0389591703542456	 
-0.3100167740471616	 -0.7904223744980203	 -0.5283200447667153	 1.6558837422866357	 
0.7987147675198497	 -0.5179547951332483	 0.30623120406677734	 2.074655427152767	 
0.0	 0.0	 0.0	 1.0	 
8	 35	  37
-0.9343376689466049	 -0.05807009562353476	 0.35162619979418364	 -1.4267207149912804	 
-0.16481867818009774	 -0.8043799371351336	 -0.5707956902933343	 1.9640395900098564	 
0.3159872208023471	 -0.5912704801770101	 0.7419914390077942	 0.570047256549021	 
0.0	 0.0	 0.0	 1.0	 
8	 36	  37
-0.871756839094111	 0.05289776745736519	 0.4870747783355953	 -1.902105391026362	 
-0.3450929167698617	 -0.7719898442322731	 -0.5338001116499502	 2.0201571983967055	 
0.3477799480819906	 -0.6334299539809092	 0.6912420712831577	 1.089333715140989	 
0.0	 0.0	 0.0	 1.0	 
8	 37	  37
0.7843256598070664	 -0.44897898339470554	 0.42807841786063827	 -1.4244530890792209	 
0.3292426885789785	 0.8861280748923358	 0.3261537780018658	 -0.6315384734863017	 
-0.5257684959994238	 -0.1148690879108085	 0.8428360346218259	 1.0155927353060388	 
0.0	 0.0	 0.0	 1.0	 
8	 38	  37
-0.04981159814061655	 -0.5019809404472085	 0.8634430728880816	 -1.0855913651161937	 
0.4541921592725866	 0.7585666842378286	 0.4672109459545346	 -0.6450458599463272	 
-0.8895101388663218	 0.4154415975707801	 0.19021038841728666	 1.387775052992448	 
0.0	 0.0	 0.0	 1.0	 
9	 10	  37
0.8254453499050614	 0.12475921043765589	 -0.5505225823988351	 0.3761839384185938	 
-0.21086666850345964	 0.9728179198968786	 -0.09571072480010037	 -0.1455367136058069	 
0.5236174390090168	 0.19509083560864962	 0.8293155873533038	 0.4822295256079516	 
0.0	 0.0	 0.0	 1.0	 
9	 11	  37
0.7862191698515909	 -0.09195563026907622	 -0.6110675732025811	 0.4684257962388969	 
-0.2382714722829482	 0.867287474635944	 -0.4370802464487761	 -0.19722213891552162	 
0.5701632419351418	 0.48924083885283276	 0.6599676349220359	 0.5099011030598207	 
0.0	 0.0	 0.0	 1.0	 
9	 32	  37
-0.009671484344857633	 -0.7506441518348091	 -0.6606359206906386	 1.953382000424025	 
-0.9396021275966407	 -0.2192238292331242	 0.2628473977657625	 -1.4952463490362742	 
-0.34213199822061946	 0.6232770411402674	 -0.7031866222995138	 3.347509541746366	 
0.0	 0.0	 0.0	 1.0	 
9	 33	  37
0.9225034257571422	 -0.38316401577478315	 -0.04661294328485556	 -0.8177756008870413	 
0.3530181720941754	 0.8863661527522289	 -0.2995550257072953	 -0.06359040729538826	 
0.1560948418033811	 0.25988532138339987	 0.9529396728501873	 -0.6544754927690408	 
0.0	 0.0	 0.0	 1.0	 
9	 35	  37
0.8855254836045665	 -0.29843581090836657	 0.3560627538150603	 -1.5580171767954831	 
0.27557834603889464	 0.9544238193632123	 0.11459384026467276	 -0.2751889798106042	 
-0.37403367907364443	 -0.003352581036070243	 0.9274090613742302	 -0.11380571501115676	 
0.0	 0.0	 0.0	 1.0	 
9	 36	  37
0.5408799375682175	 -0.4444511333966164	 0.7140812861003034	 -1.4261681037825347	 
0.4312546755847212	 0.8754401395328574	 0.21822916139005918	 -0.5750737916798639	 
-0.7221276188614574	 0.1899151181900878	 0.6651796373614625	 0.4986719366558948	 
0.0	 0.0	 0.0	 1.0	 
9	 37	  37
-0.9221788300002464	 0.0018318927514538107	 0.38675942091735016	 -0.6201788647511673	 
-0.31605207059893353	 -0.579958351336932	 -0.7508391301634951	 2.036910616012766	 
0.22292889935919882	 -0.8146440663771478	 0.535404287381976	 1.226611856124975	 
0.0	 0.0	 0.0	 1.0	 
10	 11	  37
0.9993559300906939	 -0.02696351669831011	 -0.023678972946974235	 0.058549729173583316	 
0.01591258989674449	 0.9244135450252684	 -0.381059558673697	 0.01999011158691338	 
0.032163869097818626	 0.3804373358926209	 0.9242472174605577	 -0.03173780590956353	 
0.0	 0.0	 0.0	 1.0	 
10	 12	  37
0.9402983062937736	 -0.03854937201587236	 -0.338161264928795	 0.18304700764044102	 
-0.06310597418974954	 0.9565901668568185	 -0.2845222112496784	 -0.09283703196928542	 
0.33444989341099135	 0.2888757493976014	 0.8970474180372803	 0.35398201851798855	 
0.0	 0.0	 0.0	 1.0	 
10	 32	  37
0.9025455090482065	 0.2508130920264816	 0.35000628132224915	 -1.0776957069297568	 
0.4305934013139084	 -0.5275316392693546	 -0.7323248543608952	 1.3946458195772304	 
0.0009627262503979583	 0.8116669036235881	 -0.5841197742931357	 2.6058375942489764	 
0.0	 0.0	 0.0	 1.0	 
10	 33	  37
0.7596464617285179	 -0.18757555303483095	 0.6226978923097616	 -1.9749270677335546	 
0.21277945879965435	 0.9764884266604509	 0.03457245306777178	 -0.6024721765001272	 
-0.6145422321502962	 0.1062344788751482	 0.781698202890256	 0.4068520186876696	 
0.0	 0.0	 0.0	 1.0	 
10	 35	  37
0.7757515396759912	 0.5960301847045576	 0.20726207470586389	 -0.75616832846764	 
-0.2093283134224667	 -0.06679219182603162	 0.9755616127701925	 -1.8208440570262223	 
0.5953076565021095	 -0.8001792436898905	 0.07295184766570811	 1.7536826598584163	 
0.0	 0.0	 0.0	 1.0	 
10	 36	  37
0.05711359481002223	 0.9111562502858632	 0.4080837228472643	 -1.3059664889955007	 
0.46094554002098564	 0.33851118820576676	 -0.8203288271140314	 2.2587071817454274	 
-0.8855886440230809	 0.23495630024437755	 -0.40065981898966996	 2.4034883046800055	 
0.0	 0.0	 0.0	 1.0	 
11	 12	  37
0.941104407094629	 -0.025963622322057667	 -0.33711776171389235	 0.17200250174609297	 
0.060642733325695995	 0.9938410485575659	 0.09274928084242201	 0.03990565982976066	 
0.33263336249068	 -0.10773049947863202	 0.9368826957737183	 0.41224385227468774	 
0.0	 0.0	 0.0	 1.0	 
11	 32	  37
-0.62492727669533	 0.0013834013599252225	 -0.7806817437617175	 0.32459930853721547	 
-0.29265615825282604	 -0.9274902697632105	 0.23262453123276597	 -0.7305440783872809	 
-0.7237529080279093	 0.37384473474324126	 0.5800188293718579	 1.0857903197923657	 
0.0	 0.0	 0.0	 1.0	 
11	 33	  37
-0.9282811922199383	 0.3437273419165679	 0.14193499423926162	 -0.8594676580805894	 
-0.3369815920757606	 -0.9389150580502412	 0.06987074043257112	 -0.6259429303258525	 
0.15728138724214716	 0.017030213900026778	 0.987406976399146	 1.2921326541389668	 
0.0	 0.0	 0.0	 1.0	 
13	 14	  37
0.9116260562127951	 0.0673276777298375	 -0.40546876260127884	 0.021814299050046896	 
-0.0447026663180277	 0.9968818461731465	 0.0650250443635228	 -0.10683118468609779	 
0.4085824338587798	 -0.0411529899512314	 0.9117931926484809	 0.4476663925817673	 
0.0	 0.0	 0.0	 1.0	 
13	 15	  37
0.9029746858894248	 0.17179544338110816	 -0.39385662654877734	 -0.02955030404468677	 
-0.07830245085976945	 0.9670387941476838	 0.2422905214876277	 -0.045013137167138464	 
0.42249904477081124	 -0.18794226838814543	 0.8866635556516744	 0.5628912987437714	 
0.0	 0.0	 0.0	 1.0	 
13	 16	  37
0.8977478755311065	 0.1264242018831924	 -0.42197828517304287	 -0.2666327689641456	 
-0.041276947743450525	 0.9778597496854835	 0.2051500025104237	 -0.12509531098907475	 
0.43857150564573677	 -0.16675500329297585	 0.8830899180221627	 0.912596204624073	 
0.0	 0.0	 0.0	 1.0	 
14	 15	  37
0.999060464791461	 0.042351664871223396	 -0.009193702915870839	 0.0032078693021016557	 
-0.039920291879253084	 0.9818984190846083	 0.18515362512093136	 0.04257856108766932	 
0.01686884663944059	 -0.1846126514672895	 0.9826665817719014	 0.12205467187434958	 
0.0	 0.0	 0.0	 1.0	 
14	 16	  37
0.9999221804817539	 0.008332394296848749	 -0.009284620934551797	 -0.12505278880771356	 
-0.0069265080614910575	 0.98979621592487	 0.1423217285831053	 -0.05527244975738461	 
0.010375763426879325	 -0.1422463431729995	 0.9897769048564525	 0.5502129073810625	 
0.0	 0.0	 0.0	 1.0	 
15	 16	  37
0.999780582145424	 -0.020409287852767286	 -0.004716835199647921	 -0.10078235177015989	 
0.020166002394439025	 0.9986970270734393	 -0.046878358142134445	 -0.17346422494402441	 
0.005667443196471973	 0.04677295248343482	 0.9988894688620943	 0.4060311805741901	 
0.0	 0.0	 0.0	 1.0	 
15	 57	  37
0.8043207779547644	 -0.1713061531094733	 0.568965981458538	 -2.207571757058071	 
0.30412026211986837	 0.9412998376695018	 -0.14651102952171774	 -0.7567486066564719	 
-0.5104693451309165	 0.2908759486623199	 0.8092046899094255	 0.18036720491876235	 
0.0	 0.0	 0.0	 1.0	 
16	 24	  37
0.9845055361416382	 0.09473624081046737	 -0.14755979799242858	 -0.22366450221996875	 
-0.01625114847734253	 0.887170926207594	 0.4611546897355881	 -0.4574918280540828	 
0.1745988243936155	 -0.4516113288759047	 0.8749642610708773	 1.3311932501615498	 
0.0	 0.0	 0.0	 1.0	 
16	 55	  37
0.6828645453854459	 -0.21433613048792355	 0.698395329181826	 -1.8348218855756744	 
0.2376532081972318	 0.9691682900189972	 0.06506749000241815	 -0.3034322543040166	 
-0.690808920968085	 0.1215436085901494	 0.712748332808848	 0.19161064447379686	 
0.0	 0.0	 0.0	 1.0	 
16	 56	  37
0.7793976634111179	 -0.04725065277886032	 0.6247452745569677	 -1.720888101878695	 
0.21809032011494936	 0.9552510572100391	 -0.19983000268042772	 -0.3342833389626742	 
-0.5873464859360681	 0.2919979340869936	 0.7548253519506876	 -0.020438959994740463	 
0.0	 0.0	 0.0	 1.0	 
16	 57	  37
0.7617386444563601	 -0.3134528444396493	 0.5670110685467087	 -2.0954346822101	 
0.2873130485104329	 0.9478436323517884	 0.13799877088513948	 -1.3719377605727248	 
-0.5806939380581034	 0.05779068197262293	 0.8120682159644658	 -0.1315576843164703	 
0.0	 0.0	 0.0	 1.0	 
16	 58	  37
-0.6884063439141606	 0.49236201135602825	 0.5326127631142384	 -1.7353630468918502	 
-0.370999318380424	 0.39196059567529823	 -0.8418588938765956	 0.7177028650466413	 
-0.6232625541615656	 -0.7771399753013033	 -0.08716219001774761	 1.484803565790965	 
0.0	 0.0	 0.0	 1.0	 
17	 18	  37
0.9958589341906022	 0.03542169126676495	 -0.08372745655136096	 -0.28811106749080717	 
-0.03609225584184946	 0.9993272684845403	 -0.006508420044333453	 -0.16571080200442817	 
0.08344059120718444	 0.009503381031453659	 0.9964674372441713	 0.2960194696679957	 
0.0	 0.0	 0.0	 1.0	 
17	 19	  37
0.9990893358802511	 -0.008173418323858319	 0.04187713174588273	 -0.6241819725195596	 
0.009293189663969139	 0.999602562173205	 -0.026614926688501867	 -0.2481407887864723	 
-0.04164295326016479	 0.026979861557614167	 0.9987682171125111	 0.5030369526754817	 
0.0	 0.0	 0.0	 1.0	 
17	 20	  37
0.8547050664305234	 -0.24553079797568328	 0.45737717112184256	 -0.5570832980300156	 
0.14541596603959844	 0.9590405996353046	 0.24309530039045385	 -0.25401824382668037	 
-0.4983306595411979	 -0.14126484168602946	 0.8554009576009698	 0.4860177951370639	 
0.0	 0.0	 0.0	 1.0	 
17	 21	  37
0.796615156076361	 -0.35520611660121426	 0.48911441180823906	 -0.5396167098917848	 
0.20532430378503239	 0.9200325794186649	 0.33373939396395697	 -0.2350693462189694	 
-0.5685474680135569	 -0.16543478333567543	 0.8058443454402657	 0.49851412639779163	 
0.0	 0.0	 0.0	 1.0	 
17	 22	  37
0.7995247456525997	 -0.3774897721368967	 0.4671848167708152	 -0.6065920385251409	 
0.1852719820057392	 0.8948904299478101	 0.4060115898240945	 -0.31235964987247694	 
-0.5713444440727604	 -0.23806005611999967	 0.785425321661666	 0.6377075634569311	 
0.0	 0.0	 0.0	 1.0	 
17	 54	  37
0.9372198093203243	 -0.04251384087217111	 0.3461381261171189	 -1.545208274784994	 
-0.012018772932538606	 0.9880142938038349	 0.15389380863603835	 0.5423615581693787	 
-0.3485320331257529	 -0.14839248152654239	 0.9254756038446522	 -0.8477006108870526	 
0.0	 0.0	 0.0	 1.0	 
17	 55	  37
0.9405575238250949	 -0.0671102308677958	 0.33293807425537286	 -1.5255364977086783	 
0.09312034765799254	 0.9936741004195825	 -0.0627724701392823	 0.19699611635868278	 
-0.32661926646794615	 0.09004442830183049	 0.940856979409589	 -1.0715678244866158	 
0.0	 0.0	 0.0	 1.0	 
17	 56	  37
0.9643182591242985	 -0.05888027824092536	 0.25811510601620047	 -1.4511173402493236	 
0.1311376269909055	 0.9531786795836515	 -0.27249463769836163	 0.03841215079656987	 
-0.22998525584627644	 0.2966201571394608	 0.9268890248955832	 -1.1931815300721214	 
0.0	 0.0	 0.0	 1.0	 
17	 57	  37
0.982377716659133	 0.023849655495777482	 0.18537857412419884	 -1.8259378145126601	 
0.04189927054200272	 0.9384822002741049	 -0.34277632779514283	 0.40966056054444144	 
-0.18214958945777607	 0.3445030532541153	 0.9209447178625632	 -1.4088729939315168	 
0.0	 0.0	 0.0	 1.0	 
17	 58	  37
-0.43330990620586174	 0.23469574948079439	 0.8701496597479744	 -2.3877953858752843	 
-0.8863449157855398	 -0.28581211179095056	 -0.36428577657482303	 0.13735481303321806	 
0.16320298846832396	 -0.929101362569901	 0.33186660366141457	 1.4186734342641651	 
0.0	 0.0	 0.0	 1.0	 
18	 19	  37
0.990667326516855	 -0.06463717393461202	 0.12000118298455556	 -0.31394264968190744	 
0.06742282696084827	 0.9975378792397468	 -0.019296162480554	 -0.10700515145892762	 
-0.11845847617014785	 0.027206896692109593	 0.9925862049191653	 0.2314995505782059	 
0.0	 0.0	 0.0	 1.0	 
18	 20	  37
0.8377771698906836	 -0.26151840388072184	 0.4793094387153625	 -0.22102492858364503	 
0.19085037557696102	 0.962720568013047	 0.19169048507103495	 -0.04691252960793694	 
-0.511571644788967	 -0.06911752568137465	 0.8564561984664455	 0.19228919391293334	 
0.0	 0.0	 0.0	 1.0	 
18	 21	  37
0.7849512977129802	 -0.4402251087290437	 0.4359510452599115	 -0.1317069559967876	 
0.2694027131955674	 0.8761694153320833	 0.3996865443813466	 -0.11234120330021016	 
-0.5579190248966013	 -0.1962880772770913	 0.8063481582897598	 0.2126173551629561	 
0.0	 0.0	 0.0	 1.0	 
18	 22	  37
0.7680584200512031	 -0.443960838245061	 0.4615030200260797	 -0.24587586337778772	 
0.23371850768992292	 0.8652964071359979	 0.4434385943518319	 -0.17561086509203822	 
-0.5962062751696301	 -0.23272494903270652	 0.7683600559282601	 0.3606619698853564	 
0.0	 0.0	 0.0	 1.0	 
18	 23	  37
0.9694021168347231	 -0.1953029488411741	 0.14871548019725578	 -0.3505813767355556	 
0.1258310999846908	 0.9155186815395846	 0.3820890969769543	 -0.242000293338993	 
-0.2107749277143782	 -0.35168494697095526	 0.9120809327691464	 0.482946214784906	 
0.0	 0.0	 0.0	 1.0	 
18	 54	  37
0.9205661570921538	 -0.18907190882703812	 0.34177443396059304	 -1.3611506422438084	 
0.10683411046555318	 0.9635467296235051	 0.24528386141954323	 0.4440151335377106	 
-0.37569192599471357	 -0.1892868540716659	 0.907207839261784	 -1.1350995522586818	 
0.0	 0.0	 0.0	 1.0	 
18	 55	  37
0.9128198545385316	 -0.1156491618831527	 0.39164420653953014	 -1.3133149875605465	 
0.14298604096892953	 0.9888643079336805	 -0.04125981801794762	 0.2888274894529303	 
-0.38251131388272064	 0.09366243564293467	 0.9191911895254148	 -1.2859314833261315	 
0.0	 0.0	 0.0	 1.0	 
18	 56	  37
0.9408905195377767	 -0.03476440891638216	 0.33692204753715266	 -1.2862509042725654	 
0.1255621095715085	 0.9596447047947544	 -0.25162709949316026	 0.15231050315821137	 
-0.3145777914664122	 0.27905819542182037	 0.9072856973875602	 -1.3785694118258112	 
0.0	 0.0	 0.0	 1.0	 
18	 57	  37
0.9624196536834537	 -0.11426783335563744	 0.24635598727051483	 -1.5758704595848023	 
0.16114567209753228	 0.9704901183320823	 -0.17939064240928534	 0.00075707595821676	 
-0.21858747120559385	 0.21234828108555465	 0.9524325303935988	 -1.7208389483425313	 
0.0	 0.0	 0.0	 1.0	 
18	 58	  37
0.7246804965842168	 0.5541602023504156	 0.40956641464040877	 -0.32937124883623786	 
0.11040790687963374	 0.4933076560842431	 -0.8628195932795726	 1.5629538362374273	 
-0.6801825284207988	 0.6704879018890769	 0.29630676916242177	 0.14517435203187778	 
0.0	 0.0	 0.0	 1.0	 
19	 20	  37
0.874829245529446	 -0.23406169694096937	 0.4241331314475374	 0.060805423163612586	 
0.17037256230319628	 0.9682521605175544	 0.18292332729132985	 0.06456588210592101	 
-0.45348316526705074	 -0.0877660280416146	 0.8869329981126955	 -0.023725547681079557	 
0.0	 0.0	 0.0	 1.0	 
19	 22	  37
0.8320073077319851	 -0.40509457416936645	 0.3790280014182512	 0.05503391939000964	 
0.20910248372065054	 0.8618267452123961	 0.46209394341244303	 -0.06783045851085384	 
-0.5138482180395579	 -0.3052098412816126	 0.8017524316161586	 0.14587840862283563	 
0.0	 0.0	 0.0	 1.0	 
19	 23	  37
0.9873582592933801	 -0.09723682144692274	 0.12517455156718474	 -0.11897501226497871	 
0.05955829365302062	 0.959448067201324	 0.2755217160239549	 -0.05115586884730628	 
-0.14688933746969882	 -0.26458345923081356	 0.953110232679919	 0.24864960738098912	 
0.0	 0.0	 0.0	 1.0	 
19	 54	  37
0.9567807833445277	 -0.1392845566013522	 0.25528483095357823	 -0.9035412440999434	 
0.0654718028219521	 0.9584730941872363	 0.2775657953610052	 0.509269903521365	 
-0.2833442705577005	 -0.24885566099952178	 0.9261678488970637	 -1.4952456643010779	 
0.0	 0.0	 0.0	 1.0	 
19	 55	  37
0.9489657506034773	 -0.06286858508061953	 0.30904942192397095	 -0.8717701840147095	 
0.07580919337013618	 0.9966700050881799	 -0.03003110317815435	 0.3946384955789641	 
-0.3061322759562426	 0.05192727575647051	 0.9505717162057589	 -1.6038518895567593	 
0.0	 0.0	 0.0	 1.0	 
19	 56	  37
0.9796037899821424	 -0.02082554832177395	 0.1998567266561731	 -0.7266814751505403	 
0.06915370449480807	 0.9687982309246005	 -0.23800788413833973	 0.246477391909571	 
-0.18866419853079547	 0.24697425836402875	 0.9504785825563196	 -1.7456250255602646	 
0.0	 0.0	 0.0	 1.0	 
19	 57	  37
0.9871498012526314	 -0.013511323061179945	 0.15922535613408983	 -1.1459450444245312	 
0.047767547797066545	 0.9758094110108192	 -0.2133407011335935	 0.2915736695722295	 
-0.15249108585207916	 0.21820503553276396	 0.9639154689099034	 -2.042003319498357	 
0.0	 0.0	 0.0	 1.0	 
19	 58	  37
0.7250245764162596	 0.05136192309856221	 0.686805151733765	 -2.150258096434277	 
0.164319465086567	 0.9555171008122461	 -0.24492076973793744	 0.5658375262736722	 
-0.6688336691480825	 0.2904290324863829	 0.6843336175455187	 -1.556071916083962	 
0.0	 0.0	 0.0	 1.0	 
20	 21	  37
0.9890566908910563	 -0.07872337162226688	 0.12477777431920797	 -0.024220940103822412	 
0.053958407944073215	 0.9801659520617672	 0.1906913648569055	 -0.0793269310038047	 
-0.1373147931425223	 -0.18187176025780036	 0.9736874808710205	 0.043005571556082575	 
0.0	 0.0	 0.0	 1.0	 
20	 22	  37
0.9927908744833753	 -0.04338868907002446	 0.11173048466429795	 -0.14965019183801434	 
0.01558714070267532	 0.9709999768180713	 0.23857092459899662	 -0.11240330106078095	 
-0.11884157768747942	 -0.23510947807370444	 0.9646762217099891	 0.09847039614469434	 
0.0	 0.0	 0.0	 1.0	 
20	 23	  37
0.9167504857498239	 0.1994423322159488	 -0.3461088022540383	 -0.2538669460589616	 
-0.1225820893804746	 0.9650952500800016	 0.23144068275939672	 -0.157639044603984	 
0.38018703060543646	 -0.1697466182086743	 0.9091995970996354	 0.1509260201129841	 
0.0	 0.0	 0.0	 1.0	 
20	 54	  37
0.9067448437478186	 0.1955013751567236	 -0.37362146706067967	 0.5164899926828698	 
-0.2513680283277474	 0.961995335473003	 -0.10667281220070308	 1.378784305600869	 
0.3385674270678817	 0.19064151394703024	 0.9214271053581066	 -1.2250560235637684	 
0.0	 0.0	 0.0	 1.0	 
20	 55	  37
0.9788778484249501	 0.14926799680273106	 -0.13970405503578298	 -0.08967010812114629	 
-0.1722665158390068	 0.970196168706316	 -0.17042195207272168	 0.6581684845762688	 
0.11010179555134654	 0.19088860457892037	 0.9754174159088418	 -1.7333206129418273	 
0.0	 0.0	 0.0	 1.0	 
20	 56	  37
0.9810060929016614	 -0.1622441842340075	 -0.10631966126760355	 -0.287652391999474	 
0.12812477863068147	 0.9534920248505914	 -0.2728314491534244	 0.12622344340545155	 
0.1456402650047557	 0.25402713089069845	 0.9561689861006708	 -1.9072041371159207	 
0.0	 0.0	 0.0	 1.0	 
20	 57	  37
0.9573510470087572	 -0.20122663884603384	 -0.20733261347401036	 -0.38199742183928564	 
0.16827422137512366	 0.9716555689660312	 -0.16603987990206936	 -0.18408742315518162	 
0.23486753545739608	 0.12406971877144612	 0.9640767322532697	 -2.332143155209161	 
0.0	 0.0	 0.0	 1.0	 
20	 58	  37
0.8967067638475503	 0.24784879028729917	 -0.36672599692846464	 0.9215622237605415	 
-0.3457580318429848	 0.909507770503183	 -0.23075311224422426	 0.33336884177844167	 
0.2763482641272048	 0.3337163354519111	 0.9012574795065108	 -2.3477609305315483	 
0.0	 0.0	 0.0	 1.0	 
21	 22	  37
0.9970181842402708	 0.01911293515984996	 -0.0747625307477508	 -0.0797921692509322	 
-0.014056106688550746	 0.9976142149852884	 0.06758922934940938	 -0.042985211013920846	 
0.07587599198029038	 -0.06633682061165094	 0.9949081666526534	 0.04970248318213249	 
0.0	 0.0	 0.0	 1.0	 
21	 54	  37
-0.02764191199685571	 -0.6470527282061783	 -0.7619440213179048	 0.7244169691305627	 
-0.9757825623545343	 -0.14799408020890858	 0.16107806563259497	 -0.4100993125316981	 
-0.21698920642736455	 0.747944195207143	 -0.627291929766326	 3.34676805310746	 
0.0	 0.0	 0.0	 1.0	 
21	 55	  37
0.9567915720026552	 -0.041640261702686136	 -0.28777765088696283	 0.18165475590645266	 
-0.01814931231797065	 0.9792111534502512	 -0.2020299963396843	 0.6314343710443499	 
0.29020766738160414	 0.1985235642536169	 0.9361452367175553	 -1.7805539783558797	 
0.0	 0.0	 0.0	 1.0	 
21	 56	  37
0.8678076735160144	 0.3021071611442621	 -0.3945137576461408	 0.32267679451888703	 
-0.48653313013368016	 0.6779385414019246	 -0.5510760812847479	 1.3281443194036404	 
0.10097205093017723	 0.6701720654184158	 0.7353054111481623	 -1.5167812140715975	 
0.0	 0.0	 0.0	 1.0	 
21	 57	  37
-0.575924412793069	 -0.3916269777591374	 0.7175927682468669	 -1.7334180127492531	 
0.7680915952670706	 -0.5597668924876518	 0.31096033083788005	 -1.3759693729357991	 
0.27990421938414006	 0.7302666200545941	 0.6231888089535896	 -1.7338254566659776	 
0.0	 0.0	 0.0	 1.0	 
21	 58	  37
0.005875150777862648	 0.008590311411332078	 -0.999945843110112	 3.023273505854793	 
-0.4649200400480003	 0.8853392565749187	 0.004874128551367067	 -0.5066787546430294	 
0.8853331796364025	 0.46486622518443543	 0.009195309547319149	 0.6839645014746369	 
0.0	 0.0	 0.0	 1.0	 
22	 23	  37
0.8961326190057308	 0.31911177026546095	 -0.3084055888468514	 -0.22090619805820746	 
-0.3310307843546703	 0.9435102373892297	 0.014389292937858563	 -0.012634949133221102	 
0.2955756230873261	 0.08919702920929337	 0.9511461196981119	 0.005878276893420331	 
0.0	 0.0	 0.0	 1.0	 
22	 54	  37
0.9638189545856057	 0.2308368150575997	 -0.13329436445541396	 0.02410899159507952	 
-0.24972892132882296	 0.9568284856568945	 -0.1487101707600279	 1.4010524762955832	 
0.09321206270355534	 0.17661713917283856	 0.9798560595908721	 -1.4466325950876533	 
0.0	 0.0	 0.0	 1.0	 
22	 55	  37
0.9523960648834292	 0.17675843051122334	 -0.2483912092602473	 0.2657647233966814	 
-0.2613773180556355	 0.8928029980952995	 -0.36685788010902565	 1.1148528656003973	 
0.15691919321931977	 0.41431782949235213	 0.8965027066128377	 -1.631950697357846	 
0.0	 0.0	 0.0	 1.0	 
22	 56	  37
0.951080837552497	 0.020195021150730613	 -0.308281367521881	 0.2176304742809079	 
-0.20970444068342584	 0.7749692444402768	 -0.5961935237230587	 1.1718329401918082	 
0.22686843764193199	 0.6316762076351993	 0.7412933836946887	 -1.684093011593081	 
0.0	 0.0	 0.0	 1.0	 
22	 57	  37
0.8943988236452133	 0.12138222337269132	 -0.43048472691973655	 0.23738636963144288	 
-0.3529761901978326	 0.782668916082804	 -0.5126764837118937	 1.3478652437832908	 
0.2746972031446294	 0.610488102788965	 0.7428631926119691	 -2.0821598982358163	 
0.0	 0.0	 0.0	 1.0	 
22	 58	  37
0.9986527400719019	 0.05183959849394872	 -0.0023153347206963685	 -0.20018153097161429	 
-0.03438007209402587	 0.6275681477776816	 -0.7778021795660506	 2.2720489603160847	 
-0.0388679223742698	 0.7768338792321532	 0.6285048994935768	 -1.7097279972492176	 
0.0	 0.0	 0.0	 1.0	 
23	 24	  37
0.7381022450103087	 0.48446446919429986	 -0.46957348093671847	 0.08745655095272535	 
-0.4147967026196691	 0.8747550625044026	 0.2504940640389844	 0.16417799068220082	 
0.5321172534381792	 0.009887300501260125	 0.8466129398268173	 -0.04792955995978191	 
0.0	 0.0	 0.0	 1.0	 
23	 54	  37
0.9784039636253801	 -0.08191191686555796	 0.189779139626979	 -0.6570946749012063	 
0.1156181908746473	 0.9779396403903159	 -0.1739726808787313	 1.418574840803869	 
-0.17134210778737466	 0.19215748132370236	 0.9662905279833339	 -1.3320030352829124	 
0.0	 0.0	 0.0	 1.0	 
23	 55	  37
0.991365000484298	 -0.024589668461387163	 0.12880521736220596	 -0.3468456349801662	 
0.059948219010447314	 0.9585932025228416	 -0.2783977067335086	 0.8724366503986761	 
-0.1166260985039004	 0.28371538605081004	 0.9517898575136199	 -1.7971111132806896	 
0.0	 0.0	 0.0	 1.0	 
23	 56	  37
0.9885682939326232	 0.09201932772221015	 0.11943689361623092	 -0.5473398699603418	 
-0.005712820558469708	 0.8144512657692079	 -0.5802038429450476	 1.0966392582010467	 
-0.1506654967549277	 0.5728888016120469	 0.8056663881999196	 -1.7264536661740513	 
0.0	 0.0	 0.0	 1.0	 
23	 57	  37
0.9939600344401497	 -0.10888535431476844	 -0.013690491279798277	 -0.5713050719851785	 
0.06996045861838664	 0.7248099798886879	 -0.6853875015519789	 1.6867812139415157	 
0.08455166565857768	 0.6802899915988079	 0.7280498218974114	 -1.92384000813612	 
0.0	 0.0	 0.0	 1.0	 
23	 58	  37
0.8629808815085486	 0.5001452443167814	 0.07154531946979151	 -0.15220304378158434	 
-0.39084177368702305	 0.7505951001328288	 -0.5327754720309207	 1.0729488597764472	 
-0.32016668485635713	 0.4318121469387992	 0.8432268755585266	 -1.1095077990533013	 
0.0	 0.0	 0.0	 1.0	 
24	 25	  37
0.9076069509372988	 0.1905449712537872	 -0.3740885410436861	 -0.1356318876985233	 
-0.2838422586257461	 0.935056473461931	 -0.2123745833549094	 -0.03292178101273148	 
0.30932700307043204	 0.2989347844711791	 0.9027484698434193	 -0.09290544450248273	 
0.0	 0.0	 0.0	 1.0	 
25	 26	  37
0.9179976490793101	 0.22618814584713864	 -0.3257594802351778	 -0.056417225692784984	 
-0.2213132318644862	 0.9737898529183722	 0.05247643047035979	 0.032005400873758395	 
0.329090822853746	 0.023921643577477964	 0.9439952252432188	 -0.12946754045600786	 
0.0	 0.0	 0.0	 1.0	 
26	 27	  37
0.9751859632053793	 0.07715899906361455	 -0.2075062072100426	 -0.11656117143020747	 
-0.08572917549366772	 0.995784445838484	 -0.032616650584004446	 0.07425951652984707	 
0.20411478544282832	 0.04959663587023059	 0.9776897913315784	 -0.09640271905649345	 
0.0	 0.0	 0.0	 1.0	 
26	 28	  37
0.8919849181594881	 0.09293987002032741	 -0.4424082801402053	 -0.11721419920314001	 
-0.13397424479377684	 0.9890215222751253	 -0.062348457948296715	 -0.061672130723596896	 
0.4317566531137045	 0.11488519938267955	 0.8946438305017549	 -0.2251326197855182	 
0.0	 0.0	 0.0	 1.0	 
26	 50	  37
0.9919553568667103	 -0.1265783762011496	 0.0015762809766228572	 -1.9004931117713513	 
0.12653354867525554	 0.991816132181447	 0.017030003061676104	 0.2989722687193054	 
-0.003719011035712841	 -0.01669355033880478	 0.9998537364704911	 -0.4086152964652455	 
0.0	 0.0	 0.0	 1.0	 
26	 51	  37
0.8326850857852998	 -0.2920660344269505	 0.47046039094151487	 -1.844919833726205	 
0.3011814249214117	 0.9518121783487249	 0.0578215049040046	 0.07602771826439786	 
-0.46467762717074657	 0.09354682614162295	 0.8805246697996555	 -0.3936066677518903	 
0.0	 0.0	 0.0	 1.0	 
27	 28	  37
0.9765709030615198	 0.06538366938025039	 -0.205022552593568	 -0.11434123361182193	 
-0.09034414991163793	 0.9892668148299256	 -0.11484382287697192	 0.04120019188694611	 
0.19531309702718805	 0.13067572404478173	 0.9719962187555158	 -0.1056974204099402	 
0.0	 0.0	 0.0	 1.0	 
27	 50	  37
0.9441076624782275	 -0.20880835683360857	 0.25506821002693614	 -1.9867113140836996	 
0.19999571726529392	 0.9779385959844734	 0.06031430642441393	 0.09001166908651197	 
-0.2620351784120556	 -0.005930649236436623	 0.9650400989980654	 0.1543056783812738	 
0.0	 0.0	 0.0	 1.0	 
27	 51	  37
0.6384467341177995	 -0.27845838629637176	 0.7175281839729615	 -2.0331662248949427	 
0.32119956220987816	 0.9435932213322952	 0.08039075750311672	 0.0023918023298679985	 
-0.6994402111192193	 0.17914452198424322	 0.691874722267361	 0.24303141114222443	 
0.0	 0.0	 0.0	 1.0	 
28	 50	  37
0.9056430722387856	 -0.20113152435102133	 0.37330515080578347	 -1.5670929335186083	 
0.0776675548073133	 0.9441384812702792	 0.3202659506018463	 -0.2875694289517759	 
-0.41686733697442313	 -0.2610529411764706	 0.8706738684874877	 0.5202558271510395	 
0.0	 0.0	 0.0	 1.0	 
28	 51	  37
0.6309079380514064	 -0.19419824570628436	 0.7511605787501924	 -1.3935440673459094	 
0.12727975765228808	 0.9809575601036954	 0.14670422136864353	 -0.06123718146950615	 
-0.7653463510043655	 0.003050678614149218	 0.6436114172109564	 0.4415794736917038	 
0.0	 0.0	 0.0	 1.0	 
29	 41	  37
0.8067834664750116	 0.5865326273830969	 0.07127352410008171	 0.6854839593696183	 
-0.4968890492146385	 0.60826294786609	 0.6189648285838438	 -0.6516049334652415	 
0.3196900232930895	 -0.5347856236552511	 0.7821781291614643	 1.7799724586190115	 
0.0	 0.0	 0.0	 1.0	 
29	 42	  37
0.8438547692490196	 -0.12102105298037855	 0.5227456677498192	 -1.1179602311652812	 
0.0504206937270065	 0.987806675375687	 0.14729469008528343	 0.1814638467130101	 
-0.5341974186195321	 -0.09793812750278945	 0.8396673395586349	 0.13866002440527797	 
0.0	 0.0	 0.0	 1.0	 
29	 43	  37
0.9794260211138888	 0.15350734785826944	 0.13099680652037374	 0.038264846294926734	 
-0.12411324557175259	 0.9700533205199344	 -0.20878806867705366	 0.5385514433118965	 
-0.15912438982966093	 0.18823402854364168	 0.9691477591469569	 -0.15476150500160796	 
0.0	 0.0	 0.0	 1.0	 
29	 45	  37
-0.9754439199821554	 -0.02953676671424704	 -0.21825842110194693	 2.357513470124546	 
0.02455618172730906	 -0.9993732355771243	 0.025497645991051403	 2.0519194284046782	 
-0.2188747425100075	 0.019511930303733504	 0.9755578566476723	 0.37693072178686676	 
0.0	 0.0	 0.0	 1.0	 
29	 47	  37
0.8587465692723631	 0.5019785034502151	 -0.10281980274649251	 1.0476680160260183	 
-0.5073778541235355	 0.8610606480730646	 -0.033797536670425475	 1.8745413859119708	 
0.07156844910951553	 0.08119200954450531	 0.9941256533648971	 -0.6753488769747553	 
0.0	 0.0	 0.0	 1.0	 
29	 48	  37
-0.955478922080183	 0.2103448318053477	 -0.20691805429510324	 3.2721123810645527	 
-0.08262687961413671	 0.48247183062545884	 0.8720055799237463	 -1.409535546972643	 
0.28325399948760194	 0.8502799447156796	 -0.44361152756502925	 4.9374153887973975	 
0.0	 0.0	 0.0	 1.0	 
29	 49	  37
-0.00024053967810961423	 -0.24617829544938288	 -0.9692245297093443	 2.5416066798082793	 
-0.8223565142318251	 -0.5514134391625958	 0.1402604099928444	 -0.42474561441601644	 
-0.5689724998988489	 0.7970818439536276	 -0.20231368811412534	 2.8775288102077683	 
0.0	 0.0	 0.0	 1.0	 
29	 50	  37
0.7403738790947154	 -0.16790099743428388	 0.6508884499012222	 -1.1449269159131399	 
