0	 1	  37
0.9554456010449282	 0.02148953792381824	 0.2943839384268725	 -0.14746015242831406	 
0.038501903814578714	 0.9797513877643885	 -0.1964810972496003	 -0.05754125950894051	 
-0.2926453601999333	 0.19906134213748	 0.9352717654349862	 -0.08522949406726454	 
0.0	 0.0	 0.0	 1.0	 
0	 12	  37
0.9985274080175962	 -0.007891806395090465	 -0.05367247739282955	 -1.0308939088566194	 
0.011848537063191653	 0.9972022138867582	 0.07380621104493168	 -0.05844815987410462	 
0.05293984895259503	 -0.07433346494795756	 0.9958272482623213	 0.6186629266542787	 
0.0	 0.0	 0.0	 1.0	 
2	 3	  37
0.6681256180620432	 -0.29754143523050147	 0.6819657270055326	 -0.19859955573366866	 
0.29296700178856766	 0.9477214188078301	 0.1264691590700696	 0.010237559244186288	 
-0.6839433414780999	 0.1152961692938949	 0.7203667808789657	 0.0216750809297259	 
0.0	 0.0	 0.0	 1.0	 
3	 4	  37
0.8905830602966992	 0.10879681195598971	 0.4416164245369272	 -0.16625684679884162	 
0.12243531356204086	 0.8777779329264792	 -0.4631581743425048	 0.10576910452404178	 
-0.4380312850762269	 0.4665502697197061	 0.7684135859801924	 -0.23520789867793915	 
0.0	 0.0	 0.0	 1.0	 
4	 5	  37
0.975402434620352	 -0.14288945471317177	 0.16784723491456122	 -0.07545851014131033	 
0.04304007192685768	 0.870247566022505	 0.4907308081223735	 0.05054182762537467	 
-0.2161889052315649	 -0.47143586792232867	 0.8549915670292303	 -0.004681855066856192	 
0.0	 0.0	 0.0	 1.0	 
5	 6	  37
0.7854711829112768	 -0.34671224641829945	 0.5126652309251494	 0.03145706459452364	 
0.3350192782186203	 0.9346879802366972	 0.11882955365951127	 0.027476968712029443	 
-0.5203816907211803	 0.07841554555457018	 0.8503257600340857	 0.07504702156455836	 
0.0	 0.0	 0.0	 1.0	 
6	 7	  37
0.7985197635418863	 -0.3824855052776928	 0.4648344065207269	 0.04053722367878578	 
0.38689600596777485	 0.9176746809284395	 0.09046911378514026	 0.13460058906350789	 
-0.4611698903866037	 0.10760119997171615	 0.8807634835558598	 -0.30789285738436734	 
0.0	 0.0	 0.0	 1.0	 
7	 8	  37
0.8185963057834439	 -0.18043424579778558	 0.5452921887402038	 0.02507843605549413	 
0.32495331876936884	 0.9283167366573498	 -0.1806471064330168	 0.10070267176368335	 
-0.4736089407712559	 0.3250715604066788	 0.8185493582162867	 -0.2600147290635183	 
0.0	 0.0	 0.0	 1.0	 
8	 9	  37
0.9472649539343504	 0.16407917879115497	 0.27525829712285416	 -0.1674753726691494	 
0.01697400223208394	 0.8320733760922047	 -0.5544057900552143	 -0.007197080645082293	 
-0.3200015473337253	 0.5298414101273525	 0.7854088679269414	 -0.029113790750437043	 
0.0	 0.0	 0.0	 1.0	 
8	 10	  37
0.739743715423131	 -0.364983516965656	 0.5653019262618532	 -0.09957130733620441	 
0.34050862963038725	 0.9276518430909739	 0.15334905006929023	 -0.049624091912546735	 
-0.5803732494173185	 0.07905118818397742	 0.8105046582268877	 0.10792755215286802	 
0.0	 0.0	 0.0	 1.0	 
8	 15	  37
0.9115007577576811	 -0.2960112883229361	 0.28555855055061724	 0.15160408729243469	 
0.22692836199924307	 0.9409898905103103	 0.2510807529018006	 -0.33001395984941095	 
-0.3430304463564628	 -0.16405896239703058	 0.9248863550348746	 0.7652471456370861	 
0.0	 0.0	 0.0	 1.0	 
8	 16	  37
0.915108552980357	 -0.2831548185107425	 0.28705345323884385	 0.6533987025269762	 
0.2797192207796657	 0.9585718424697243	 0.05382546191734472	 -0.527080057773429	 
-0.29040229645891824	 0.0310382276934011	 0.9564011368840164	 1.0216479940343628	 
0.0	 0.0	 0.0	 1.0	 
10	 14	  37
0.7653827689974175	 -0.29124594843046897	 0.5739033145440819	 -0.4217253060164488	 
0.34302768473121953	 0.9391307674131301	 0.01911567958416896	 -0.1512575360113852	 
-0.544537624439107	 0.18223391347623027	 0.8186999305907825	 0.3296980896232077	 
0.0	 0.0	 0.0	 1.0	 
10	 15	  37
0.9230422247859608	 0.25839156274912295	 -0.2850032483363132	 -0.20258496576518997	 
-0.21625059114861692	 0.9612281506300399	 0.17110267170394727	 -0.2503182322583652	 
0.31816463205400153	 -0.09630286982442951	 0.9431314988767587	 0.6408730615294991	 
0.0	 0.0	 0.0	 1.0	 
10	 16	  37
0.9030346753411177	 0.1253673703719171	 -0.41086664208425566	 -0.008344036770233357	 
-0.15229193187880596	 0.9877737131856561	 -0.03332054957591721	 -0.5482267423825862	 
0.40166595899600754	 0.09266128633604526	 0.9110863534256048	 1.1904253149885482	 
0.0	 0.0	 0.0	 1.0	 
11	 12	  37
0.8605912969761161	 0.0011498328998518423	 0.5092949022455157	 -0.3285789087785287	 
0.1827513360677266	 0.9327029233142972	 -0.31091350245112653	 0.0963279002370062	 
-0.475378342727588	 0.36064377815965226	 0.8024658849697628	 -0.21992944779125392	 
0.0	 0.0	 0.0	 1.0	 
11	 13	  37
0.7877712553996369	 -0.10358766763682893	 0.6071952274842434	 -0.3813983716114322	 
0.33208723931000705	 0.9016510831685737	 -0.27702597298519777	 0.21021100499559894	 
-0.5187817601395963	 0.4198748853343089	 0.7446949482922267	 -0.4297757352138797	 
0.0	 0.0	 0.0	 1.0	 
12	 13	  37
0.9887127970876612	 -0.12368295723023208	 0.0845548991240431	 0.14739323374394564	 
0.12274314957533806	 0.9923055140821209	 0.01624456692385641	 0.0362404122451872	 
-0.08591346871951273	 -0.0056826765702541705	 0.9962863961128747	 -0.2264435806693165	 
0.0	 0.0	 0.0	 1.0	 
14	 15	  37
0.4505790427114093	 0.5230436793403153	 -0.7234665408789921	 0.034499479414562495	 
-0.3433783787678549	 0.8495868313713438	 0.4003667130958296	 -0.05281070756218413	 
0.8240569247716013	 0.06802591757958422	 0.5624079118161709	 0.47682672190099584	 
0.0	 0.0	 0.0	 1.0	 
15	 16	  37
0.9982588630468846	 0.03292523119760779	 -0.04894048936130812	 0.29646693261756624	 
-0.042090630188318094	 0.978896140994711	 -0.19997680864542997	 -0.3771573217127963	 
0.04132337351536683	 0.20168855767307353	 0.978577592480568	 0.35230910099676155	 
0.0	 0.0	 0.0	 1.0	 
16	 17	  37
0.6409776833030619	 -0.48282322875900835	 0.5966819414714738	 -0.1750519300834415	 
0.4283320266201982	 0.8700775463849206	 0.24391953232209776	 -0.28122730930365053	 
-0.6369295757608324	 0.09923100849796616	 0.7645089420494715	 0.45176675383931686	 
0.0	 0.0	 0.0	 1.0	 
17	 18	  37
0.9547815808863167	 0.2016016648537801	 -0.21851522035869855	 -0.006213051123495369	 
-0.27905991381439704	 0.8612193087502897	 -0.4247668380859962	 -0.25390747020138715	 
0.10255582529592289	 0.4665383917362617	 0.8785352763173571	 0.4368542606002999	 
0.0	 0.0	 0.0	 1.0	 
17	 19	  37
0.92794628624834	 0.22714900783772055	 -0.29549791551930177	 -0.0878544511574317	 
-0.29813402064182964	 0.9281720224999903	 -0.2227393148598009	 -0.7651799310307251	 
0.22367788351522416	 0.2947881016707013	 0.9290146282699389	 0.8426213700547562	 
0.0	 0.0	 0.0	 1.0	 
18	 19	  37
0.9889439977522715	 -0.003846447870272794	 -0.14823958360889222	 0.13960608913471753	 
0.016506981662884185	 0.9963061694149443	 0.08427061375178396	 -0.12724631114946602	 
0.14736786917824946	 -0.0857859057450727	 0.9853544994109275	 0.5276548229406667	 
0.0	 0.0	 0.0	 1.0	 
19	 20	  37
0.7843626402926793	 -0.46761240465966225	 0.4075707147496073	 0.09282793708778828	 
0.34419511156379456	 0.874715621737961	 0.34117782205641667	 -0.036814441222043165	 
-0.516047452942735	 -0.1273232896841009	 0.8470441583620856	 0.44710384801832503	 
0.0	 0.0	 0.0	 1.0	 
20	 21	  37
-0.9398765159356961	 0.025522906945718387	 0.3405594162750708	 -1.2332361845518978	 
0.2042915240869307	 -0.7570933774493109	 0.6205437865361578	 -1.669013810788067	 
0.27367336000936543	 0.6528079342681384	 0.7063601722759779	 0.13809399610664116	 
0.0	 0.0	 0.0	 1.0	 
21	 22	  37
0.9439073636815833	 -0.06276746834111843	 0.32418996546119205	 -0.1986406990514447	 
0.18408065617911257	 0.9150852311595358	 -0.3587942749464742	 -0.13638848540381737	 
-0.27414084118997956	 0.39834565973755165	 0.875309964846685	 0.02087481316040909	 
0.0	 0.0	 0.0	 1.0	 
21	 28	  37
0.6053844788388469	 -0.43901258144879113	 0.6639108269268451	 0.05322333843845303	 
0.543947898077229	 0.8371421068842869	 0.057565415474076335	 -0.5152244899451305	 
-0.5810596500862747	 0.326283689771657	 0.7455928089987257	 0.57198766809118	 
0.0	 0.0	 0.0	 1.0	 
22	 23	  37
0.9885508351036375	 0.11872920230681458	 -0.09311617977284593	 -0.05825085122045741	 
-0.1502826909631106	 0.8299687139552592	 -0.5371843693298788	 -0.11886290551738675	 
0.013504044312269408	 0.5450278069741401	 0.8383092093089347	 0.25182156257642735	 
0.0	 0.0	 0.0	 1.0	 
22	 29	  37
0.9650067113338565	 0.17450538816899647	 -0.19572919194796318	 0.050946350163364504	 
-0.14928338424698764	 0.9792503899435534	 0.1370516143033925	 -0.3557188759240029	 
0.21558413269158075	 -0.10303661143199211	 0.9710339532870265	 0.95024851272916	 
0.0	 0.0	 0.0	 1.0	 
23	 28	  37
0.7728790252868701	 -0.5256781773218161	 0.3554159058894693	 0.11756947373302457	 
0.03330338653140101	 0.5929355089536256	 0.8045609775942691	 0.2009374780384911	 
-0.6336788592948	 -0.6099917508536647	 0.4757742817485227	 0.41895462054954596	 
0.0	 0.0	 0.0	 1.0	 
23	 29	  37
0.9782054782440726	 0.017160634010716852	 -0.20692886452507056	 0.15498706999936196	 
0.11881368584216176	 0.7710393938324581	 0.6256049561944627	 0.19601474655127307	 
0.17028608395839295	 -0.6365561764674234	 0.7521960408106981	 0.7112515404559799	 
0.0	 0.0	 0.0	 1.0	 
23	 30	  37
0.8201503824409736	 -0.12671129294363662	 -0.5579404972059986	 0.34856841678369943	 
0.21552779854935744	 0.9717548324639644	 0.0961265501066128	 0.13178953461257692	 
0.5300010549370562	 -0.19908991391701253	 0.8242949035036699	 0.7230344499088647	 
0.0	 0.0	 0.0	 1.0	 
24	 27	  37
0.8519254675120593	 0.200617924389885	 0.4837100848833454	 -0.10736706310801253	 
0.18669903173906818	 0.7466426734608161	 -0.6384889895017601	 0.022867918077691757	 
-0.48925092677689785	 0.6342532353727326	 0.5986287364194661	 -0.16535869942478912	 
0.0	 0.0	 0.0	 1.0	 
24	 28	  37
0.9555737043013471	 -0.1789989801693022	 0.23417570485887526	 0.041352934783898614	 
0.1236474551051719	 0.9646341785894251	 0.2327921999189828	 0.02126664641806231	 
-0.2675634550790069	 -0.1934948748557827	 0.9439118236947398	 0.032209798152723415	 
0.0	 0.0	 0.0	 1.0	 
25	 27	  37
0.9355179599829904	 -0.01242784572145019	 -0.3530604696082368	 0.12082878501319418	 
-0.24055061524680257	 0.7095067928940084	 -0.6623711288557523	 -0.05551990731701652	 
0.2587306476891541	 0.70458900040235	 0.6607668215477892	 -0.20812544020248103	 
0.0	 0.0	 0.0	 1.0	 
26	 27	  37
0.7645843965987703	 -0.20526778810659066	 -0.6109630395069097	 0.16115482186438918	 
0.013307064824520265	 0.9527550561989776	 -0.30344805966266936	 -0.013297790719028363	 
0.6443862370530969	 0.22388152682414558	 0.731193161513044	 -0.04581964167342543	 
0.0	 0.0	 0.0	 1.0	 
28	 29	  37
0.6417121173999544	 0.43657871117221353	 -0.6305589483412921	 -0.14005507844013948	 
-0.5564756467042515	 0.8308161246458838	 0.008911882712443486	 -0.20141218581156053	 
0.527769280090413	 0.3451718354379517	 0.7760901951534006	 0.1467360722653132	 
0.0	 0.0	 0.0	 1.0	 
28	 30	  37
0.3605777656584672	 0.03308611488939912	 -0.9321421479121476	 0.004781321462411602	 
-0.5255469501601443	 0.8328365615697112	 -0.17373446661532363	 -0.39885839545942026	 
0.7705738628386762	 0.5525292487409739	 0.317690653302259	 0.20058223001079376	 
0.0	 0.0	 0.0	 1.0	 
29	 30	  37
0.9466526854771252	 -0.04081295321600581	 -0.319660751311034	 0.08817806111978163	 
-0.12831117522668006	 0.8621903557228171	 -0.49006533524675044	 0.005339368385367903	 
0.29560943048369553	 0.5049377123451466	 0.8109580576458659	 -0.09230004341522063	 
0.0	 0.0	 0.0	 1.0	 
30	 31	  37
0.953698421472797	 0.22239491968203032	 -0.20248412426637083	 -0.09630838417659236	 
0.050470100114780925	 0.5453489629505467	 0.8366882798289736	 0.22592965695424536	 
0.2964997299740753	 -0.8081676857610597	 0.5088741512563922	 0.5354103872176756	 
0.0	 0.0	 0.0	 1.0	 
31	 32	  37
-0.6747242514831998	 0.47472446523238065	 -0.565140572397934	 0.28766016971668407	 
-0.5016530823082421	 0.2666774034748756	 0.8229382403841353	 -2.1181164582585015	 
0.5413791365310215	 0.8387608983409559	 0.05821327978388712	 1.3089252504765476	 
0.0	 0.0	 0.0	 1.0	 
31	 33	  37
0.8710267033638108	 -0.1567052828387917	 0.46557054928075814	 -0.6831910856775125	 
0.3979931950855622	 0.7806635637357707	 -0.4818358817283666	 -0.04939739597993839	 
-0.28794773604381474	 0.604985830070243	 0.74234644656081	 -0.22597977328715957	 
0.0	 0.0	 0.0	 1.0	 
31	 34	  37
0.9948851927663114	 -0.010151041697830964	 0.10050079386148604	 -0.5595182237799176	 
0.018680927286257684	 0.9962652665604541	 -0.08430030605492056	 -0.09501597934552868	 
-0.09926971426404728	 0.0857465742620463	 0.9913591926402144	 -0.050373788515278115	 
0.0	 0.0	 0.0	 1.0	 
32	 33	  37
0.9083576774138602	 0.11043691701942743	 -0.4033485059381537	 0.2216593416931948	 
-0.18951081737278044	 0.968486674407193	 -0.16161439166854902	 -0.026192929158152023	 
0.37278945798130797	 0.22324257849912624	 0.9006612965832737	 -0.041095235445992126	 
0.0	 0.0	 0.0	 1.0	 
32	 34	  37
-0.6418126930067373	 -0.44243138995417014	 0.6263632590427535	 -1.334444923418245	 
0.46238028178136537	 0.4283508544142751	 0.7763504495666537	 -0.8302920715717145	 
-0.6117850456779929	 0.7878895929670486	 -0.0703494646674329	 2.0272453747567365	 
0.0	 0.0	 0.0	 1.0	 
32	 35	  37
0.7979391539792813	 -0.08135895792206665	 0.5972217565633927	 -0.833169392559092	 
0.27979951430585664	 0.927616283841893	 -0.24746769838822041	 -0.004989098351130107	 
-0.5338589123926238	 0.36456652330842443	 0.7629455496572302	 0.003245448699798257	 
0.0	 0.0	 0.0	 1.0	 
32	 36	  37
-0.5135054136387012	 -0.1855231692059714	 0.8377907518297856	 -1.4158647787450787	 
0.44326130466484215	 0.7786421603190069	 0.44411237537426385	 -0.9292027760615628	 
-0.7347323362630551	 0.5994143307108376	 -0.3176017225833492	 2.121436330696342	 
0.0	 0.0	 0.0	 1.0	 
33	 34	  37
0.9203560228998856	 0.2083401368565891	 -0.33096703534715144	 0.09974718879073984	 
0.007626452099127258	 0.8365642392135441	 0.5478157636445348	 0.060835061024121326	 
0.3910071972998505	 -0.5067096417512134	 0.7683480400287833	 0.2655102671349028	 
0.0	 0.0	 0.0	 1.0	 
33	 35	  37
0.8594580078778056	 0.04843376720700672	 -0.5089067722961158	 0.1354366759704242	 
-0.07612571776022195	 0.9965278291048192	 -0.03372181660478313	 -0.040977218892538886	 
0.5055064863977557	 0.06772337863524734	 0.8601608780896879	 0.07876524900754886	 
0.0	 0.0	 0.0	 1.0	 
33	 36	  37
0.8465772141240797	 0.16324702289809048	 -0.5066136891565622	 0.1099544967925899	 
-0.13798033885873337	 0.9865769856195826	 0.08733428613211634	 0.12288524698788045	 
0.5140704685296956	 -0.004032488150946855	 0.8577384755419165	 0.0528613647726291	 
0.0	 0.0	 0.0	 1.0	 
34	 35	  37
0.9862215240398569	 0.05987487985703278	 -0.15421447494514903	 -0.009538988428038646	 
-0.13973174688130746	 0.800513741567221	 -0.5827973820081437	 -0.01724274533520819	 
0.08855588311343511	 0.5963159802689795	 0.7978503037800042	 -0.21870469101493342	 
0.0	 0.0	 0.0	 1.0	 
34	 36	  37
0.9877801375463923	 0.10072138623591624	 -0.11893528586398183	 -0.07575486966884114	 
-0.14307061253017478	 0.8886747514047467	 -0.435646629788356	 0.044004090422591687	 
0.06181585313713824	 0.4473392320939756	 0.8922255386002468	 -0.15111507506052807	 
0.0	 0.0	 0.0	 1.0	 
35	 36	  37
0.9998835853789737	 -0.009906369179181133	 0.011605151415427074	 -0.06353398794047864	 
0.007528625815654928	 0.9818566915733263	 0.18947495086688984	 0.01847825189410938	 
-0.013271604387453395	 -0.1893655223697501	 0.9818169704454159	 0.04358155385582759	 
0.0	 0.0	 0.0	 1.0	 
