0	 1	  37
0.9789300105841982	 -0.05797968231678446	 0.19579170262313486	 -0.48581188232645	 
0.05336752373705157	 0.9981608392903467	 0.02875493553054965	 -0.048958784924290684	 
-0.19709881224349518	 -0.017700151006010748	 0.9802238330435387	 0.12313803922050447	 
0.0	 0.0	 0.0	 1.0	 
0	 2	  37
0.8328386887269755	 -0.0275630466631217	 0.5528290848157122	 -0.7461673400224904	 
0.08349782497114384	 0.993586356681249	 -0.07625132813250533	 0.010524795551944464	 
-0.5471817173340318	 0.10966508229846592	 0.8297986128813734	 0.16143531366202282	 
0.0	 0.0	 0.0	 1.0	 
0	 5	  37
0.41537755069339233	 -0.03721137245982731	 0.90888767410479	 -0.8611859316831342	 
0.2405698564883959	 0.9680819614605628	 -0.07030974359092709	 -0.048809663856247666	 
-0.8772614402383767	 0.24785606640614086	 0.41107144855434047	 0.013325847567014014	 
0.0	 0.0	 0.0	 1.0	 
0	 6	  37
0.70867149128249	 -0.13002074858725926	 0.6934546289269837	 -0.8310205903638512	 
0.24073853925851382	 0.9684484785720033	 -0.06443989499719686	 0.11776169799913479	 
-0.6631965569566305	 0.21260797089568736	 0.7176128326280751	 0.2122771648853643	 
0.0	 0.0	 0.0	 1.0	 
0	 7	  37
0.6679102237327077	 -0.020906683414674103	 0.7439481457883496	 -0.8136732511732853	 
0.16352403406741337	 0.979300682990326	 -0.11928982595762253	 0.24830475536075658	 
-0.7260549726540294	 0.2013282962806737	 0.6575036834885998	 0.4757654975722178	 
0.0	 0.0	 0.0	 1.0	 
0	 34	  37
0.60120943529874	 0.43187638853266763	 -0.6723317632952878	 0.8056004350155705	 
-0.27287422723766674	 0.9017514573857808	 0.33523717755055976	 -0.2810919181654743	 
0.7510571689406977	 -0.018085743849775914	 0.6599894202577672	 0.5863374543271411	 
0.0	 0.0	 0.0	 1.0	 
0	 35	  37
0.8764639343920604	 0.27783799057710884	 -0.39321371123355175	 0.9588574896288264	 
-0.20444025584991693	 0.9541782284811086	 0.21851336362033638	 -0.23416424092972474	 
0.4359072762618323	 -0.11113037066764031	 0.8931040741242102	 0.5679743429056231	 
0.0	 0.0	 0.0	 1.0	 
0	 36	  37
0.9916427335627023	 0.0799195788608559	 -0.1012795630272697	 0.8749212394708653	 
-0.06867885807938962	 0.9915568708331759	 0.10999175585666007	 -0.11473953711654679	 
0.10921494140090122	 -0.10211676071156695	 0.988758951290239	 0.38167203667287036	 
0.0	 0.0	 0.0	 1.0	 
0	 37	  37
0.9961819825576739	 0.07078086473779745	 -0.051103099851478775	 1.0428929202986887	 
-0.06159333542981873	 0.9846751034031598	 0.16316004954830413	 -0.14067863957546725	 
0.06186855952816783	 -0.1593894912625828	 0.9852752262271507	 0.40190286947185	 
0.0	 0.0	 0.0	 1.0	 
0	 38	  37
0.9938386229695881	 0.03614670400667999	 0.10477694060892531	 0.9536693966274845	 
-0.039691586468890316	 0.9987011498702657	 0.031946693277888	 0.05733654572317226	 
-0.10348608340011436	 -0.0359086206538533	 0.9939824955728555	 0.38497359619377275	 
0.0	 0.0	 0.0	 1.0	 
0	 45	  37
0.44345532105584023	 0.06721311108186737	 -0.8937727764515764	 2.335824031937864	 
-0.07733829572205696	 0.9963345912603438	 0.0365536629203001	 -0.5747426409609848	 
0.8929536193118149	 0.052912946967447326	 0.44702802350764376	 0.5366825162459206	 
0.0	 0.0	 0.0	 1.0	 
0	 46	  37
0.8316739256490445	 -0.09108539498509387	 0.5477425784215759	 0.15876065169944722	 
0.134350968826084	 0.9901526370691083	 -0.03933919776232075	 -0.13847120970207866	 
-0.5387655320925786	 0.10630713111310941	 0.8357215417251731	 0.28566242198929775	 
0.0	 0.0	 0.0	 1.0	 
0	 47	  37
0.7311414577612524	 -0.35230875166333836	 0.5842180348501494	 -0.24031679176809026	 
0.22435789498122097	 0.9328777887800864	 0.28178460951650924	 -0.033639603762936836	 
-0.6442792125331579	 -0.07495048166754101	 0.7611088763084146	 0.37990793118739385	 
0.0	 0.0	 0.0	 1.0	 
0	 48	  37
0.6786967829688344	 -0.40824066137732057	 0.6104999911432941	 -0.6574452662103083	 
0.18833740166310334	 0.9002191642597064	 0.39259964268239794	 0.10928191249812634	 
-0.7098589295927359	 -0.15147613243598193	 0.687862836166987	 0.33299580472952744	 
0.0	 0.0	 0.0	 1.0	 
0	 49	  37
0.7141021824593083	 -0.3306993337298576	 0.6170056917707332	 -0.7054202601242338	 
0.22520885726363787	 0.9430546228651983	 0.24480389887128934	 0.04687183249854519	 
-0.6628265562097363	 -0.03585985168968863	 0.7479137834135259	 0.5772795426839558	 
0.0	 0.0	 0.0	 1.0	 
1	 2	  37
0.9612594744024077	 0.018364157809576138	 0.2750326900198467	 -0.003703028130421692	 
0.011516993622499395	 0.9942311689149986	 -0.1066383684037614	 0.01723859897434403	 
-0.2754043967141908	 0.10567469169986744	 0.9555026309773466	 -0.07646185528001391	 
0.0	 0.0	 0.0	 1.0	 
1	 3	  37
0.6871943967108992	 -0.2473808073717593	 0.6830568038408217	 -0.13253431667984575	 
0.29135301625982224	 0.955156879538577	 0.05280866772067189	 -0.031838597757463914	 
-0.6654902561611599	 0.16272083952040364	 0.7284535999913296	 -0.05056204398542857	 
0.0	 0.0	 0.0	 1.0	 
1	 5	  37
0.6247075623350171	 0.0008641951757205572	 0.7808583192411659	 -0.2584708355365867	 
0.15829960796457573	 0.979094947627472	 -0.12772751327971374	 -0.11005762264491414	 
-0.7646448166826887	 0.20340190927583773	 0.6115112162693679	 -0.17699022426528094	 
0.0	 0.0	 0.0	 1.0	 
1	 6	  37
0.8561717457013742	 -0.12399350603086891	 0.5015930146292251	 -0.22299554767452748	 
0.18451593047629877	 0.9801398998804133	 -0.0726611867703734	 0.04469785520193407	 
-0.4826218118393807	 0.15476235693664717	 0.8620468662504885	 1.9391178773545177e-05	 
0.0	 0.0	 0.0	 1.0	 
1	 7	  37
0.8112694702962691	 0.07346670376828937	 0.5800383521825376	 -0.36945706391015654	 
-0.04010901002934341	 0.9967300704150323	 -0.07014580561167837	 -0.07178746408959501	 
-0.5832950487357812	 0.0336423864769984	 0.8115633530122309	 0.30231090481904355	 
0.0	 0.0	 0.0	 1.0	 
1	 34	  37
0.436751690792369	 0.47801162816393317	 -0.7620714165549528	 1.1350195212455572	 
-0.329699405959665	 0.8732497217124158	 0.35879412653920684	 -0.2948213102888367	 
0.8369864170342618	 0.09455055192463857	 0.5389934422893244	 0.6888739020108956	 
0.0	 0.0	 0.0	 1.0	 
1	 35	  37
0.7523735263607599	 0.3924648948649335	 -0.5290608501204113	 1.3125012402093994	 
-0.3102301458387864	 0.9196062930365217	 0.24100108385746302	 -0.3090272874357417	 
0.5811121522084362	 -0.01719221062815711	 0.8136418711259868	 0.7080856325424782	 
0.0	 0.0	 0.0	 1.0	 
1	 36	  37
0.9378928748420476	 0.15362629827440563	 -0.311056129659942	 1.323403486098321	 
-0.13089896185661282	 0.9870427143184256	 0.0928016265793611	 -0.1482603714868238	 
0.3212824568901642	 -0.04632105989091275	 0.945849851882	 0.5775805911531016	 
0.0	 0.0	 0.0	 1.0	 
1	 37	  37
0.9520233445095335	 0.1674852068154078	 -0.2561254712184666	 1.471989860669235	 
-0.12697555302808355	 0.9776855910550805	 0.16735618893990714	 -0.23568065244957065	 
0.2784398686289264	 -0.12680532536639663	 0.9520460330344475	 0.6045800936183282	 
0.0	 0.0	 0.0	 1.0	 
1	 38	  37
0.9888488923578982	 0.12188860685540073	 -0.0855630504447416	 1.3157892933743973	 
-0.11065682805331002	 0.9858913252450048	 0.1255920427886629	 -0.24826842987997974	 
0.09966410832260561	 -0.11472341663975462	 0.9883853515642379	 0.5733470230939712	 
0.0	 0.0	 0.0	 1.0	 
1	 45	  37
-0.13379591117333786	 -0.6105952203854372	 -0.780558858123944	 3.748103763058701	 
-0.5236516278398373	 0.7122616921266806	 -0.46741015670342984	 0.35164171743422434	 
0.8413605807345533	 0.34620334887359966	 -0.4150368831980114	 3.4666059371363533	 
0.0	 0.0	 0.0	 1.0	 
1	 46	  37
0.9492988290375038	 -0.04342619355132718	 0.3113613638550348	 0.7011803671446426	 
0.08052378274194309	 0.9909610172522624	 -0.10729484004037844	 -0.08802479610934554	 
-0.30388756736818495	 0.12692686082939536	 0.9442149746742222	 0.2710878546366315	 
0.0	 0.0	 0.0	 1.0	 
1	 47	  37
0.8173602879117449	 -0.369719146679933	 0.4418482910718238	 0.1136995549349809	 
0.27392259443595385	 0.9240867264507089	 0.266514791812928	 -0.050845894507314505	 
-0.5068417622910576	 -0.09680637673146707	 0.8565862206583879	 0.3393749353912388	 
0.0	 0.0	 0.0	 1.0	 
1	 48	  37
0.7809314284659323	 -0.3953061662885357	 0.48361052400502885	 -0.2330462352121019	 
0.17087698039988244	 0.8799234340408972	 0.44332359264434923	 -0.09956695672497702	 
-0.6007887828543209	 -0.26356742044481674	 0.7547085883150446	 0.1983170431192463	 
0.0	 0.0	 0.0	 1.0	 
1	 49	  37
0.8237633271707688	 -0.2884228692022439	 0.4880842440908012	 -0.33757968975948527	 
0.18973366658613863	 0.9515286574417964	 0.2420626981399453	 -0.024043270712108662	 
-0.5342425634225744	 -0.10679636036942329	 0.8385579412536259	 0.4232997200745254	 
0.0	 0.0	 0.0	 1.0	 
2	 3	  37
0.850669964528304	 -0.20808080587303304	 0.4827659781681419	 -0.2505325126271854	 
0.17849211234943127	 0.9780993432373519	 0.10706185402700095	 -0.019723981748384484	 
-0.4944706030477967	 -0.0049043843538122784	 0.8691805161965251	 0.00023985709054284452	 
0.0	 0.0	 0.0	 1.0	 
2	 5	  37
0.826051832581814	 -0.059146874472680105	 0.560481950760539	 -0.13209295723828976	 
0.13649524758684492	 0.9858672660611649	 -0.097132801335537	 0.03192615917536954	 
-0.5468157068651489	 0.15673985118404338	 0.822450729087385	 -0.17059286661789538	 
0.0	 0.0	 0.0	 1.0	 
2	 6	  37
0.9687392274586758	 -0.147109403294973	 0.199757684820795	 -0.16169536268592097	 
0.14861959484406184	 0.9888660123791427	 0.007498372473936658	 0.10250180060354504	 
-0.19863666633115362	 0.022423938627455467	 0.9798166368077641	 -0.021780658697707123	 
0.0	 0.0	 0.0	 1.0	 
2	 7	  37
0.9597915342259676	 0.06257103739984435	 0.27365137695043684	 -0.2747523032266921	 
-0.06695154453628241	 0.9977338102792466	 0.006688386192685333	 -0.028418968252778225	 
-0.2726127317503145	 -0.02474083879668533	 0.9618056921141955	 0.2730423595125977	 
0.0	 0.0	 0.0	 1.0	 
2	 8	  37
0.9883711504286031	 -0.03527415672097712	 0.1479128218514615	 -0.5428379870347947	 
0.018992757247591203	 0.9937417972365923	 0.11007504529692969	 -0.26254423655343395	 
-0.1508699578198801	 -0.10598572683437621	 0.9828556768594336	 0.7978573815275006	 
0.0	 0.0	 0.0	 1.0	 
2	 35	  37
0.47479610186217525	 0.36982321994248296	 -0.7986234705090114	 1.2026752141004426	 
-0.19804898549092645	 0.929050415246285	 0.3124770796022016	 -0.22186577835614635	 
0.8575227466385357	 0.009803668807151047	 0.5143526291129669	 1.3313074163214202	 
0.0	 0.0	 0.0	 1.0	 
2	 36	  37
0.8209089783235901	 0.20463282408911676	 -0.5331358706868565	 1.1086395075306694	 
-0.11186243762709543	 0.9731272753504812	 0.20127121258906627	 -0.1311470203174872	 
0.5599957538730486	 -0.10558746741096485	 0.821739643907907	 0.946739561675885	 
0.0	 0.0	 0.0	 1.0	 
2	 37	  37
0.796950101681248	 0.26247882716677196	 -0.5440362126912182	 1.303763807402128	 
-0.15620307681803716	 0.9595720411493512	 0.2341411895353872	 -0.1383409581664147	 
0.5834990438919562	 -0.10161871448519487	 0.8057310361674973	 1.127541867861075	 
0.0	 0.0	 0.0	 1.0	 
2	 38	  37
0.9093660971132193	 0.1646598431835227	 -0.3820215143991882	 1.1552539468873044	 
-0.09405834440056507	 0.9759313263617186	 0.19675130005791946	 -0.10436208514300777	 
0.4052238014600037	 -0.1429866506658379	 0.9029664935431821	 1.0379096757514679	 
0.0	 0.0	 0.0	 1.0	 
2	 45	  37
0.9646405181458495	 0.07833412718055492	 -0.25165936356545043	 1.2176166143382894	 
-0.0035789720202425977	 0.9586185885970788	 0.28467102514204523	 -1.24252827765261	 
0.26354480019644666	 -0.2737045233733001	 0.9250026876579382	 1.1584318807649263	 
0.0	 0.0	 0.0	 1.0	 
2	 46	  37
0.9906468245114194	 -0.1123018660646388	 0.07750587051210969	 0.5275674885833129	 
0.10754713985398875	 0.9922003835489498	 0.06302389701171031	 -0.15302664574203792	 
-0.08397905569049131	 -0.054098888747514555	 0.9949979037372978	 0.5185012792896114	 
0.0	 0.0	 0.0	 1.0	 
2	 47	  37
0.9570638481774605	 -0.2088577556742625	 0.2010154929513139	 0.030060063776679493	 
0.12279578611988728	 0.9202677395867589	 0.3715218464465786	 -0.0819611370189273	 
-0.2625832923530144	 -0.3308862725629249	 0.9064018364977339	 0.4580351673365667	 
0.0	 0.0	 0.0	 1.0	 
2	 48	  37
0.9564990385077472	 -0.2061722016596554	 0.20640400334432815	 -0.14344512858670785	 
0.08267919528959403	 0.8700687404085838	 0.4859470522907664	 0.027067201169103102	 
-0.2797744448658959	 -0.44774257138073226	 0.8492660653607615	 0.14472872033739095	 
0.0	 0.0	 0.0	 1.0	 
2	 49	  37
0.9619520379753155	 -0.1879348517559922	 0.1983148207537489	 -0.3506648125509092	 
0.09829362203945632	 0.915296494147379	 0.3906029847145073	 -0.12829029063102868	 
-0.25492477420114124	 -0.3562482551493696	 0.8989441251832769	 0.4221684166581426	 
0.0	 0.0	 0.0	 1.0	 
3	 4	  37
0.9172760605689811	 0.1114984827258543	 0.38232540728662323	 -0.2489864061058801	 
-0.06325832060605548	 0.9886125048154143	 -0.13654193567067086	 0.20604372928194545	 
-0.3931958972079333	 0.10106138566447816	 0.9138837906136771	 -0.04850968674454193	 
0.0	 0.0	 0.0	 1.0	 
3	 5	  37
0.998607638673031	 0.0371541619524739	 0.03744799371772792	 0.22552551242127403	 
-0.02898155124127591	 0.9795627994455852	 -0.1990396735075144	 0.017586865122607775	 
-0.04407781382422393	 0.1976772374147767	 0.9792756793347517	 -0.10983010914569806	 
0.0	 0.0	 0.0	 1.0	 
3	 6	  37
0.966775488252981	 0.046535139424828634	 -0.25135559693772846	 -0.021634299474208477	 
-0.05902499419376784	 0.9973566106139273	 -0.04237736807688611	 0.10009154986604736	 
0.2487191294887382	 0.05580566336322829	 0.9669666605229745	 0.00019652769118682433	 
0.0	 0.0	 0.0	 1.0	 
3	 7	  37
0.9212084798646744	 0.2450855687331205	 -0.30217213740545035	 -0.03429192931716972	 
-0.27396857598031127	 0.9600758894544914	 -0.05652880560818164	 0.01669104545282918	 
0.2762537891156172	 0.13486048526877686	 0.9515757949382356	 0.21867025167538331	 
0.0	 0.0	 0.0	 1.0	 
3	 38	  37
0.8052274194474436	 0.19699433679100642	 -0.5592870767703125	 0.6562961539740546	 
-0.2304711567672169	 0.9730180840658431	 0.010902017208556155	 0.06464351316873367	 
0.5463440755315198	 0.12012093636459185	 0.8289023535848488	 1.2535663220212236	 
0.0	 0.0	 0.0	 1.0	 
3	 39	  37
0.6291358216813376	 0.3301450327493841	 -0.7036990658145396	 1.8307835688680714	 
-0.33801227519253296	 0.9314388494689263	 0.13479381113081323	 -0.18426885116835592	 
0.69995415542485	 0.15305530716348928	 0.6975946195696859	 1.4221289449844023	 
0.0	 0.0	 0.0	 1.0	 
3	 43	  37
0.1783170649972017	 0.39412290905020403	 0.9015931215867768	 -0.5994044903255961	 
-0.3291001776634846	 0.8873979039433324	 -0.32282817897272054	 -0.13791630821491577	 
-0.9273058273259408	 -0.23914868312157683	 0.28794410910551566	 1.3975448150355454	 
0.0	 0.0	 0.0	 1.0	 
3	 45	  37
0.9164278889194164	 0.11632103167636804	 -0.38292210957379463	 1.0891000647846258	 
-0.18656825120038786	 0.970668264935802	 -0.15164236575095394	 -0.23647377469064237	 
0.35405114327555703	 0.21041040144503914	 0.9112492803338766	 0.5738668882498867	 
0.0	 0.0	 0.0	 1.0	 
3	 46	  37
0.30390741392738535	 -0.030474553401237392	 0.9522140438761467	 -1.942124690135556	 
-0.15382248242850702	 0.984804778076106	 0.08061137002931643	 -0.3622831766227791	 
-0.9402015356611059	 -0.17097032103106968	 0.2946018018733634	 3.06220942840032	 
0.0	 0.0	 0.0	 1.0	 
3	 47	  37
0.9518589348998262	 0.1810417822433387	 -0.24736297445964828	 0.08860725141986371	 
-0.07894146173793978	 0.9245178354651014	 0.3728739968482671	 -0.25116861215557573	 
0.2961972546632503	 -0.3353962507081437	 0.8943022650876347	 0.5753247284893526	 
0.0	 0.0	 0.0	 1.0	 
3	 48	  37
0.9603007266029561	 0.1787184168931212	 -0.21420140510521957	 0.13802417171439946	 
-0.07697570311638968	 0.9077845728189013	 0.4123128793546739	 0.07098402667140968	 
0.2681366360935626	 -0.3794560538655579	 0.8855031606771416	 0.25264107499566385	 
0.0	 0.0	 0.0	 1.0	 
4	 5	  37
0.9318380661490818	 0.0630219299306335	 -0.3573598394103033	 0.30499510958238524	 
-0.12630465772871133	 0.9795529105131253	 -0.1565989429763103	 0.1334589962135398	 
0.3401837031834012	 0.1910610683867408	 0.9207446531125472	 -0.007493533330194958	 
0.0	 0.0	 0.0	 1.0	 
4	 39	  37
-0.9850641272858247	 0.10378936749542889	 -0.1373915293222832	 -0.018264878664554243	 
0.1468742116897874	 0.09001794101727509	 -0.9850506262296951	 1.954330377832978	 
-0.08987007886454967	 -0.9905173080213742	 -0.10391742604092177	 3.76533921931077	 
0.0	 0.0	 0.0	 1.0	 
4	 40	  37
0.9910380086059796	 0.006398080920686719	 -0.13342687157699876	 0.03477615175284446	 
0.019950050081717817	 0.9805604748248721	 0.19520028358831243	 -0.308281762972933	 
0.13208202375807818	 -0.19611277309689235	 0.9716450582533814	 1.4642971121630701	 
0.0	 0.0	 0.0	 1.0	 
4	 41	  37
0.9033188617698508	 -0.1752530694880271	 0.3915372212265987	 -0.15732628767803936	 
0.08889037838093172	 0.9694003339688048	 0.22882633837140368	 -0.3607373340293463	 
-0.4196588311975773	 -0.17189925577556842	 0.8912559179392242	 1.3627309769355125	 
0.0	 0.0	 0.0	 1.0	 
4	 42	  37
0.9292753775647726	 -0.2560125754080532	 0.2662796159768612	 0.2348260033239856	 
0.3194757747135077	 0.9188912950776865	 -0.23146061695600673	 -0.1354175910912927	 
-0.18542519252532272	 0.30016053881779214	 0.9356928710391885	 1.079688456519652	 
0.0	 0.0	 0.0	 1.0	 
4	 43	  37
0.9881461345474525	 -0.07678498294488087	 0.13293337870182254	 -0.022274314161838223	 
0.07910861825077706	 0.9967903704171711	 -0.012279412121562373	 -0.1319117176801653	 
-0.13156383734666846	 0.022650029530945446	 0.9910489053850302	 1.1546374871476253	 
0.0	 0.0	 0.0	 1.0	 
4	 45	  37
-0.9748786296765727	 0.22213805577719115	 -0.01631997473826055	 0.48461474625782536	 
-0.15679467272259864	 -0.7364578992796487	 -0.6580616940640289	 2.336065175948927	 
-0.15819951961286444	 -0.6389713974538578	 0.7527871314190508	 2.2876929653572198	 
0.0	 0.0	 0.0	 1.0	 
4	 46	  37
-0.38224149274982727	 -0.019150140284898684	 -0.9238640123673252	 2.552283245590665	 
0.04014430693892586	 0.9984971986762569	 -0.03730655245478604	 0.07396594751925477	 
0.9231900540196356	 -0.051347992781968554	 -0.380898290619012	 3.7851960148862385	 
0.0	 0.0	 0.0	 1.0	 
4	 47	  37
-0.9490117174058653	 0.2278256376875272	 -0.2178812498556055	 0.7076461396339351	 
-0.0194344755373478	 0.6475608309057435	 0.7617658901770621	 -0.9571947762753251	 
0.3146411628934736	 0.7271591635185071	 -0.6101151444802091	 3.895203186871613	 
0.0	 0.0	 0.0	 1.0	 
4	 48	  37
-0.6684994443484998	 0.17148341844646925	 0.7236725296041431	 -0.9173575566781096	 
0.7342021048195801	 -0.0029470401767019722	 0.6789245791932228	 -0.6986022141907292	 
0.11855699972690391	 0.9851825983806808	 -0.12393339204445634	 3.4734900604334116	 
0.0	 0.0	 0.0	 1.0	 
5	 6	  37
0.9263392127161073	 0.02285489521051333	 -0.37599643183069975	 -0.029513869903775088	 
0.03354977337694492	 0.9891851212021117	 0.1427837830382643	 0.09020922865659065	 
0.37519338439111277	 -0.14488081224675312	 0.9155541898499852	 0.10974197973174447	 
0.0	 0.0	 0.0	 1.0	 
5	 7	  37
0.9168799868428194	 0.20936848149869275	 -0.33984691948293916	 -0.2973197235959587	 
-0.1698460255629321	 0.9751128153740817	 0.14250377150695787	 0.02337435541068149	 
0.36122488470146624	 -0.07293720757036866	 0.9296218297911522	 0.31023678391788484	 
0.0	 0.0	 0.0	 1.0	 
5	 38	  37
0.6439990421026089	 0.3667737341399052	 -0.6713734145138536	 0.22437676789413638	 
-0.09441090034200139	 0.9089762880806661	 0.4060156272900157	 -0.1206924886976921	 
0.7591783819811614	 -0.19808870652352364	 0.6200072972798808	 1.497021091770108	 
0.0	 0.0	 0.0	 1.0	 
5	 39	  37
0.28261445848748495	 0.05139508270343662	 -0.9578557372212853	 1.9294663841735824	 
-0.9591318065150859	 0.0005947379443018416	 -0.282959050072417	 1.2685817362340677	 
-0.013973030628065305	 0.9986782223322402	 0.049462740061411034	 2.799887495687268	 
0.0	 0.0	 0.0	 1.0	 
5	 43	  37
-0.9366117722635886	 -0.020694377891332043	 0.3497572455017164	 -0.7793635848640109	 
-0.052886302070987844	 0.9951667288008502	 -0.08274189350667237	 0.3905431312951643	 
-0.3463544818686677	 -0.09599439885485003	 -0.9331793226802563	 5.30873553445448	 
0.0	 0.0	 0.0	 1.0	 
5	 45	  37
0.8091062646851385	 -0.24871320515287354	 -0.532436657293472	 1.7555199343036558	 
0.15172027953774683	 0.963716791559811	 -0.21961535110882155	 0.3437123643908523	 
0.5677393849507446	 0.09691071792246479	 0.8174841304438281	 0.6664326956260345	 
0.0	 0.0	 0.0	 1.0	 
5	 46	  37
0.8858382476335664	 0.03642613123362607	 -0.4625621428444426	 0.11568868729859332	 
0.04406180555739869	 0.9858045579436979	 0.16201213173232665	 -0.024859186897053978	 
0.4618973439201766	 -0.1638978660653686	 0.8716583810064032	 0.901404664934594	 
0.0	 0.0	 0.0	 1.0	 
5	 47	  37
0.9160330212582303	 0.136139315674024	 -0.37729244717106186	 -0.03428418877218536	 
0.05851803123724954	 0.885213210760608	 0.4614902073879911	 0.030298769750847825	 
0.39681121958008747	 -0.4448186801638431	 0.8029179271835084	 0.7541303096583518	 
0.0	 0.0	 0.0	 1.0	 
5	 48	  37
0.9712538076304305	 0.12160914967444941	 -0.20463933121188688	 -0.2986251343314724	 
0.020888600278133475	 0.8128060493351387	 0.5821597654790521	 0.09068620482970277	 
0.2371280403955027	 -0.5696995180616375	 0.7869007253640876	 0.2742496686879093	 
0.0	 0.0	 0.0	 1.0	 
5	 49	  37
0.9453573914190619	 0.1414701916284048	 -0.2937440848254979	 -0.49690891177554775	 
-0.0034727635560323467	 0.9052744074829842	 0.42481312017123035	 0.1484239981364736	 
0.3260173958589188	 -0.4005801193730844	 0.8562991449023024	 0.31519749707998534	 
0.0	 0.0	 0.0	 1.0	 
6	 7	  37
0.9746080702375723	 0.21677239881621405	 0.05611449491227722	 -0.19719637779120971	 
-0.21830924248550349	 0.9756130262621453	 0.022810033604196662	 -0.1590803176622856	 
-0.04980144649707826	 -0.03448115570979614	 0.9981637470013202	 0.24835115411992587	 
0.0	 0.0	 0.0	 1.0	 
6	 35	  37
0.3240258221974243	 0.45931794787918123	 -0.8270636549294981	 0.9816760923366311	 
-0.18953222652396753	 0.8880233057427747	 0.41891782436003144	 -0.42921238595660993	 
0.9268682763252551	 0.02101502352442319	 0.3747980351177382	 1.5128586527666348	 
0.0	 0.0	 0.0	 1.0	 
6	 36	  37
0.670905350223761	 0.37501362144992273	 -0.6397271252402437	 0.9273572970123752	 
-0.1981558514015867	 0.9219911306309085	 0.33266591889349134	 -0.4287158021751119	 
0.7145769864727274	 -0.09642167165607703	 0.692879925844733	 1.2077536717265391	 
0.0	 0.0	 0.0	 1.0	 
6	 37	  37
0.6942169409868131	 0.3661676349692485	 -0.6196645075748157	 1.0954419690899933	 
-0.2426807816721325	 0.929590840146801	 0.2774291046775149	 -0.3148366207901427	 
0.6776200093370287	 -0.04221531731720116	 0.7341995572934471	 1.2857943429312488	 
0.0	 0.0	 0.0	 1.0	 
6	 38	  37
0.7768477554499451	 0.3126208221103697	 -0.5466038660999561	 1.0697657627837762	 
-0.18872317804485234	 0.9437425528705177	 0.27153923467905794	 -0.37090097795313437	 
0.6007421467826549	 -0.10778782623503541	 0.7921430789917265	 1.3504025702106117	 
0.0	 0.0	 0.0	 1.0	 
6	 39	  37
-0.9696788442136157	 0.2196138611039534	 -0.10720396958862927	 -0.4030432372148536	 
0.20743701326424618	 0.9715791265587509	 0.11403458406704062	 0.30531574671966266	 
0.12920071444289746	 0.08833885241697195	 -0.9876757679223972	 4.96037610113928	 
0.0	 0.0	 0.0	 1.0	 
6	 44	  37
0.9753302062292881	 -0.09191600826608935	 0.20070484857412366	 0.6501686828025879	 
0.09516171531019059	 0.9954401921970899	 -0.006562903156519121	 -0.14599618369656064	 
-0.19918643717872994	 0.02550041535049615	 0.9796297729555774	 0.49947850887026457	 
0.0	 0.0	 0.0	 1.0	 
6	 45	  37
0.9875784700652175	 -0.06225866569424733	 -0.14426581025875904	 0.777978051404779	 
0.03896997298425293	 0.9865148360043352	 -0.15896483746082365	 -0.35028363213940755	 
0.15221730082106594	 0.15136821624539118	 0.9766870309579408	 0.5769266481926131	 
0.0	 0.0	 0.0	 1.0	 
6	 46	  37
0.9875695791141896	 0.06471713829496313	 -0.14324111986134605	 0.5451854246583134	 
-0.06132542350821516	 0.9977257754764911	 0.027972654171039692	 -0.24514781598547372	 
0.14472566752224694	 -0.018840619967112428	 0.9892924300728756	 0.6402261773472939	 
0.0	 0.0	 0.0	 1.0	 
6	 47	  37
0.9993216463606089	 -0.03641186837428133	 -0.00551570091788182	 0.17140236347707127	 
0.036215613496136154	 0.9444565194258673	 0.32663483012850125	 -0.07733054594656169	 
-0.0066840447499979675	 -0.32661301069533405	 0.9451345220603832	 0.456274585808336	 
0.0	 0.0	 0.0	 1.0	 
6	 48	  37
0.9976193792421968	 -0.00044965041479833165	 0.06895920514998317	 0.03801447973924888	 
-0.03066785633943909	 0.8927601967095001	 0.4494871675128861	 -0.014256546497613124	 
-0.061766145645948366	 -0.45053194002836044	 0.8906210834391496	 0.1879005053856917	 
0.0	 0.0	 0.0	 1.0	 
6	 49	  37
0.9994968535737635	 0.009176998121014534	 0.030361528315175048	 -0.23038842969291257	 
-0.018959284528124322	 0.9402570706673541	 0.339937033272674	 -0.0758117468561971	 
-0.02542804015900369	 -0.3403416280232738	 0.9399579730009953	 0.34867512874701095	 
0.0	 0.0	 0.0	 1.0	 
7	 37	  37
0.6383488388117317	 0.276501845312745	 -0.718371414747525	 1.197295914632811	 
-0.12114276538868038	 0.9577137081797151	 0.2609767873942849	 -0.21168170845535098	 
0.7601547147664722	 -0.07956872943126374	 0.6448516317068581	 1.1402493866882135	 
0.0	 0.0	 0.0	 1.0	 
7	 38	  37
0.7641979971502566	 0.16885363472853623	 -0.6224868441907004	 1.2142732983940667	 
-0.03886749719978632	 0.9754253816640679	 0.21687471606190212	 -0.14148941509574553	 
0.6438095516633469	 -0.14154071797355064	 0.7519810412121913	 1.2181579161499512	 
0.0	 0.0	 0.0	 1.0	 
7	 39	  37
-0.720397503693413	 -0.17576380000872735	 0.67092065348951	 -2.4057934148679188	 
-0.09479881095332586	 0.9832305419651591	 0.15579116402650947	 0.1305925095906524	 
-0.687052124743192	 0.0486290854673547	 -0.7249790272362872	 3.648807319777669	 
0.0	 0.0	 0.0	 1.0	 
7	 44	  37
0.9579704246477211	 -0.2652267011080091	 -0.10930444876411449	 1.2434140170055155	 
0.25752647308896004	 0.96298291044085	 -0.07964941843623469	 0.2617246706798458	 
0.1263834686920136	 0.04815299801914843	 0.9908120445488852	 0.5801427848927312	 
0.0	 0.0	 0.0	 1.0	 
7	 45	  37
0.9462310848305339	 -0.28813669474609166	 -0.14705094097362584	 0.924203827750516	 
0.24861593913464924	 0.9385753685544552	 -0.23930397479160995	 0.0685458347142625	 
0.20697064745665666	 0.1898776518805318	 0.9597445641459541	 0.3509988202070639	 
0.0	 0.0	 0.0	 1.0	 
7	 46	  37
0.9678317062455676	 -0.08632880595251638	 -0.23632419607100386	 0.7701574749701708	 
0.10361560810630782	 0.9927011521395569	 0.06171084424602453	 -0.15462476094604397	 
0.229271878220059	 -0.08421258696661578	 0.9697126615930287	 0.5030414815247136	 
0.0	 0.0	 0.0	 1.0	 
7	 47	  37
0.9699761878484292	 -0.20316633742758086	 -0.13367735164675917	 0.37191797328539433	 
0.2397657057662347	 0.8909098064500206	 0.3857358203610436	 -0.0838072173274618	 
0.0407259296449889	 -0.4062058051129379	 0.9128736180584374	 0.26071835391092485	 
0.0	 0.0	 0.0	 1.0	 
7	 48	  37
0.9733833515644578	 -0.22644888481499964	 -0.03529523286770884	 0.06896044918544773	 
0.21981685130191578	 0.878888990564697	 0.4233611863974767	 0.20377589167449367	 
-0.06484907694681688	 -0.41985121749282883	 0.9052731921298313	 -0.0768169727453077	 
0.0	 0.0	 0.0	 1.0	 
7	 49	  37
0.971124038249028	 -0.21970839614557996	 -0.0929856064024844	 -0.10136372579976106	 
0.23758069434614393	 0.9261482051658981	 0.29292476123057654	 0.09387397963517706	 
0.021760422994626438	 -0.3065578619626695	 0.9516032583277402	 0.09719539801936994	 
0.0	 0.0	 0.0	 1.0	 
8	 37	  37
0.6747856066117791	 0.37528463634646675	 -0.6354729158916788	 1.7598785449029517	 
-0.22924099025250338	 0.9250491449404654	 0.3028739801187367	 -0.29491287985834	 
0.7015076289660895	 -0.0586985618836916	 0.7102404700769744	 0.7524216862603277	 
0.0	 0.0	 0.0	 1.0	 
8	 38	  37
0.8835523615151412	 0.28025344369389255	 -0.37522424196569626	 1.3720982061364477	 
-0.1868210584655948	 0.9455980389222499	 0.2663498468184104	 -0.2668547137036887	 
0.42945676915705056	 -0.1652342460996209	 0.887842625323361	 0.4664770293157404	 
0.0	 0.0	 0.0	 1.0	 
8	 39	  37
0.1845666217333291	 -0.3815466649278025	 0.905735780801673	 -2.25599794357158	 
0.3929865892286037	 0.8733395684014534	 0.2878185868751897	 -0.0251750590585961	 
-0.9008311178175491	 0.3028203109879415	 0.3111320562474265	 0.8322682018741462	 
0.0	 0.0	 0.0	 1.0	 
8	 44	  37
-0.8868932061846457	 -0.4583008057198862	 0.058144752987890694	 -0.18254070934168262	 
0.1609833365313798	 -0.18862378270178254	 0.9687649012833272	 -2.227459898218306	 
-0.43301825155845797	 0.8685513456761055	 0.2410679442428669	 0.9688253508246263	 
0.0	 0.0	 0.0	 1.0	 
8	 45	  37
0.9883131734155065	 -0.061221702058656825	 -0.13960291705552325	 1.3586041192925637	 
0.04013280170409644	 0.9879983159187977	 -0.14915993419480425	 -0.3137157206703539	 
0.14705927199857183	 0.1418140717230125	 0.9789087493635911	 -0.09525270099869844	 
0.0	 0.0	 0.0	 1.0	 
8	 46	  37
0.9943566303310164	 -0.054810158954869376	 -0.09083357414573422	 1.0638159929276867	 
0.051584592205295585	 0.9979647860365366	 -0.03748754030424987	 0.03488894879775234	 
0.09270340643018475	 0.03259037137547491	 0.9951602615306988	 -0.0780566901268248	 
0.0	 0.0	 0.0	 1.0	 
8	 47	  37
0.9949189076610822	 -0.050177505370763195	 0.08728450683394638	 0.5915504746551512	 
0.022083138505900407	 0.9546035702657396	 0.29705952034841576	 0.07547242067178556	 
-0.09822780753028865	 -0.2936226176415374	 0.9508612181791428	 -0.23529699446162172	 
0.0	 0.0	 0.0	 1.0	 
8	 48	  37
0.9830288234338821	 -0.13323693574349402	 0.12610412860760006	 0.4142351468565857	 
0.0660069438613736	 0.8982471098074737	 0.43450571122207526	 0.17356268473995162	 
-0.17116487858284354	 -0.41880788994024953	 0.8917973624448082	 -0.5161363167082595	 
0.0	 0.0	 0.0	 1.0	 
8	 49	  37
0.9973441743681639	 -0.04875903662379626	 0.05410318106548301	 0.3275928043035916	 
0.029717245569013975	 0.9506254276365416	 0.3089145215858805	 0.07948988634533714	 
-0.06649423410850043	 -0.30648630096361873	 0.949549716524607	 -0.29158872727232854	 
0.0	 0.0	 0.0	 1.0	 
8	 50	  37
0.995483096177259	 0.027939752711198695	 0.09073464301894159	 -0.022919879714452328	 
-0.025081360937942904	 0.9991572476912933	 -0.03249184081363822	 -0.04701301678958292	 
-0.09156599018652292	 0.030069329962525926	 0.9953449175219444	 0.04281212192852745	 
0.0	 0.0	 0.0	 1.0	 
8	 51	  37
0.9984874806168184	 0.03310739640904053	 -0.04389363683376366	 -0.26153586279194	 
-0.03428412500430601	 0.9990651657943898	 -0.026332361628185405	 -0.11280453787795937	 
0.042980807625831646	 0.027797388352920012	 0.9986891184831187	 0.27197999595249145	 
0.0	 0.0	 0.0	 1.0	 
9	 10	  37
0.9987977371819909	 -0.04771648783964118	 -0.011234633433477527	 -0.41765015829432195	 
0.04895820680099487	 0.9593476485745392	 0.2779481663212287	 -0.23970027733863988	 
-0.0024847911313138414	 -0.2781640270824965	 0.9605303742465833	 0.6141417994467941	 
0.0	 0.0	 0.0	 1.0	 
9	 51	  37
0.997914579296134	 0.004239488866732923	 -0.06440899907907718	 0.3174268606148966	 
0.003602775114402414	 0.9926270235816953	 0.12115532207385524	 0.07071898103082983	 
0.06444774968681811	 -0.12113471339584451	 0.9905417047105144	 -0.08392511308895093	 
0.0	 0.0	 0.0	 1.0	 
9	 52	  37
0.9845996251658204	 -0.13922650266499742	 0.10573343406415747	 -0.3312211179143581	 
0.12121799630802098	 0.9794877401720354	 0.16096572375430343	 -0.01645001378980216	 
-0.12597529715938222	 -0.14566999625300867	 0.9812800195139274	 0.2569822009698279	 
0.0	 0.0	 0.0	 1.0	 
9	 53	  37
0.9143026062765909	 -0.15803223724750823	 0.3729296933020755	 -1.0688303053343386	 
0.10613116691158803	 0.9820464658788782	 0.1559516407890267	 -0.11840632058722601	 
-0.3908796740249072	 -0.10300752810038762	 0.9146597889865005	 0.9425436749788221	 
0.0	 0.0	 0.0	 1.0	 
10	 11	  37
0.9912664647657583	 0.005204645435762187	 -0.13177142139585774	 -0.016350353714598743	 
-0.014887446674186929	 0.9972497500091823	 -0.07260371917571642	 -0.1376033789085202	 
0.1310311404297465	 0.07393137204537142	 0.9886177180615213	 0.4001199508882144	 
0.0	 0.0	 0.0	 1.0	 
10	 51	  37
0.8703152785640569	 0.11760747485182528	 -0.4782465867697804	 1.9114411255185513	 
-0.1673425093849599	 0.9839111105152598	 -0.06257324633877723	 0.07811934784873582	 
0.463193048793602	 0.1344894362528371	 0.8759936021944918	 0.18600629643128486	 
0.0	 0.0	 0.0	 1.0	 
10	 52	  37
0.9944140557233059	 -0.05251505043825025	 0.09155793388556654	 0.13899658470789658	 
0.05772243403002099	 0.9968062409434685	 -0.05518549289262311	 0.1036140042847082	 
-0.0883674509623064	 0.060162176603077565	 0.9942694333614022	 -0.3102208206025914	 
0.0	 0.0	 0.0	 1.0	 
10	 53	  37
0.9867041994609592	 -0.03352620475882363	 0.15903086606246492	 -0.15674351713766396	 
0.04419063033532986	 0.9969708221459515	 -0.06400287478067931	 -0.017242369134573294	 
-0.156403359799828	 0.07017957953774377	 0.9851968410724989	 0.01863742952806549	 
0.0	 0.0	 0.0	 1.0	 
10	 54	  37
0.998549621669464	 0.007303992234715824	 -0.05334139819320534	 -0.07896165374249628	 
-0.02010498502849367	 0.9696702215786445	 -0.2435886921854705	 -0.09372614626114299	 
0.0499443954891326	 0.24430782443683435	 0.9684106795560278	 0.3374237779446543	 
0.0	 0.0	 0.0	 1.0	 
11	 12	  37
0.9505594005646403	 0.01936654610118685	 -0.3099383211064784	 0.1412916934615817	 
-0.08792368314077263	 0.9739989306086042	 -0.2087953761850488	 -0.1679248144673258	 
0.2978359480337339	 0.22572332636527756	 0.9275466176928471	 0.20155066748044337	 
0.0	 0.0	 0.0	 1.0	 
11	 52	  37
0.9666194242669225	 -0.009222922052847827	 0.2560504370991983	 -0.09576582875028254	 
0.0059001354930665155	 0.9998881634493676	 0.013742233989199031	 0.13808392479322712	 
-0.2561485448544398	 -0.011772778034836643	 0.9665657373744919	 -0.696967452860101	 
0.0	 0.0	 0.0	 1.0	 
11	 53	  37
0.9431107204749519	 0.010330989976399318	 0.3323182805253457	 -0.35678836388033414	 
-0.025791328862578743	 0.9987785376811065	 0.04214546266316056	 -0.03309644053733406	 
-0.331476961915481	 -0.0483187677170795	 0.9422251962273054	 -0.365000446208717	 
0.0	 0.0	 0.0	 1.0	 
11	 54	  37
0.989192841140551	 0.03572750484521374	 0.1422008032108811	 -0.2811798976253715	 
-0.010941127208518099	 0.985140158863187	 -0.1714034980110424	 0.04461155544672773	 
-0.1462115411713164	 0.16799527610188794	 0.9748844918428848	 -0.00843024700126718	 
0.0	 0.0	 0.0	 1.0	 
11	 55	  37
0.9908713283442936	 0.09502169656198994	 -0.0956289069669567	 -0.21390756725352383	 
-0.09610536110753008	 0.9953480739446686	 -0.006780210987026279	 -0.19385013275149557	 
0.09453978121195818	 0.01590876730354722	 0.9953939626556295	 0.0023710932559780446	 
0.0	 0.0	 0.0	 1.0	 
12	 52	  37
0.6555582459245243	 -0.16108182174744196	 0.7377642122676366	 -1.1281899920258736	 
-0.09326505859763881	 0.9522330613554691	 0.29078140536556013	 -0.10355173459895392	 
-0.7493630729126836	 -0.2594317705372963	 0.6092209298692417	 -0.41223959520647796	 
0.0	 0.0	 0.0	 1.0	 
12	 54	  37
0.9052481168943564	 -0.06882171556311004	 0.41927248696542313	 -0.35339972810460446	 
0.01377798790975573	 0.991030292390036	 0.13292526702804963	 -0.029443595726989867	 
-0.42465988026699586	 -0.11455361640851854	 0.8980765307363009	 -0.10843564506876263	 
0.0	 0.0	 0.0	 1.0	 
12	 55	  37
0.9697164754263502	 -0.06652889916827745	 0.2349975805453215	 -0.3876718718449052	 
0.030649261772613814	 0.9877266253903814	 0.15315592136030387	 0.02102338171996085	 
-0.24230266205613912	 -0.14131531789012458	 0.959853843504376	 -0.11207076769226716	 
0.0	 0.0	 0.0	 1.0	 
12	 56	  37
0.966662825525925	 0.0015898994346637127	 -0.2560477571977985	 -0.29380693854904666	 
0.11376668550221611	 0.893189139215706	 0.43505206913304667	 0.023762131461672244	 
0.2293907648883774	 -0.44967836706572095	 0.86323185945436	 -0.07083076468861249	 
0.0	 0.0	 0.0	 1.0	 
13	 14	  37
0.9614076742098158	 0.06349084057574637	 -0.26770169430442026	 0.20660601064945697	 
-0.0848200499407129	 0.9940135077846702	 -0.06886730334250948	 -0.133977257344226	 
0.26172665721803573	 0.0889160250157386	 0.961037510920814	 0.11240684032607844	 
0.0	 0.0	 0.0	 1.0	 
13	 15	  37
0.7783306458979253	 0.23693670188563887	 -0.5814313415663744	 0.41492198235012206	 
-0.12108597492497068	 0.9653218662836793	 0.2312831190360951	 -0.13467857557077922	 
0.6160678471829112	 -0.1096115585791525	 0.7800293032272967	 0.3740417673053972	 
0.0	 0.0	 0.0	 1.0	 
13	 54	  37
-0.9937776103379388	 -0.024579194248555262	 -0.1086366623249602	 0.11276916180885942	 
0.055119019588519176	 -0.9560728009192953	 -0.2879004915277744	 1.5220573799028114	 
-0.09678819592603291	 -0.2920970088043105	 0.9514785244959334	 0.18383940317703182	 
0.0	 0.0	 0.0	 1.0	 
13	 55	  37
-0.6880235573305726	 -0.0899286250827981	 0.7200947347043319	 -1.5199226176833764	 
0.17025413256826816	 0.9445934073635597	 0.28063646432480355	 -0.7224953607044128	 
-0.7054339904637505	 0.31568360292548875	 -0.6345917963087545	 3.435860180028914	 
0.0	 0.0	 0.0	 1.0	 
13	 56	  37
0.968466064120859	 -0.10537473423288603	 0.2257645854238512	 -0.5352159768472902	 
0.06020122518270578	 0.9782783688612807	 0.19836140124685364	 0.10818615286275085	 
-0.24176289031353768	 -0.17851498089365686	 0.9537730896097788	 0.004497209058886495	 
0.0	 0.0	 0.0	 1.0	 
13	 57	  37
0.9500552413382625	 -0.04836854510510581	 -0.3083107559753799	 -0.25150020076552637	 
0.1450880488953664	 0.943118148382054	 0.2991280933983646	 -0.21826852096918997	 
0.27630507862402864	 -0.3289204190025613	 0.9030320379088154	 0.29396632049480265	 
0.0	 0.0	 0.0	 1.0	 
14	 15	  37
0.9196431699660956	 0.11425652240254087	 -0.3757683954554842	 0.27094379783487216	 
-0.020086985104470073	 0.9691808804026609	 0.2455299046783039	 0.07157254650707665	 
0.39224093738941157	 -0.21825184569758369	 0.8935956461876224	 0.1098493055938369	 
0.0	 0.0	 0.0	 1.0	 
14	 18	  37
0.5357743176446292	 0.21489954320285243	 -0.8165562239574432	 0.6458310489526327	 
-0.02576702763030656	 0.9707806383235053	 0.2385812493539824	 0.03976812183312551	 
0.8439679738233733	 -0.10678547929102311	 0.5256566565478413	 0.2790807641227353	 
0.0	 0.0	 0.0	 1.0	 
14	 56	  37
0.8928092980499306	 -0.26356370195171913	 0.36527487229358585	 -0.5910578925158733	 
0.11978264997256839	 0.9206620759119895	 0.37152854364499943	 -0.01164891674989347	 
-0.4342161605481064	 -0.2879505460854878	 0.8535460203925327	 -0.04029711246723378	 
0.0	 0.0	 0.0	 1.0	 
14	 57	  37
-0.04414116303470356	 -0.31051808120355884	 0.9495420364426238	 -2.731595665676331	 
0.1217064315776158	 0.9417175187529722	 0.3136170585066905	 0.07352488524862023	 
-0.991584137750593	 0.1294087945983822	 -0.0037764589242976214	 1.8385142631286413	 
0.0	 0.0	 0.0	 1.0	 
15	 18	  37
0.6971371748431341	 0.14948456708249527	 -0.7011805214464335	 0.7447853010826966	 
-0.20010117153340187	 0.9797250186091502	 0.009920134185605133	 0.042071192934668475	 
0.6884470063866156	 0.13339134947761527	 0.7129147685956907	 0.26119837513568844	 
0.0	 0.0	 0.0	 1.0	 
15	 56	  37
-0.3734517803819405	 0.6854549633446393	 -0.6250482069054817	 -0.02652917932760702	 
-0.004441082059442336	 0.6724689305272402	 0.7401120281860647	 -1.0983727063637139	 
0.9276389623769042	 0.2791720449861494	 -0.24809055761667162	 1.951169537027521	 
0.0	 0.0	 0.0	 1.0	 
15	 57	  37
0.8834590841944688	 -0.20172165957586596	 0.4228574447875182	 -0.7146062195975735	 
0.179036178313202	 0.9794205945487576	 0.0931737400170288	 -0.09821804521374101	 
-0.43295045144828476	 -0.00660840614037468	 0.9013934965147069	 0.461405621402169	 
0.0	 0.0	 0.0	 1.0	 
15	 62	  37
-0.05917240670260199	 0.45841768275533346	 -0.8867648247547101	 0.5240300565549241	 
-0.23901528882381368	 0.8559760254812401	 0.45845036319083404	 -1.0516369999796924	 
0.9692111833823887	 0.2390779620512293	 0.05891867333825666	 2.9585538926954857	 
0.0	 0.0	 0.0	 1.0	 
16	 17	  37
0.9946711193446298	 -0.05123244496695823	 -0.08946843535241336	 0.11555182962343974	 
0.042325167810244126	 0.9942104237881906	 -0.09876342137016578	 -0.013316544652990104	 
0.09401034257748496	 0.09445035634455723	 0.9910808169240539	 -0.15883068471668646	 
0.0	 0.0	 0.0	 1.0	 
16	 61	  37
-0.6729774460889174	 -0.27931728096105346	 0.6848964984668582	 -3.243795869585303	 
