0	 1	  37
0.9985890662989388	 0.04409363302814836	 0.029591015436995056	 -0.2938163908814806	 
-0.046121743255159185	 0.9963541675430807	 0.07177156553008807	 -0.014290059910179868	 
-0.026318462480142208	 -0.07303508982614836	 0.9969820530916127	 0.49919228489615813	 
0.0	 0.0	 0.0	 1.0	 
0	 6	  37
0.7799939855376187	 -0.08604026920703226	 -0.6198438953477907	 0.7860382800924345	 
0.3448041019361375	 0.8856744474827126	 0.3109516109689828	 -0.13048902671408694	 
0.5222255392195555	 -0.45626510402503256	 0.720487779935144	 1.6061135053429816	 
0.0	 0.0	 0.0	 1.0	 
0	 8	  37
0.17663247686874775	 0.03369975732525422	 -0.9836997989587223	 2.0685998659485976	 
0.17987982304487807	 0.9814771749430975	 0.06592271480347094	 -0.13004751279812538	 
0.9677004791651983	 -0.18859183816362626	 0.16729883801601808	 3.2236385187950343	 
0.0	 0.0	 0.0	 1.0	 
0	 9	  37
0.34384068763148856	 0.3692870418691033	 -0.863365891286349	 1.2985802203467551	 
-0.5266677854052697	 0.8370392790802804	 0.14827774308059014	 0.33891015792389306	 
0.777428212342087	 0.4037230808169529	 0.4822997498135925	 1.1628920943117784	 
0.0	 0.0	 0.0	 1.0	 
0	 10	  37
-0.9567339773076801	 0.05723332118076415	 -0.2852795884945961	 0.830097632170609	 
0.15888337587520898	 0.9241439923188366	 -0.3474391375931878	 1.0004561973312203	 
0.24375432208583256	 -0.3777330120701928	 -0.8932533806579487	 5.110791171130733	 
0.0	 0.0	 0.0	 1.0	 
0	 11	  37
-0.9993172060893574	 0.03686558657399356	 -0.0024597032981600155	 0.06788249529845232	 
-0.03673171781702654	 -0.9984608765473981	 -0.041553085449957186	 2.052189806565179	 
-0.003987796380199222	 -0.04143436412878195	 0.9991332698640725	 0.3915682530028107	 
0.0	 0.0	 0.0	 1.0	 
0	 27	  37
0.9721257959991538	 0.04290115850152478	 -0.23050146930602808	 1.030884996015183	 
0.013747759471606377	 0.9709953197896058	 0.23870292846170013	 -0.003021651196809759	 
0.23405648006949456	 -0.23521815309603025	 0.9433398033537919	 0.3316823849171898	 
0.0	 0.0	 0.0	 1.0	 
0	 28	  37
0.4112601250919142	 0.2507912726425647	 -0.876338317703674	 2.379963156919383	 
-0.2308288774105441	 0.9587222117276304	 0.16604141077896206	 -0.06783603794226199	 
0.88180674689116	 0.13399797873999003	 0.45217408465194686	 2.555172037403684	 
0.0	 0.0	 0.0	 1.0	 
1	 2	  37
0.987103832812313	 0.06883211126347764	 -0.1445273804725364	 0.2459656487409954	 
-0.06538597431849845	 0.9974539397295116	 0.028465988134893653	 0.019331223451873814	 
0.14611877911364393	 -0.018648822404846523	 0.9890912616201045	 0.8949201088881862	 
0.0	 0.0	 0.0	 1.0	 
1	 6	  37
0.9967814537154361	 0.04578648563731565	 -0.06580525254054748	 0.3436317102502977	 
-0.036326187630478755	 0.9897126448666521	 0.13838095491537447	 -0.1929537472471024	 
0.07146426814273397	 -0.1355451154562183	 0.9881904573789324	 0.6206545988185931	 
0.0	 0.0	 0.0	 1.0	 
1	 8	  37
0.4530143453485311	 0.33351806673702367	 -0.8267670180095723	 1.966192751059527	 
-0.4712689882955927	 0.8768062768786825	 0.0954792830774952	 -0.7275274461209742	 
0.7567585768125062	 0.34637617121583636	 0.5543825434071381	 1.5313820913124707	 
0.0	 0.0	 0.0	 1.0	 
1	 9	  37
0.790263096778439	 0.6034692752656157	 -0.10634411916295095	 -0.8304688514453534	 
-0.6092610813509082	 0.7923574170268308	 -0.031155391727448294	 0.39359394512856594	 
0.06546122990956975	 0.08941228938440775	 0.9938411693453664	 -0.8137228346948275	 
0.0	 0.0	 0.0	 1.0	 
1	 10	  37
-0.5450133920581339	 0.1756713044097062	 -0.8198170498863021	 2.2863817632134613	 
0.034513015402505835	 0.981675227737696	 0.1874102425535191	 -0.575364135848466	 
0.8377166909194977	 0.07384673353056843	 -0.5410890922036332	 3.47647713612838	 
0.0	 0.0	 0.0	 1.0	 
1	 27	  37
0.9498100650049156	 0.08911878933972736	 -0.2998644390420089	 1.3538020316040127	 
-0.011615031590266346	 0.9679482405127369	 0.25088103700649156	 -0.21221617449897787	 
0.31261147044936577	 -0.23480639913536633	 0.9204020987962638	 0.02620067935285162	 
0.0	 0.0	 0.0	 1.0	 
1	 28	  37
0.9797465804683267	 -0.022980762918963255	 -0.19891838174558685	 1.3598648452423852	 
0.0603688244860855	 0.9810712057301502	 0.1839969954030714	 -0.045197958587981514	 
0.19092470529187378	 -0.19227889593726177	 0.9625884806532643	 0.4059917406437799	 
0.0	 0.0	 0.0	 1.0	 
2	 3	  37
0.9988314499895871	 -0.037414803049176784	 -0.03059194378410887	 0.20158394742862576	 
0.03855672587719094	 0.9985475839464986	 0.03763112387694183	 -0.07526212048998253	 
0.02913955046547397	 -0.038766675217277655	 0.9988233234617965	 0.7722586025272196	 
0.0	 0.0	 0.0	 1.0	 
2	 5	  37
0.8475083387418749	 0.08758094164314749	 -0.5235066326455542	 0.9692438811176225	 
-0.050683946776566964	 0.9951394602782418	 0.08443099037841206	 -0.16230107786234196	 
0.5283566535041818	 -0.04502258608775185	 0.8478279385817818	 1.6711583251616922	 
0.0	 0.0	 0.0	 1.0	 
2	 8	  37
-0.04400312012072227	 -0.12857240059681868	 -0.990723403995491	 2.2253802207615814	 
-0.17912707670928205	 0.9766284242912472	 -0.11878725207690535	 0.06192006956101743	 
0.9828413991124043	 0.17223837746323084	 -0.0660054961318032	 2.0014317249590903	 
0.0	 0.0	 0.0	 1.0	 
3	 4	  37
0.9769200442322536	 -0.023021235037839528	 -0.21236113089401026	 0.4991604957693718	 
0.02696730415015491	 0.9995129589458863	 0.015703802281966637	 -0.016404183145996086	 
0.2118961813816455	 -0.021068166426402905	 0.9770650647113046	 0.5494773690531418	 
0.0	 0.0	 0.0	 1.0	 
3	 5	  37
0.813371773821001	 0.0795936840313712	 -0.5762735487714081	 0.9066985858764163	 
-0.014570592937685103	 0.9930725800933623	 0.11659566238997107	 -0.20011392423997995	 
0.581561738229676	 -0.08643897343806271	 0.8088969331739684	 1.0771385355177578	 
0.0	 0.0	 0.0	 1.0	 
3	 6	  37
0.6068934644508472	 0.0951430672716133	 -0.7890678801959928	 1.3993599144632742	 
-0.03894856021663576	 0.9951764032050653	 0.09003852598127342	 -0.16338659482247714	 
0.7938282764325666	 -0.023910735119995957	 0.6076717405656792	 1.0029269441980284	 
0.0	 0.0	 0.0	 1.0	 
4	 5	  37
0.9401906106763523	 0.09431471937519045	 -0.32733216967662515	 0.37351033132283074	 
-0.07552752967899846	 0.9947068351175665	 0.0696699679272362	 -0.1362033020372406	 
0.3321704500051388	 -0.04078045953116812	 0.9423373845199029	 0.40833871635225005	 
0.0	 0.0	 0.0	 1.0	 
4	 6	  37
0.7384725731637634	 0.023565631681881482	 -0.6738715899103663	 0.956038684830508	 
0.010985913959641732	 0.9988359393334638	 0.04696888321334466	 -0.09671076213959255	 
0.6741940139005704	 -0.04208832735178917	 0.7373540562859652	 0.42048616511048686	 
0.0	 0.0	 0.0	 1.0	 
4	 7	  37
0.5296077178246221	 0.11537653688804395	 -0.8403593992788546	 1.0918660638693511	 
-0.1342860547726535	 0.9896169777415329	 0.05123956341841896	 -0.28663880626876953	 
0.8375457723099027	 0.0857116800759156	 0.5396022490542197	 0.20378521730431315	 
0.0	 0.0	 0.0	 1.0	 
5	 6	  37
0.928948192299621	 0.09795534219592078	 -0.3570154155754991	 0.3622567610450816	 
-0.10276374938627272	 0.9946904391264665	 0.005526492782263679	 0.03740405535038873	 
0.35566116998534086	 0.03155441721339607	 0.9340821435607156	 -0.2170397298571764	 
0.0	 0.0	 0.0	 1.0	 
5	 7	  37
0.7909528357119057	 0.060876959289032924	 -0.6088412005663009	 0.659081429486814	 
-0.13756360617683272	 0.987257225677783	 -0.07999640368560713	 0.010224037168434688	 
0.5962129367389799	 0.14702777348081786	 0.7892483562797917	 -0.5086085683240722	 
0.0	 0.0	 0.0	 1.0	 
5	 8	  37
0.6484771907328476	 0.4910547603192765	 -0.5816722062012348	 0.48495102402756635	 
-0.45404944305920153	 0.862822457539945	 0.22220825822268284	 -0.457580103650468	 
0.6109962654197347	 0.12001095421880337	 0.782483823801252	 -0.8058421454793437	 
0.0	 0.0	 0.0	 1.0	 
6	 7	  37
0.9362997550425205	 -0.01803597958918758	 -0.3507384668774937	 0.3681492655422456	 
-0.016666529726054074	 0.9952734460050998	 -0.09567128338233452	 -0.006531416388483775	 
0.350806207890064	 0.09542259227976807	 0.9315736865049385	 -0.28796449686399556	 
0.0	 0.0	 0.0	 1.0	 
6	 8	  37
0.8892153635583324	 0.060180172081773994	 -0.4535133780827531	 0.3511490582205163	 
-0.12920540460684982	 0.9839894035262408	 -0.1227632565894686	 0.02315916660852739	 
0.43886444448394596	 0.1677593533496106	 0.8827540986772688	 -0.6340504442691023	 
0.0	 0.0	 0.0	 1.0	 
7	 8	  37
0.9927897876891576	 -0.013144175050046237	 -0.11914557533694008	 -0.1467138647446146	 
0.005163370517442847	 0.9977364983378006	 -0.06704639803541901	 -0.04191587920729433	 
0.11975715872137353	 0.0659477865199276	 0.9906104746004387	 -0.24350975531793492	 
0.0	 0.0	 0.0	 1.0	 
9	 10	  37
0.9814751899340619	 0.05179839892730287	 -0.1844542691630235	 0.2832821877210334	 
-0.049568513732981725	 0.9986313843445841	 0.016682944833650192	 0.02747649528663621	 
0.18506597199431488	 -0.007230772475151855	 0.9826994972722903	 -0.04575417119567366	 
0.0	 0.0	 0.0	 1.0	 
9	 11	  37
0.948359446491795	 0.012970411536585577	 0.31693237239882505	 -0.8505902539541959	 
0.012277787301558672	 0.9969138351666977	 -0.07753748249848734	 0.45556522470132377	 
-0.31695995991410886	 0.07742463224192396	 0.9452734049646425	 0.46392716969284903	 
0.0	 0.0	 0.0	 1.0	 
10	 11	  37
0.9872080695715622	 -0.03117044848852123	 0.15636057851585844	 -0.21545777019070086	 
0.02131127588828459	 0.997700506985467	 0.06433916288664325	 0.005602928696207821	 
-0.15800650902036611	 -0.0601838973643702	 0.985602273538993	 0.41061951197444646	 
0.0	 0.0	 0.0	 1.0	 
14	 15	  37
0.9918024817428379	 0.046861576580283365	 -0.11887737315889499	 0.23764581001611115	 
-0.045935002569669085	 0.9988889934871605	 0.01052398352011832	 -0.0495277466928002	 
0.11923847008274388	 -0.00497708053154471	 0.9928531693668052	 0.11494001809193437	 
0.0	 0.0	 0.0	 1.0	 
14	 16	  37
0.9923243416794212	 -0.019913247482672165	 -0.12204861115636677	 0.11231604145457484	 
0.024266127019562465	 0.9991175257131989	 0.03428301171435683	 0.04560596936682345	 
0.12125822029856215	 -0.036981514131118456	 0.9919318583565087	 0.18277362582778528	 
0.0	 0.0	 0.0	 1.0	 
14	 17	  37
0.9023265858216365	 -0.021279027974668636	 -0.4305275083986182	 0.5236801653489317	 
0.01673205045375698	 0.9997570946281391	 -0.014345390490155065	 0.1937728454007923	 
0.4307281869196417	 0.005740619231003921	 0.9024634476164466	 0.7864224888391944	 
0.0	 0.0	 0.0	 1.0	 
15	 16	  37
0.9978409614761937	 -0.036194298212511335	 -0.054803178531609466	 0.033333073727125864	 
0.037950507869511756	 0.9987876921742332	 0.031351314385756675	 -0.0004725488783252584	 
0.053602001387166635	 -0.03336343414836369	 0.9980048630688716	 0.07963817686336601	 
0.0	 0.0	 0.0	 1.0	 
15	 17	  37
0.9582938077583053	 0.05990361146239667	 -0.27943610243819694	 0.15341133135577706	 
-0.06169311470346389	 0.998092292510099	 0.0023948340484500836	 0.061537401387936876	 
0.2790464793009816	 0.014944328880769705	 0.960161303856821	 0.5639659756700717	 
0.0	 0.0	 0.0	 1.0	 
16	 17	  37
0.9388630832252802	 0.24619820596281497	 -0.24067105006089193	 0.24408598785146768	 
-0.240319090146025	 0.9691929373945058	 0.05396095825684523	 -0.12041696299093933	 
0.2465417730692054	 0.007175896132310093	 0.9691055982949385	 0.5104178574930918	 
0.0	 0.0	 0.0	 1.0	 
17	 18	  37
0.9949187776360829	 -0.047109862583429564	 -0.08897913662479093	 0.3568391225827858	 
0.052450195378919394	 0.9968989206494243	 0.05866446124124798	 -0.01654969331369646	 
0.08593953055396573	 -0.06303334716943984	 0.9943043770560308	 0.3829844164907562	 
0.0	 0.0	 0.0	 1.0	 
18	 19	  37
0.8892394773814913	 0.02593515088756089	 -0.4567061635392392	 0.3160856356727432	 
-0.03267519475140644	 0.9994424448543905	 -0.00686520731196224	 0.0036806055475809597	 
0.45627347448021655	 0.021027776200017136	 0.8895911134413571	 0.5471453765131052	 
0.0	 0.0	 0.0	 1.0	 
19	 20	  37
0.9164772022970191	 0.051454394838968916	 -0.39676439220472176	 0.33963884646081977	 
-0.048103836113450565	 0.998672869584479	 0.01839892679126806	 -0.09227344738639075	 
0.39718453975576273	 0.0022236923473394716	 0.917736071303371	 0.15497574100793343	 
0.0	 0.0	 0.0	 1.0	 
19	 21	  37
-0.45555157433112836	 -0.41327672383793296	 -0.7884637674986822	 1.9593639289804354	 
0.5983912093647181	 0.5135959576792494	 -0.6149367063451041	 1.7634634094862605	 
0.6590908311298685	 -0.751945172063309	 0.013331711488783806	 2.469215043596572	 
0.0	 0.0	 0.0	 1.0	 
20	 21	  37
0.9943613829935785	 -0.053190481386765014	 0.09173991879733587	 -1.2756559609817917	 
0.046970468880725556	 0.9965326062765647	 0.06867706808506463	 0.01773595594001265	 
-0.09507478669038581	 -0.06398075740001839	 0.9934119224260884	 -0.5499005513418594	 
0.0	 0.0	 0.0	 1.0	 
21	 22	  37
0.8949160878214076	 0.1158569975064149	 -0.43093195737520384	 0.27853760597718136	 
-0.0700936809743989	 0.9902163614496607	 0.12065833334194286	 -0.15556110932849	 
0.44069498708958005	 -0.07777347649549178	 0.8942813957071448	 0.0545612024838109	 
0.0	 0.0	 0.0	 1.0	 
22	 23	  37
0.9831593747647308	 0.07264989694530201	 -0.16768910604467174	 0.1194402532855267	 
-0.053521222971654285	 0.9918175914412677	 0.1159023036840143	 0.05544187102113345	 
0.17473729568653198	 -0.10497551038923332	 0.9790030744153343	 0.06438351049243989	 
0.0	 0.0	 0.0	 1.0	 
22	 24	  37
0.890415876992003	 0.1661584348643967	 -0.4237345165595749	 0.32878557955243465	 
-0.11429863319444453	 0.982778983905812	 0.1451939779844275	 -0.0316745116739009	 
0.4405625817638673	 -0.08085074716089333	 0.8940736928425315	 0.546945415358849	 
0.0	 0.0	 0.0	 1.0	 
23	 24	  37
0.9029861448779996	 0.06628797365831735	 -0.4245255312777343	 0.5898526050305732	 
-0.07485321211443159	 0.9971883879087707	 -0.00350936690282238	 -0.0673052946151249	 
0.42309930134014695	 0.034946009331266015	 0.9054091658677298	 0.5951806337738405	 
0.0	 0.0	 0.0	 1.0	 
23	 25	  37
0.9976214926596386	 -0.014773320691169581	 0.06732834751656415	 -0.1001757331936735	 
0.014073112801589082	 0.999841965594314	 0.010862381533206756	 -0.048127586622785504	 
-0.0674781807670384	 -0.00988902584965099	 0.9976717407484869	 0.092506199513475	 
0.0	 0.0	 0.0	 1.0	 
24	 25	  37
0.9783983781327532	 0.05461806383152785	 -0.19938274943056505	 0.4155829828546034	 
-0.05497459607485428	 0.9984807050820568	 0.003751714973919569	 -0.10995941674703241	 
0.19928473964055274	 0.007290314268539545	 0.9799145084466616	 0.3284187932447763	 
0.0	 0.0	 0.0	 1.0	 
25	 26	  37
0.9545823000900391	 0.044304814486508984	 -0.29463488552465295	 0.3323087128847788	 
-0.03181946667108579	 0.9983861752096028	 0.047037928218697685	 -0.1408179951054953	 
0.2962434031258366	 -0.0355264487903837	 0.954451527077602	 0.4098431580965413	 
0.0	 0.0	 0.0	 1.0	 
26	 27	  37
0.9754912945217885	 0.05863910466709664	 -0.21208062079324083	 0.06813291331548413	 
-0.056256222373274205	 0.9982672020188532	 0.01725777557333066	 -0.11920235223252586	 
0.2127251084298556	 -0.004903955270188226	 0.9770997796879367	 0.3178987246315184	 
0.0	 0.0	 0.0	 1.0	 
26	 28	  37
0.07237996381197603	 0.7564556793535377	 -0.6500276501906317	 1.0033834795427001	 
-0.30098557374851254	 0.6379185403377474	 0.7088495046825074	 -2.0543388202193866	 
0.9508779234128089	 0.14434244374796756	 0.27385476753018034	 1.4539045386728144	 
0.0	 0.0	 0.0	 1.0	 
27	 28	  37
0.9678485331524431	 -0.06019435718402429	 0.2442250114911791	 -0.3312564427639356	 
0.056149257493425024	 0.998145836252065	 0.023497881938682106	 -0.21898265969637717	 
-0.24518661822701784	 -0.009029337509990104	 0.9694338519499561	 0.38088997721661016	 
0.0	 0.0	 0.0	 1.0	 
29	 30	  37
0.9791766048369646	 -0.004743331705835336	 0.2029548652885234	 0.20889655471841018	 
-0.038837082268647974	 0.9768857090048351	 0.210204644532366	 -0.07148115259318473	 
-0.19926077782848445	 -0.21370964495419595	 0.9563594146934186	 0.2898630584338001	 
0.0	 0.0	 0.0	 1.0	 
30	 31	  37
0.9510369734017976	 -0.006969652500843488	 0.30899854233760765	 -0.0991571413329143	 
-0.020531009613624494	 0.9961130064864592	 0.08565836767503898	 -0.20783065468277861	 
-0.30839447606433174	 -0.0878083267835368	 0.947197204852549	 0.7162175538790713	 
0.0	 0.0	 0.0	 1.0	 
31	 32	  37
0.8489439364890414	 -0.054719436207485435	 0.5256424412084939	 -0.3692275727790346	 
0.0636036346081269	 0.9979745583215976	 0.0011655931741921934	 0.03300318442204951	 
-0.5246415637014717	 0.03244324650750531	 0.8507048050839533	 0.22250998953752726	 
0.0	 0.0	 0.0	 1.0	 
31	 33	  37
0.6481744001600594	 -0.09316030755480069	 0.7557718598052208	 -1.024547699748569	 
0.07565261390669913	 0.9954562740677956	 0.05782290573938461	 0.011034455387968121	 
-0.757724639289387	 0.019696789468254906	 0.6522770941083336	 0.1700065097732593	 
0.0	 0.0	 0.0	 1.0	 
31	 34	  37
0.9030732105043416	 0.0064058103615867645	 0.42943886883116705	 0.24283404012125173	 
0.04085682825679469	 0.994072845357826	 -0.10074670072508685	 0.20439877915319069	 
-0.4275388825056451	 0.10852715658215162	 0.8974588348386893	 -0.5064109401908538	 
0.0	 0.0	 0.0	 1.0	 
31	 35	  37
-0.9654784237581358	 -0.23877488063940552	 -0.10410556965476045	 0.37479064466036377	 
0.25484264164298237	 -0.783133436678665	 -0.5672365012552428	 1.5101855272281162	 
0.05391327534041198	 -0.5741851415105587	 0.8169484573769439	 0.7285020904735843	 
0.0	 0.0	 0.0	 1.0	 
31	 36	  37
0.32037284658314963	 0.18764409227665813	 0.9285208311103629	 -1.9469769933958139	 
-0.016484903589764465	 0.9811408075880851	 -0.19259014418977227	 -0.12605223520109884	 
-0.9471480808859015	 0.046394076335994135	 0.3174241681962545	 0.7641999652017967	 
0.0	 0.0	 0.0	 1.0	 
31	 37	  37
0.5685106898463306	 -0.03869496344744905	 0.8217653529653396	 -1.2346532354307593	 
0.05842988615402655	 0.9982698069300897	 0.006583386346554552	 0.06289112981167144	 
-0.8205982841405872	 0.04427293050568362	 0.5697879988995578	 0.2257839303780989	 
0.0	 0.0	 0.0	 1.0	 
32	 33	  37
0.9731558494987625	 -0.003478216222431548	 0.23012082608545334	 -0.33347641429375796	 
0.004340026097366777	 0.9999853364861714	 -0.003238979177805314	 0.10113848947448141	 
-0.23010618583561734	 0.004150761924044324	 0.9731566751636834	 -0.4120804385433973	 
0.0	 0.0	 0.0	 1.0	 
32	 34	  37
0.8687791905355253	 -0.04872735257521376	 0.4927964723934696	 -0.8483766139526959	 
0.08909205427757469	 0.9942891610099821	 -0.058750916270875954	 0.047083461628197334	 
-0.4871194144735339	 0.09494582354730845	 0.8681589524009325	 -0.441609199880709	 
0.0	 0.0	 0.0	 1.0	 
32	 35	  37
0.8629845725134526	 0.02273909859663842	 0.504718298656574	 -0.8520918233735901	 
0.10004952418652102	 0.9715116444871184	 -0.21483765344088465	 0.19989427924740397	 
-0.49522491891445114	 0.23589840614329538	 0.8361245252145328	 -0.5047193157504694	 
0.0	 0.0	 0.0	 1.0	 
32	 36	  37
0.9257747248421887	 0.04803401103944752	 0.3750118566483376	 -0.7995331703479809	 
0.04336239789380928	 0.9718610649669023	 -0.2315292051778728	 0.04625525107450871	 
-0.3755806987749365	 0.2306052995593571	 0.897641540105442	 -0.5438308148535469	 
0.0	 0.0	 0.0	 1.0	 
32	 37	  37
0.8826243301208488	 -0.0111797964710035	 0.4699460650219241	 -0.8969194011711332	 
0.023065445032139545	 0.9995429536832491	 -0.019541468410419222	 0.08029996540128899	 
-0.4695128082642605	 0.028087290596157066	 0.8824787969026647	 -0.5020504436574859	 
0.0	 0.0	 0.0	 1.0	 
33	 34	  37
0.9796295876692338	 -0.05472055492594444	 0.19321369473100022	 -0.2887774459824641	 
0.08380580485717039	 0.9857685517136902	 -0.14572902773481622	 0.1946098601234491	 
-0.1824896107597615	 0.1589528965476554	 0.9702739400003805	 -0.1697572506658041	 
0.0	 0.0	 0.0	 1.0	 
33	 35	  37
0.9686222766713406	 0.03370983329099794	 0.24624080140285853	 -0.37640862013456544	 
0.04449815791165211	 0.9512285532594702	 -0.3052607957245158	 0.314101673081416	 
-0.2445215718060442	 0.3066396689983017	 0.919881141408016	 -0.18852412944298458	 
0.0	 0.0	 0.0	 1.0	 
33	 36	  37
0.995835557688283	 0.009688060698778643	 0.09065143972140793	 -0.2698532273871652	 
0.013461279448909784	 0.9678134877624783	 -0.25130827057744515	 0.003875386361846987	 
-0.09016837582692461	 0.2514819961447038	 0.9636526706318056	 -0.26376752619998806	 
0.0	 0.0	 0.0	 1.0	 
33	 37	  37
0.9758431928489315	 0.07182533171815536	 0.20632785729024025	 -0.4379939301258025	 
-0.05280554362707667	 0.9939544908468769	 -0.09626029652757245	 0.12770091480295287	 
-0.2119944280698283	 0.0830397004384297	 0.9737364995821217	 -0.23092902045380623	 
0.0	 0.0	 0.0	 1.0	 
34	 35	  37
0.9995405959138034	 0.02411137201635086	 0.01836406435860127	 0.018519301996095958	 
-0.021660505084352404	 0.9920931511500214	 -0.12362039459858626	 0.01928596567375415	 
-0.02119951980042165	 0.12316582797476147	 0.9921596439986468	 -0.0396990779653351	 
0.0	 0.0	 0.0	 1.0	 
34	 36	  37
0.9945940965836304	 0.020114439040187507	 -0.1018724319091741	 -0.013174601855112851	 
-0.034375542897490736	 0.9895213822235307	 -0.14023464683499262	 -0.1111126376586084	 
0.09798420837815397	 0.1429784720317395	 0.9848635699648832	 -0.06970455936893671	 
0.0	 0.0	 0.0	 1.0	 
34	 37	  37
0.9971706964871857	 0.04872791623166594	 -0.05723803147368025	 0.03824603825900369	 
-0.045558099859048545	 0.9974222748780796	 0.055437037387208024	 -0.029863027599956498	 
0.059791818875956596	 -0.052672533228975145	 0.9968202158056123	 -0.06310822089858947	 
0.0	 0.0	 0.0	 1.0	 
35	 36	  37
0.988987847726643	 -0.05110682591945298	 -0.13889251021369867	 0.10124748742233343	 
0.047551078705951266	 0.9984534808027782	 -0.028801763604280925	 -0.0614240375850814	 
0.14014967699900016	 0.021880105512890605	 0.9898885437360216	 -0.01946030778090594	 
0.0	 0.0	 0.0	 1.0	 
35	 37	  37
0.9971607727807364	 0.06220566049820185	 -0.042436411597910444	 -0.03348778418055245	 
-0.052103427059484786	 0.9768299196153474	 0.20757779513457264	 -0.13058019566773726	 
0.054365670381057093	 -0.2047773521321537	 0.9772976056134397	 -0.009736076024750849	 
0.0	 0.0	 0.0	 1.0	 
36	 37	  37
0.9945940000371393	 0.05078437280161716	 0.09057440349938431	 -0.08735099177959178	 
-0.06774737814227937	 0.9783897156314303	 0.19535571939796237	 0.02171546220220084	 
-0.07869604720041484	 -0.20043580475003658	 0.9765410489729731	 0.013379887819848037	 
0.0	 0.0	 0.0	 1.0	 
