0	 1	  37
0.9880653686945435	 0.10946296307964633	 0.10837290667108777	 -0.3302290759038332	 
-0.10431811171318026	 0.9931798146977754	 -0.05207290317900138	 0.12111687127458584	 
-0.11333383764398351	 0.04014617529375883	 0.9927455494003338	 -0.16353957085618484	 
0.0	 0.0	 0.0	 1.0	 
0	 2	  37
0.9973450425952197	 0.01134136860630121	 -0.07193218590363915	 -0.5140324702205924	 
0.005987699812442475	 0.9716805784787312	 0.23622235469615296	 -0.036314654760403714	 
0.07257419280774545	 -0.2360259027424212	 0.9690328992211406	 -0.39954121513084434	 
0.0	 0.0	 0.0	 1.0	 
0	 3	  37
0.9969149097755093	 0.07814189738447863	 -0.007382854491412348	 -0.5657061881815458	 
-0.07841027770082379	 0.9872529153645515	 -0.138504546694588	 0.030831244629511066	 
-0.0035342634547327503	 0.13865613934242946	 0.9903342789202468	 -0.13384532141935024	 
0.0	 0.0	 0.0	 1.0	 
0	 10	  37
0.8977282613557651	 -0.05590715164942477	 0.4369878249535147	 -0.484010883397825	 
-0.038615251622718935	 0.978111574959892	 0.20446664586576085	 -0.24626930861492438	 
-0.43885399748124565	 -0.20042988131495879	 0.8759195348722408	 -0.38255017455349494	 
0.0	 0.0	 0.0	 1.0	 
0	 19	  37
0.09069703445947568	 -0.1890433865020659	 0.9777712646422406	 -1.7734919168543055	 
0.12372205434998663	 0.9763504857321329	 0.1772923638458423	 -0.6526297592102906	 
-0.9881633980307484	 0.1048919779127943	 0.11194092978828712	 2.28198971168287	 
0.0	 0.0	 0.0	 1.0	 
0	 35	  37
0.9324043195658396	 -0.013289231802357032	 0.36117250888331237	 -1.9930805503597646	 
-0.016802633268419034	 0.9966492891554825	 0.08004914703554289	 0.07740207172862931	 
-0.3610261159115918	 -0.08070681968690231	 0.9290568082124013	 -0.11848556466320084	 
0.0	 0.0	 0.0	 1.0	 
0	 36	  37
0.29777660486126944	 -0.20451158644417927	 0.93247203958477	 -1.6939777408983812	 
0.16430119856969194	 0.9731869123586255	 0.1609731336666091	 -0.025754241930954044	 
-0.9403904560053012	 0.10527224051938082	 0.323393793431741	 0.6255593133620755	 
0.0	 0.0	 0.0	 1.0	 
0	 43	  37
0.9974185718670316	 0.006672766285537261	 0.07149592075655921	 0.3445684462441947	 
-0.04895846918413313	 0.7915589791862202	 0.609128435360568	 -0.4435671416371699	 
-0.05252866636300491	 -0.6110563449140896	 0.7898423149910093	 -0.6726435988769957	 
0.0	 0.0	 0.0	 1.0	 
0	 44	  37
0.9758112334989807	 -0.1651796584530893	 0.14320655365770657	 0.34620216072981363	 
0.11428134015971542	 0.9438553436018498	 0.3099626842791432	 -0.34499931383143084	 
-0.18636580123106297	 -0.2860992324134292	 0.9399015998198688	 -0.7154116774246339	 
0.0	 0.0	 0.0	 1.0	 
0	 45	  37
0.9982221839427856	 0.058405905595256796	 0.01188367266851294	 0.25927629116790996	 
-0.05958379738984438	 0.982880466357179	 0.1743437981176818	 -0.12063415692831378	 
-0.0014975223204847048	 -0.17474192125844046	 0.9846131313271259	 -0.6443475839899245	 
0.0	 0.0	 0.0	 1.0	 
0	 54	  37
0.8910201195137656	 0.22464762133406266	 -0.3944826901786981	 0.1157598998428782	 
-0.13430927643826923	 0.9605239517862599	 0.24362831589849282	 -0.030320219138962056	 
0.43364059413793804	 -0.16409504646348944	 0.8860184257913832	 -0.2618992637038809	 
0.0	 0.0	 0.0	 1.0	 
1	 2	  37
0.9765401780164579	 -0.06085909261353696	 -0.2065561704860011	 -0.15130693696093184	 
0.11193832578357019	 0.9629109794478423	 0.24550408729707246	 -0.13069531526470143	 
0.18395404844785648	 -0.26286615701731986	 0.9471337242198637	 -0.24145725712468252	 
0.0	 0.0	 0.0	 1.0	 
1	 3	  37
0.9927135200723348	 -0.050509737499728286	 -0.10940124991654951	 -0.21598531136892146	 
0.03796600929319091	 0.9927722963366611	 -0.11384968056512583	 -0.07915096968437389	 
0.11436104758152629	 0.10886658828189827	 0.9874561340899733	 0.004014487516949165	 
0.0	 0.0	 0.0	 1.0	 
1	 10	  37
0.9366237931083105	 -0.14445197464593024	 0.31917001300919895	 -0.11408746186070604	 
0.04915090789685177	 0.9562083252938788	 0.28853046094232493	 -0.3902771042137597	 
-0.346871818452171	 -0.25455699884223765	 0.9027074143398387	 -0.19700856206693818	 
0.0	 0.0	 0.0	 1.0	 
1	 11	  37
0.9203617355524	 0.2546574342538033	 -0.2967892634686143	 -0.4939625808257433	 
-0.14677756230455022	 0.9283791259486536	 0.34142136094091635	 -0.39470021067455147	 
0.36247844478659297	 -0.2706691517001573	 0.891822621031228	 0.18471000207272403	 
0.0	 0.0	 0.0	 1.0	 
1	 35	  37
0.9557408723388873	 -0.10577276311200917	 0.27453871771492133	 -1.7286976360362347	 
0.0680403418248736	 0.9873060298022954	 0.143517648393439	 -0.19284007765405947	 
-0.28623398964004476	 -0.11848597427408553	 0.9508055411465928	 -0.10029316716406375	 
0.0	 0.0	 0.0	 1.0	 
1	 43	  37
0.992564980802568	 0.07247062020463137	 -0.09778940684732979	 0.8925189864412387	 
0.009344229157142265	 0.755682277143462	 0.6548717289612749	 -0.5564693006448819	 
0.12135668199920183	 -0.6509165117113151	 0.7493865828233895	 -0.37218057709901514	 
0.0	 0.0	 0.0	 1.0	 
1	 44	  37
0.9750490497739706	 -0.22090788250174737	 -0.02188739325434428	 0.8475277552931819	 
0.2117318821069337	 0.8958377841739322	 0.39069716475269556	 -0.5052799861773817	 
-0.06670052949063901	 -0.3855831582096572	 0.9202590219447648	 -0.3972331045975838	 
0.0	 0.0	 0.0	 1.0	 
1	 45	  37
0.9895187925588693	 -0.027424251248417707	 -0.1417761249868974	 0.7345238641912648	 
0.05866780800660408	 0.9734696597644333	 0.22116715357805672	 -0.21723321065932963	 
0.13194941256609272	 -0.2271667492428923	 0.9648754430297616	 -0.3897480888333553	 
0.0	 0.0	 0.0	 1.0	 
1	 54	  37
0.854763707544391	 0.14142605557437343	 -0.49937728729853187	 0.4176427929936747	 
-0.024873187820479935	 0.9722156629152937	 0.23276174365608743	 -0.0956295605394979	 
0.518420995709677	 -0.18653518592171675	 0.8345323814092159	 -0.05755529242128314	 
0.0	 0.0	 0.0	 1.0	 
2	 3	  37
0.9930545725858392	 0.09960704497344623	 0.06261830769042973	 -0.02896790390161	 
-0.07022361277438144	 0.9288215566282021	 -0.3638119846179843	 -0.010873734319223118	 
-0.094399470736171	 0.3568878710945787	 0.9293652604817492	 0.2821412515564435	 
0.0	 0.0	 0.0	 1.0	 
2	 10	  37
0.8606792335793614	 -0.055575340712997294	 0.5061053629333294	 0.02536917058609014	 
0.05817000289116451	 0.9982494112925728	 0.010694092653133248	 -0.2568634596901545	 
-0.5058137084430242	 0.02023596695654035	 0.8624053559622927	 -0.014009701293220624	 
0.0	 0.0	 0.0	 1.0	 
2	 11	  37
0.9409992828125746	 0.31790375563077194	 -0.11600668904020586	 -0.21406708599455285	 
-0.3061217564101218	 0.9457719955995403	 0.10864990838489064	 -0.3243917207955076	 
0.14425609172094658	 -0.06672731446352326	 0.9872880256064509	 0.396554932682661	 
0.0	 0.0	 0.0	 1.0	 
2	 34	  37
0.9608246388332128	 -0.02917082932152304	 0.27561762666368095	 -1.6339323027472121	 
0.009997092474120057	 0.9974463132375169	 0.07071711497896564	 0.29669219164807936	 
-0.2769766624701245	 -0.06519137155773758	 0.9586626171502315	 0.05137311931532794	 
0.0	 0.0	 0.0	 1.0	 
2	 35	  37
0.8994150672562131	 -0.020545049108385168	 0.43661245716268304	 -1.4977642330893082	 
0.09244008553874228	 0.9852412746022072	 -0.14406408784220964	 0.02377497391796566	 
-0.42720881004269157	 0.1699339041432045	 0.8880400333569182	 0.41780204515555425	 
0.0	 0.0	 0.0	 1.0	 
2	 43	  37
0.9934142299522646	 -0.022835325969328895	 0.11227963135058516	 0.9001992514677881	 
-0.02669401536991282	 0.9068469927559945	 0.42061379111108604	 -0.35387458564667795	 
-0.11142529906524666	 -0.4208409196089227	 0.9002651404508208	 -0.4241668211238298	 
0.0	 0.0	 0.0	 1.0	 
2	 44	  37
0.9614779955936423	 -0.20160272410406066	 0.18685932040723555	 0.9052318002099807	 
0.18731094488565553	 0.9780386999324953	 0.09140520423037983	 -0.23078341684841477	 
-0.20118318497149495	 -0.05288329668408299	 0.9781250855675611	 -0.4238826421571452	 
0.0	 0.0	 0.0	 1.0	 
2	 45	  37
0.9960945289089022	 0.0417903687387952	 0.07777695390298991	 0.7868269103483029	 
-0.03742592056388477	 0.9976866237787797	 -0.056751222038342576	 -0.03508767805532488	 
-0.07996868104263119	 0.053618707682813016	 0.9953542305323904	 -0.32133627421101607	 
0.0	 0.0	 0.0	 1.0	 
2	 46	  37
0.8361831284198447	 0.3152473380353988	 -0.4487949326893037	 0.5614304996994808	 
-0.31633717931697497	 0.9456863123290591	 0.07488783382663221	 -0.16347069976899556	 
0.44802741515199884	 0.07935057992894744	 0.8904913928484416	 0.1521053298469155	 
0.0	 0.0	 0.0	 1.0	 
2	 53	  37
0.7826319393023001	 0.2883596794681055	 -0.551666514155945	 0.36032166882312316	 
-0.3255418543088076	 0.944982168476848	 0.03211233959051297	 -0.03862289031023652	 
0.5305749227744404	 0.15445839736914513	 0.8334463718830699	 0.07872429296225181	 
0.0	 0.0	 0.0	 1.0	 
2	 54	  37
0.913036253126663	 0.23730486884019658	 -0.33173965650968024	 0.6524848873888981	 
-0.24128962938304804	 0.9699961696303219	 0.02977827487775458	 -0.03722175346529203	 
0.3288527257430215	 0.0528566942519198	 0.9429008721197285	 0.0982492517492288	 
0.0	 0.0	 0.0	 1.0	 
3	 10	  37
0.8867544405821689	 -0.14309311471114514	 0.4395348935295891	 0.03262807910058566	 
-0.03312934496442766	 0.9287589873139819	 0.36920074483366744	 -0.32728772580067006	 
-0.4610520671356237	 -0.34195190305914364	 0.8188405750719717	 -0.15689063351306165	 
0.0	 0.0	 0.0	 1.0	 
3	 35	  37
0.9284328449461086	 -0.10476406808661022	 0.35642242138117347	 -1.4587532006017987	 
0.010895806295862523	 0.966679874210652	 0.25575633364833605	 -0.1302659603802296	 
-0.37134045541852523	 -0.23356907079923953	 0.8986388347581814	 0.043932547077888	 
0.0	 0.0	 0.0	 1.0	 
3	 45	  37
0.9991840564365027	 -0.03663135439560426	 -0.017010738909309233	 0.8646165986486941	 
0.04019834892691182	 0.9427825335445529	 0.3309761127133871	 -0.2068802031196014	 
0.003913324245099884	 -0.33138985850272806	 0.9434857961701889	 -0.4753892694779053	 
0.0	 0.0	 0.0	 1.0	 
3	 54	  37
0.901382365816387	 0.13184252030647034	 -0.41246500510284495	 0.6639909634376397	 
0.01887071165675011	 0.9396573157193019	 0.3415962898755837	 -0.054010831293014344	 
0.432612675307624	 -0.31569238010194933	 0.8445025721149381	 -0.11811824797005596	 
0.0	 0.0	 0.0	 1.0	 
4	 5	  37
0.9348536823534728	 -0.022967146110434357	 0.35428957476856926	 0.2757447732203487	 
0.02277883905230532	 0.9997294688394572	 0.004702512669322072	 -0.005559109934242331	 
-0.3543017316943013	 0.0036741439163333438	 0.9351239402265887	 0.08931472657270174	 
0.0	 0.0	 0.0	 1.0	 
4	 6	  37
0.8977875066456872	 -0.08006176450445157	 0.4330908758855978	 0.36881586078176765	 
-0.005913130984013364	 0.9810592302069352	 0.19361772054164259	 -0.09846498903085708	 
-0.44038917765186564	 -0.1763884936445952	 0.8803093044588957	 -0.28176883811831943	 
0.0	 0.0	 0.0	 1.0	 
4	 9	  37
0.9757204702732502	 0.17884068803363734	 -0.12643406263108425	 0.6871072697794318	 
-0.09170280854828802	 0.8578232112828128	 0.505697471902716	 -0.399163945050583	 
0.19889735743368184	 -0.48182501646147124	 0.8533958604995695	 -0.1670855713811297	 
0.0	 0.0	 0.0	 1.0	 
4	 10	  37
0.8056321134842664	 0.33049254309154175	 -0.4916620553629905	 0.5409473789171478	 
-0.15578526807269374	 0.9189050084392514	 0.36241486685396634	 -0.28506215086906644	 
0.5715661361333384	 -0.21537935004578504	 0.7917852534617332	 -0.26199403571433727	 
0.0	 0.0	 0.0	 1.0	 
4	 18	  37
0.42532916056382447	 -0.23196090843866637	 0.8748081173208105	 -2.419249594950866	 
0.08893735790565968	 0.972631461293303	 0.21465830259092072	 0.10427426688706064	 
-0.9006582323738755	 -0.013497313020114695	 0.4343185133037781	 -0.33891145219582824	 
0.0	 0.0	 0.0	 1.0	 
4	 19	  37
0.9119560993258975	 0.0007897295466326256	 0.41028703273383615	 -2.367573117550367	 
-0.07273103410993398	 0.984471901145546	 0.1597663059977667	 -0.106677231145014	 
-0.4037898829584417	 -0.17554045739405952	 0.8978525927112379	 -0.12967766436709202	 
0.0	 0.0	 0.0	 1.0	 
4	 20	  37
0.579658167504485	 -0.03414027584843536	 0.8141442442284627	 -2.337961050705427	 
0.012654596284727124	 0.9993785981796897	 0.03289800439643858	 -0.03441840978581156	 
-0.8147614804580613	 -0.008766930214748489	 0.5797299982719516	 -0.2607103103929608	 
0.0	 0.0	 0.0	 1.0	 
4	 36	  37
0.9875041991975858	 -0.01998312434560487	 0.15632060423540728	 -0.7204419370461955	 
-0.02223190662079595	 0.9643433497451397	 0.26371887708377434	 -0.008435114529951581	 
-0.15601666223560554	 -0.2638988036041671	 0.9518488443871485	 -0.7892615656498306	 
0.0	 0.0	 0.0	 1.0	 
4	 37	  37
0.765947381111081	 -0.1648490007663635	 0.6214092180804913	 -0.2241009259675868	 
0.002339981000166073	 0.9672756466605068	 0.25371706262373694	 -0.05359118278545808	 
-0.6428990075105069	 -0.19287983389621138	 0.7412679919018325	 -0.10911061847635661	 
0.0	 0.0	 0.0	 1.0	 
5	 6	  37
0.9995017440000583	 -0.02528782700669965	 0.018888873606443583	 0.36377908748561555	 
0.02309763855676149	 0.9938473291812752	 0.10832352178703523	 0.025165342251524732	 
-0.021511923064713112	 -0.107833260567064	 0.993936227874572	 -0.30994778026759023	 
0.0	 0.0	 0.0	 1.0	 
5	 7	  37
0.984544285909684	 0.16228186622747343	 0.06585700400351041	 0.6670230713860499	 
-0.17508478390710946	 0.9210945727891513	 0.34775006315250356	 -0.06835521332691896	 
-0.0042269997386772595	 -0.35390589691625374	 0.9352714839024605	 -0.2763825246452477	 
0.0	 0.0	 0.0	 1.0	 
5	 8	  37
0.9713411046792956	 0.17172135100102348	 -0.16434182660171806	 0.6591072679931008	 
-0.058360710733707674	 0.8425515717741665	 0.5354445595423842	 -0.3123635682284242	 
0.23041372746228128	 -0.5105082041566668	 0.8284267545689685	 -0.12957190474169197	 
0.0	 0.0	 0.0	 1.0	 
5	 9	  37
0.849181375041822	 0.3623327659776753	 -0.38419520947175767	 0.4229305308994438	 
-0.18230000585670578	 0.8839052376623321	 0.4306718457221707	 -0.2722947234284922	 
0.4956386790260883	 -0.2956797212053322	 0.8166491304845744	 -0.17013676562418228	 
0.0	 0.0	 0.0	 1.0	 
5	 37	  37
0.9523132660606137	 -0.10878272169251954	 0.2850715046196903	 -0.2910937836407044	 
0.02614160489946744	 0.9599403371783326	 0.27898237498313166	 -0.0786151577480822	 
-0.3040000983194683	 -0.25822639005166864	 0.917007672652	 -0.3369940781131074	 
0.0	 0.0	 0.0	 1.0	 
5	 38	  37
0.9585945892265565	 -0.12964892416395818	 0.25354993584834074	 0.27167811053065377	 
0.0481552984799998	 0.9513301702085454	 0.30438786848243826	 -0.08132575520903125	 
-0.28067326330427617	 -0.27957479091310844	 0.9181832363706165	 0.1053823067684047	 
0.0	 0.0	 0.0	 1.0	 
5	 39	  37
0.9262019018709537	 0.19831789479372736	 -0.3206556557667609	 0.721170604096063	 
-0.05328994323288649	 0.9108042193654741	 0.409384728508874	 -0.1544157976257101	 
0.3732428417543505	 -0.36208519244872867	 0.8541569495640151	 0.4304989556516285	 
0.0	 0.0	 0.0	 1.0	 
5	 40	  37
0.911696117993855	 0.30244651872136197	 -0.2780940340033632	 1.0492198399165904	 
-0.06557634110944213	 0.7752874831969796	 0.6281950826652436	 -0.32054796247603273	 
0.40559823954454416	 -0.5544866289744261	 0.7266599248389477	 0.4283372497445996	 
0.0	 0.0	 0.0	 1.0	 
5	 41	  37
0.9089687141569534	 0.37599561931620934	 -0.18000880794803992	 0.8597760750984518	 
-0.11115121906676574	 0.6347864888837166	 0.7646512407827868	 -0.5610752041868583	 
0.4017726760045114	 -0.6750358566666691	 0.6187934300155993	 0.5093267104330685	 
0.0	 0.0	 0.0	 1.0	 
6	 7	  37
0.9915648386813823	 0.1275322183135594	 0.023123667156996784	 0.33988899741032796	 
-0.12934218684688487	 0.9621313031045351	 0.23994573196461283	 -0.1025823314277888	 
0.008352807458001151	 -0.24091261668578334	 0.9705108663632663	 0.024840309451209953	 
0.0	 0.0	 0.0	 1.0	 
6	 8	  37
0.9552485810164634	 0.23277845434415043	 -0.18252216210417355	 0.3064974169294898	 
-0.13004308167466297	 0.8846852895481916	 0.44768374480830825	 -0.3732411721764622	 
0.26568580198157166	 -0.40391351753832383	 0.875365595037427	 0.15279652964596846	 
0.0	 0.0	 0.0	 1.0	 
6	 9	  37
0.7830674101468568	 0.4309580600927331	 -0.4484200950080204	 0.15860458020042312	 
-0.2725568955020646	 0.8858751049578261	 0.37541715082057336	 -0.3742311209807054	 
0.5590332457736035	 -0.1717569470416516	 0.8111605151033671	 0.17500892481110786	 
0.0	 0.0	 0.0	 1.0	 
6	 37	  37
0.9584720794494268	 -0.04410871121177194	 0.28175467078848815	 -0.6770351292484548	 
0.000695359527724163	 0.9883252941594232	 0.15235691451266173	 -0.04675265047348793	 
-0.28518553503117927	 -0.14583392787663554	 0.9473128712780444	 -0.055895098141870735	 
0.0	 0.0	 0.0	 1.0	 
6	 38	  37
0.9726685579905459	 -0.0307586671952704	 0.23015164715674663	 -0.07755156580179362	 
-0.015135826671637959	 0.9806804040026368	 0.1950303872636093	 -0.17460489234485502	 
-0.23170408509035587	 -0.19318346098358827	 0.9534114365555114	 0.39143785333465336	 
0.0	 0.0	 0.0	 1.0	 
6	 39	  37
0.9106333863141223	 0.2683956737811314	 -0.3141824279390031	 0.3131954541495581	 
-0.1641170444974893	 0.9327143991564425	 0.3211065949363941	 -0.26016573632753437	 
0.37922609540415797	 -0.2408476944083312	 0.8934091765046447	 0.7060972705243996	 
0.0	 0.0	 0.0	 1.0	 
6	 40	  37
0.9029103692401571	 0.3738855623122058	 -0.21204351301817453	 0.5845675684241358	 
-0.18997597041837713	 0.7896498435998208	 0.5834057380300385	 -0.5182672608625611	 
0.3855671093106865	 -0.4864799181849794	 0.7840123043808289	 0.7017459407652212	 
0.0	 0.0	 0.0	 1.0	 
6	 41	  37
0.8714417296201773	 0.45484374862707866	 -0.1835932357453871	 0.475140534593508	 
-0.20125253787617828	 0.6729044725990695	 0.7118265145065651	 -0.7231380465358895	 
0.44731054970231987	 -0.5833667243604448	 0.6779354962192004	 0.7968776964579595	 
0.0	 0.0	 0.0	 1.0	 
7	 8	  37
0.9667518910343796	 0.0827551219406035	 -0.24195530780300378	 0.013188900845415963	 
-0.03681257550247903	 0.9813701311223126	 0.18856696430140918	 -0.293178137074762	 
0.2530525942691054	 -0.17339047128827642	 0.9517878592418083	 0.0575336449848765	 
0.0	 0.0	 0.0	 1.0	 
7	 37	  37
0.9520164934471785	 -0.17869325326134647	 0.24846190340455862	 -0.9610433818458157	 
0.19866224547790143	 0.9783765277450275	 -0.05755590481664497	 -0.03805362817515889	 
-0.23280444245378543	 0.10415417032678476	 0.9669301941594964	 -0.09818961582807247	 
0.0	 0.0	 0.0	 1.0	 
7	 38	  37
0.9517403905506575	 -0.2107111385358918	 0.22313907118967366	 -0.4264753673141509	 
0.21683739891699041	 0.9762030336866652	 -0.003029761024512807	 -0.22268247836363275	 
-0.21719063383441745	 0.05126844173426692	 0.9747819117406435	 0.33073115349810717	 
0.0	 0.0	 0.0	 1.0	 
7	 39	  37
0.9227486099427876	 0.12122254986940816	 -0.3658416272812753	 0.043278784000066975	 
-0.11969109223200491	 0.9924451471073908	 0.026956862267285157	 -0.29286162953566997	 
0.36634552718569136	 0.018913576767673135	 0.9302866393348287	 0.6301983672106909	 
0.0	 0.0	 0.0	 1.0	 
7	 40	  37
0.9225209348809602	 0.20372252823646683	 -0.3277991095096239	 0.3372436385903354	 
-0.10035865297861697	 0.9467433684884219	 0.30594956282942176	 -0.4737664014734414	 
0.3726704515770974	 -0.2493473996498432	 0.8938358959054982	 0.5693885598333012	 
0.0	 0.0	 0.0	 1.0	 
7	 41	  37
0.8996144775937537	 0.29115860740979166	 -0.3254542318589641	 0.2820040613664647	 
-0.11138714604242267	 0.8736284178144791	 0.4736731903786556	 -0.7311085600015198	 
0.4222400921279762	 -0.3898718416584615	 0.8183600990282927	 0.6098693112699674	 
0.0	 0.0	 0.0	 1.0	 
8	 9	  37
0.9434039181334251	 0.2279770721787945	 -0.24086407330958584	 -0.17923814522276624	 
-0.257122883910982	 0.9614948031221818	 -0.0970338401710265	 -0.009757784161047669	 
0.2094680639615511	 0.15347377016878572	 0.9656960867945872	 0.0335045547738865	 
0.0	 0.0	 0.0	 1.0	 
8	 36	  37
0.9999241791310948	 0.01053246649311819	 0.006379901141667847	 -1.4510959193598274	 
-0.007356548698446049	 0.926420930571946	 -0.3764175083460625	 0.7842370294833767	 
-0.009875078746698886	 0.37634203399006866	 0.9264281711346893	 -0.3874639833452364	 
0.0	 0.0	 0.0	 1.0	 
8	 37	  37
0.8634010489802515	 -0.18154803279814183	 0.47072172289679326	 -0.9943372688504011	 
0.317774885622397	 0.9203708385222237	 -0.22789612033900453	 0.2295814290691229	 
-0.39186445448327295	 0.3463492910127326	 0.852340552788323	 0.11432580907660524	 
0.0	 0.0	 0.0	 1.0	 
8	 38	  37
0.8621184293180036	 -0.22450968656465917	 0.4542545701133849	 -0.358009301438269	 
0.3338879118662576	 0.9260370058230155	 -0.17599524469693315	 0.0035919487239588206	 
-0.38114390476544124	 0.30339885379642023	 0.8733146393913077	 0.3741436050448611	 
0.0	 0.0	 0.0	 1.0	 
8	 39	  37
0.9906530901193634	 0.06143354675541682	 -0.12178823576194164	 0.1521015549023857	 
-0.08444869608797867	 0.9773784680703271	 -0.19390654419472717	 -0.09188320141463073	 
0.1071208325490262	 0.20237897490982448	 0.9734309825295536	 0.5213153427466338	 
0.0	 0.0	 0.0	 1.0	 
8	 40	  37
0.9895344213495464	 0.11564929073846723	 -0.08629525199051774	 0.42705725314266746	 
-0.10732813990437967	 0.9896229318158913	 0.09553597860902831	 -0.21907106465120282	 
0.09644842844278691	 -0.08527423043222564	 0.9916783784449006	 0.36353347727204205	 
0.0	 0.0	 0.0	 1.0	 
8	 41	  37
0.9804609934253696	 0.16920883544553653	 -0.10032253175883925	 0.39027819319811746	 
-0.13238517621482893	 0.9447955379498374	 0.29972580234048213	 -0.5034947100073357	 
0.1455005343285941	 -0.2805882418727533	 0.9487359132197172	 0.3754144922961644	 
0.0	 0.0	 0.0	 1.0	 
8	 42	  37
0.5898930085535508	 0.7022198744833653	 -0.39863954437587656	 0.19703962628766222	 
-0.5083759175243374	 0.7065317940181084	 0.4923075771535929	 -0.5376270601817271	 
0.6273596774904558	 -0.08775005368727201	 0.7737698386063855	 0.43458177258515224	 
0.0	 0.0	 0.0	 1.0	 
9	 10	  37
0.9154600652801245	 0.16589147683241423	 -0.36662363097824463	 -0.17176569431841646	 
-0.22650894011513914	 0.9654640114137937	 -0.12873594180609976	 0.030150190442546677	 
0.3326057259357208	 0.20089614376375645	 0.9214196495059266	 -0.014549902337461255	 
0.0	 0.0	 0.0	 1.0	 
9	 20	  37
0.4026082067179209	 -0.04578746268623573	 0.9142265256183155	 -3.084676622793265	 
0.4228923744574486	 0.8950790807756329	 -0.14140537041989582	 -0.2402970935909302	 
-0.8118304450494084	 0.4435503888157509	 0.3797293523975666	 0.5561944138217809	 
0.0	 0.0	 0.0	 1.0	 
9	 36	  37
0.9359506583056242	 -0.14815010833796513	 0.31944938662754896	 -1.5424904786640379	 
0.21807859333556995	 0.9561458837535065	 -0.19551669010599768	 0.3423294326909936	 
-0.27647439727042966	 0.25265904769209174	 0.9272137365641632	 -0.18678122875112277	 
0.0	 0.0	 0.0	 1.0	 
9	 43	  37
0.6812554549605191	 0.5246108380757898	 -0.5105628988282982	 0.5935722647784416	 
-0.3757439519580588	 0.8491532770474794	 0.3711538692327863	 -0.3557306946245546	 
0.6282575010721934	 -0.06100967671563175	 0.7756096516248222	 0.30378832895850627	 
0.0	 0.0	 0.0	 1.0	 
9	 44	  37
0.7966630082499113	 0.19683558356427033	 -0.5714751126069405	 0.5436481951104392	 
-0.2119626010582415	 0.9764245537094501	 0.04082825817892661	 -0.25385952445882315	 
0.5660387858078512	 0.08860498832579099	 0.8196031045603477	 0.257928709879991	 
0.0	 0.0	 0.0	 1.0	 
9	 45	  37
0.6662620483841304	 0.20136226830518666	 -0.718016796311877	 0.531091333290887	 
-0.3421629888414572	 0.9380629812482563	 -0.054427311882125344	 -0.02249080639285048	 
0.6625853695563034	 0.2819416253670665	 0.6938944789629857	 0.3724853580788508	 
0.0	 0.0	 0.0	 1.0	 
10	 18	  37
-0.14107559195647656	 -0.3148425172415193	 0.9386010157096316	 -2.5041793997574104	 
0.4372212457450053	 0.830799412910445	 0.34439790617372235	 -0.5048431270247534	 
-0.8882202765211535	 0.4589624438281219	 0.020450318628396313	 1.4680564748410247	 
0.0	 0.0	 0.0	 1.0	 
10	 19	  37
0.4273772566526248	 -0.29228013235305234	 0.8555238189131602	 -2.391348751447419	 
0.4299334974733822	 0.8981537557637665	 0.09207072693177461	 -0.8696880755749579	 
-0.7953023753556764	 0.3284694129430049	 0.5095115077351013	 1.7472760768295725	 
0.0	 0.0	 0.0	 1.0	 
10	 20	  37
-0.0341781612758025	 -0.1851653578311156	 0.9821128466480208	 -2.3159041524396304	 
0.4265273336961799	 0.8859974092144984	 0.18188739504216198	 -0.6739816979864265	 
-0.9038286822743742	 0.4251145505913326	 0.048696324026528744	 1.5304100944489334	 
0.0	 0.0	 0.0	 1.0	 
10	 35	  37
0.9991281722768293	 -0.01720244208409586	 -0.038039076606900875	 -1.6358030982945955	 
0.011705347532586686	 0.9900430722259679	 -0.14027722543773008	 0.3720236323588079	 
0.040073435114845464	 0.13970966725216163	 0.989381285791472	 -0.35588180448908385	 
0.0	 0.0	 0.0	 1.0	 
10	 36	  37
0.7044021261199869	 -0.26047231349692423	 0.6602816206886277	 -1.4308406756580603	 
0.30987797437348186	 0.9497539173388583	 0.04408103331004114	 0.07725487786962776	 
-0.6385869445234758	 0.17355595754987305	 0.7497233115510799	 0.34126733340626497	 
0.0	 0.0	 0.0	 1.0	 
10	 43	  37
0.9086724248353447	 0.25988738968287256	 -0.3267613334341709	 0.9454252111452124	 
-0.11428986366025796	 0.9075832869234994	 0.40401782678695763	 -0.1081007377448198	 
0.4015622634266994	 -0.32977435009557543	 0.8543984004026844	 0.08234085829952084	 
0.0	 0.0	 0.0	 1.0	 
10	 44	  37
0.9476013601427996	 -0.04103696650981937	 -0.31680850625446944	 0.9665384340592121	 
0.08159448419912527	 0.9899119430354634	 0.11583041562573898	 -0.1144353291302807	 
0.3088591951096728	 -0.13561088605058488	 0.9413902937574722	 0.06863982701695669	 
0.0	 0.0	 0.0	 1.0	 
10	 45	  37
0.8933454615098301	 0.09170758301345154	 -0.4399131796361855	 0.8178448065667528	 
-0.11465433175469326	 0.9930701196054759	 -0.02580933468051605	 0.13649627822616534	 
0.4344977222145967	 0.07349460364269648	 0.8976693559578214	 0.11550139585004776	 
0.0	 0.0	 0.0	 1.0	 
10	 54	  37
0.573981860088274	 0.24009491115138684	 -0.7828788271046879	 0.5768161103819056	 
-0.2891128033536047	 0.9538980222262864	 0.08057512103495826	 0.15922794612649782	 
0.766132241343898	 0.18009163454193466	 0.6169346739658828	 0.45401778368920664	 
0.0	 0.0	 0.0	 1.0	 
11	 34	  37
0.8491719055846166	 -0.38509593555110627	 0.3613975583589493	 -1.5627802013107022	 
0.3764309612234239	 0.9213267014092058	 0.09724628888981761	 0.09544071983223884	 
-0.3704143709390892	 0.05346241382925916	 0.9273267838843806	 -0.13112908196777134	 
0.0	 0.0	 0.0	 1.0	 
11	 35	  37
0.7462914634304445	 -0.33282466978491754	 0.5764345503120065	 -1.2987848307567558	 
0.4346387188831306	 0.899562474893811	 -0.04331902365649889	 -0.1144192603363451	 
-0.5041212509490908	 0.28286939202657096	 0.8159942839236323	 0.19547311686421862	 
0.0	 0.0	 0.0	 1.0	 
11	 46	  37
0.9432473307465118	 -0.0269048157420141	 -0.33099940170560394	 0.6920760345935645	 
-0.029911747112382647	 0.9857784025028443	 -0.16536695118319047	 0.48613602279920237	 
0.33074122879414997	 0.16588270569540078	 0.9290280768237887	 -0.2897403471174871	 
0.0	 0.0	 0.0	 1.0	 
11	 47	  37
0.7297817816595779	 -0.17421051082473946	 -0.6611121304861642	 0.2967884899033009	 
-0.04861549263578506	 0.9513193387735467	 -0.304348565876761	 0.6972135913910831	 
0.6819494739594356	 0.2542483305621587	 0.6857861921712946	 0.05394085790244901	 
0.0	 0.0	 0.0	 1.0	 
11	 53	  37
0.911714858641365	 -0.019648876746559744	 -0.41035343080709513	 0.418008767583817	 
-0.07867773374113783	 0.9720160105259159	 -0.2213474406778629	 0.5039236701381457	 
0.40321933329878096	 0.23409142855704917	 0.8846555105408012	 -0.3514848552833304	 
0.0	 0.0	 0.0	 1.0	 
11	 54	  37
0.9766406971006802	 -0.06055389315172939	 -0.20617025680458193	 0.7431223957739537	 
0.03358313564379343	 0.9906953081833837	 -0.1318900274613749	 0.5570617473456677	 
0.21223836073393718	 0.12188532466052106	 0.9695869460060664	 -0.37878270677458986	 
0.0	 0.0	 0.0	 1.0	 
12	 13	  37
0.8502219543504453	 0.2869885789220174	 -0.44131642152635664	 -0.13066751936012475	 
-0.27369477813227483	 0.9571019857617753	 0.09511549439492512	 -0.3730858158612244	 
0.4496818839620212	 0.03991671854232387	 0.8922963962816279	 0.7039153556079076	 
0.0	 0.0	 0.0	 1.0	 
12	 32	  37
0.7721764699672666	 -0.4846160564399939	 0.4109632307998354	 -1.5013648517176061	 
0.37657805022069313	 0.8699761205242396	 0.31832455420462685	 -0.44623911056357746	 
-0.5117933873360133	 -0.09104299840263366	 0.8542708593420393	 1.211590241231319	 
0.0	 0.0	 0.0	 1.0	 
12	 33	  37
0.6148220364349911	 -0.5070095799884784	 0.6040986254858038	 -1.77318696780402	 
0.46893783954609175	 0.8508774183160596	 0.23686477501233	 -0.3337159987868402	 
-0.6341065889547073	 0.13765502097527976	 0.7608941641545961	 0.8161963164495251	 
0.0	 0.0	 0.0	 1.0	 
12	 47	  37
0.9442421033496748	 -0.17548457442340454	 0.27858932930250335	 -0.752182049605129	 
0.20191904559699178	 0.9769699865370539	 -0.06898075406219514	 0.5144747258218717	 
-0.2600683550280239	 0.12138702379260133	 0.9579298727818188	 -0.7304930810573863	 
0.0	 0.0	 0.0	 1.0	 
12	 48	  37
0.9903863805633267	 -0.11784088936792628	 -0.07244544145527246	 -0.9189229300691611	 
0.10565447003972593	 0.9824536372407602	 -0.15369444893367326	 0.5066770153281361	 
0.08928577801250238	 0.14456270426834497	 0.98545911857333	 -0.4530035436291934	 
0.0	 0.0	 0.0	 1.0	 
12	 52	  37
0.9971995102021635	 -0.06270297414742101	 0.040761181111836436	 -1.0767069042770498	 
0.0716692392173848	 0.9569472389627672	 -0.2812747802266254	 0.5214550670077712	 
-0.021369534448961468	 0.28340839591409916	 0.9587611924367984	 -0.7226173555664775	 
0.0	 0.0	 0.0	 1.0	 
12	 53	  37
0.7283565967883057	 -0.5589695896114133	 0.39629492275905637	 -0.5119702916919641	 
0.6087761974151964	 0.7933419986714936	 0.00012084955192374581	 0.7598021018744464	 
-0.3144649573094785	 0.24116689456384469	 0.9181232594759701	 -0.9978963757160193	 
0.0	 0.0	 0.0	 1.0	 
13	 14	  37
0.76776946545098	 0.25695744981690855	 -0.5869437084633464	 0.2976413472342872	 
-0.3673118577490512	 0.92710141812413	 -0.07459865728795717	 -0.20082328299555405	 
0.5249876637389251	 0.27286595517912465	 0.8061836784667169	 0.39399586511450235	 
0.0	 0.0	 0.0	 1.0	 
13	 24	  37
0.6519809501188282	 0.26258626260809975	 -0.7113151870807066	 -0.13479947893970787	 
-0.3916770673057786	 0.9198977952757761	 -0.019419608479852923	 -0.31920456769842015	 
0.6492379499296811	 0.2912670611934624	 0.7026048558292411	 0.6590275579080058	 
0.0	 0.0	 0.0	 1.0	 
13	 25	  37
0.9080304445955015	 0.24762360453657545	 -0.3378805442223751	 -0.13272334067391442	 
-0.1728158207224546	 0.9561815346659681	 0.23632935677113387	 -0.2263331007338665	 
0.3815958644898017	 -0.15620314734392246	 0.9110352204849894	 0.7004994139339024	 
0.0	 0.0	 0.0	 1.0	 
13	 26	  37
0.9858356318056007	 -0.046007127989620436	 -0.16128065983433718	 -0.024511210326576313	 
0.03729356870141717	 0.9976975713023328	 -0.05664579376210891	 -0.49187617016959256	 
0.16351543289844292	 0.04982871051485663	 0.9852815855441845	 1.0132469505996784	 
0.0	 0.0	 0.0	 1.0	 
13	 47	  37
0.576050266612063	 -0.3679775603867707	 0.7299031479504465	 -1.59785503033272	 
0.5369253832848633	 0.8436282903330348	 0.0015622209072325922	 0.8412255852887921	 
-0.6163418070523641	 0.3910036097040031	 0.6835487942187198	 -0.7143851096351009	 
0.0	 0.0	 0.0	 1.0	 
13	 48	  37
0.8371785292746504	 -0.28639093946432914	 0.46595315205959487	 -1.5403755627737308	 
0.3805393191571695	 0.9169275965167905	 -0.1201399572221426	 0.5533320685772893	 
-0.39283830859137353	 0.27789208793824877	 0.8766151098198056	 -0.5186548882240578	 
0.0	 0.0	 0.0	 1.0	 
13	 49	  37
0.9980012707004302	 -0.040390967414505506	 0.04860075546373676	 -1.7731850542114387	 
0.05359946498256597	 0.9484265104902279	 -0.312432795258295	 0.4978937883739075	 
-0.0334747820591599	 0.31441330116687	 0.9486957968787687	 -0.36320820514182184	 
0.0	 0.0	 0.0	 1.0	 
13	 51	  37
0.9993141383392843	 0.027754791239313646	 -0.024513761002238267	 -1.8958456993880382	 
-0.035408201495508954	 0.9099778820726917	 -0.4131422435497863	 0.5829205570693209	 
0.010840303596586881	 0.4137268733134938	 0.910336510371947	 -0.47976206470996313	 
0.0	 0.0	 0.0	 1.0	 
13	 52	  37
0.812601548401364	 -0.16060731106281662	 0.5602535275827174	 -1.7586242772781042	 
0.34985742878091836	 0.9032404974808321	 -0.2485083162338515	 0.6335424473206483	 
-0.4661314225221378	 0.3979471011877721	 0.790164287723596	 -0.7050098800657135	 
0.0	 0.0	 0.0	 1.0	 
14	 15	  37
0.9319350325331344	 0.12999505538597667	 -0.338523825915788	 0.20848989871978557	 
-0.12671184335097258	 0.9914270200521963	 0.031883736685353055	 0.0035203292744001497	 
0.33976639606068276	 0.013181406814870558	 0.9404174852810403	 0.043903655220011724	 
0.0	 0.0	 0.0	 1.0	 
14	 16	  37
0.8530193867116734	 0.19747177199821914	 -0.4830764175137554	 0.2974460412328634	 
-0.15598852012523573	 0.979807448326365	 0.12507975772808338	 0.02904818879412364	 
0.4980215933904666	 -0.03134108275188366	 0.8665980781473951	 -0.3206767534656786	 
0.0	 0.0	 0.0	 1.0	 
14	 23	  37
0.8943688320583344	 0.12562575416431596	 -0.42932803557799143	 -0.10746136271694723	 
-0.1156848674915992	 0.9920620159229593	 0.04929470556078901	 0.06899530991134845	 
0.4321127210301284	 0.005579108667206192	 0.901802345234485	 0.155192475531718	 
0.0	 0.0	 0.0	 1.0	 
14	 24	  37
0.9918638362659606	 0.009764236466268035	 -0.12692828681583443	 -0.23120117180790045	 
-0.012929071496716491	 0.9996251214358577	 -0.024134119096815038	 -0.12044395647984721	 
0.1266450528761573	 0.025578824847464196	 0.99161825028658	 0.49564887800962404	 
0.0	 0.0	 0.0	 1.0	 
14	 25	  37
0.9591806488506269	 -0.2531044401483106	 0.12613732694052526	 -0.16006968706402788	 
0.17855143548665228	 0.8879202035476818	 0.42393053324512875	 -0.13473603200631973	 
-0.21929858129077465	 -0.3841039631519746	 0.8968680380829724	 0.5204715116398705	 
0.0	 0.0	 0.0	 1.0	 
14	 26	  37
0.8148685285692399	 -0.36356257184587615	 0.45145491192389714	 0.09498099729347692	 
0.3276624139724214	 0.9313828258877641	 0.1586296760101598	 -0.1529743855179153	 
-0.4781491646099223	 0.018662475562876885	 0.878080342786865	 0.7109466273941165	 
0.0	 0.0	 0.0	 1.0	 
14	 49	  37
0.7122081588181859	 -0.2748266247308584	 0.6459333284882077	 -2.2217310546592106	 
0.3463726527121352	 0.9379401179178966	 0.017155776092083727	 -0.21399001557269848	 
-0.6105616463273551	 0.21151515675999907	 0.763201031507966	 0.5379815114504798	 
0.0	 0.0	 0.0	 1.0	 
14	 51	  37
0.7716495281612086	 -0.13864713973374396	 0.6207527497580941	 -2.4615735432850028	 
0.26286160257705316	 0.9582244477451209	 -0.11273724155832858	 -0.17341405443748217	 
-0.5791897647396808	 0.25016570186020565	 0.7758584523181941	 0.5704625973744594	 
0.0	 0.0	 0.0	 1.0	 
15	 16	  37
0.9892462067105975	 0.05729241925515816	 -0.13457162109666354	 -0.15843816742892164	 
-0.05534446122858676	 0.9983018891711476	 0.01817494672990383	 0.2006609703874678	 
0.135384390237613	 -0.010531703243472284	 0.9907371750907403	 -0.35061222340263354	 
0.0	 0.0	 0.0	 1.0	 
15	 22	  37
0.9248835533998202	 0.19273134314377158	 -0.32778810536765846	 -0.3964176202892617	 
-0.12322542462935944	 0.9674275793858598	 0.22113202700768933	 0.34706228169914033	 
0.35973032590460763	 -0.16412954643699362	 0.9185072588776595	 -0.5571134987890314	 
0.0	 0.0	 0.0	 1.0	 
15	 23	  37
0.994399071975804	 -0.006704966858552877	 -0.10547762356578218	 -0.2519764920916922	 
0.007854073570043254	 0.9999142094305677	 0.01048271468652349	 -0.002848532218981354	 
0.10539828832583362	 -0.011252430771545098	 0.9943664232161681	 0.2013693052662448	 
0.0	 0.0	 0.0	 1.0	 
15	 24	  37
0.9697426737726782	 -0.11527110321369993	 0.21520157859112993	 -0.220419946234539	 
0.1230399900509508	 0.9921348274603526	 -0.023014017217286718	 -0.18535092719746618	 
-0.2108561298906903	 0.04879607467934404	 0.9762984357169728	 0.5623587892762331	 
0.0	 0.0	 0.0	 1.0	 
15	 49	  37
0.41594249749971535	 -0.2994271597042498	 0.8586822548563261	 -2.0659733105332374	 
0.4224392796216085	 0.8997968565584874	 0.10913602503408792	 -0.49678293673678525	 
-0.8053178836996449	 0.31734680234549456	 0.5007535454039383	 1.3062059143666547	 
0.0	 0.0	 0.0	 1.0	 
15	 50	  37
0.6821235249129506	 -0.12592732943897342	 0.7203122964802835	 -2.13384434046966	 
0.3290563477171876	 0.932548118940825	 -0.1485796954060506	 -0.6098862087934501	 
-0.6530156328812938	 0.3383730390564497	 0.6775501971458249	 1.416224788916132	 
0.0	 0.0	 0.0	 1.0	 
15	 51	  37
0.44358138764462707	 -0.17026967399875134	 0.8799112402121168	 -2.301436321046639	 
0.3628463638559434	 0.9318453527471581	 -0.0025989998161239985	 -0.5926954258381413	 
-0.8194986691702354	 0.3204254619718646	 0.4751309867271654	 1.50765650313652	 
0.0	 0.0	 0.0	 1.0	 
16	 17	  37
0.9384513080593235	 0.11636464442309515	 -0.32522055889815904	 -0.2600083832885045	 
-0.11866984988979343	 0.9928510998620798	 0.01281250286995059	 0.15399180211712618	 
0.324386511940429	 0.02656996482770026	 0.9455513882598745	 -0.2959721060627461	 
0.0	 0.0	 0.0	 1.0	 
16	 22	  37
0.9691830975720526	 0.10573523219543532	 -0.22249535737452455	 -0.24157511937566825	 
-0.06283626156999607	 0.9794326651530034	 0.19173747328884555	 0.12928847950512895	 
0.23819262711626302	 -0.1718479418086265	 0.9558935909836365	 -0.15913039819743063	 
0.0	 0.0	 0.0	 1.0	 
16	 23	  37
0.9959084968179484	 -0.08874322517070282	 0.017055965294149048	 0.006228009675227968	 
0.08905742331924792	 0.9958520628694597	 -0.01863985596450277	 -0.18699167852105078	 
-0.0153310572874009	 0.020082551255830427	 0.9996807739561201	 0.5521356947218078	 
0.0	 0.0	 0.0	 1.0	 
16	 24	  37
0.9226353429147472	 -0.19232011483725828	 0.3343007589485405	 0.12113046248956207	 
0.21150525155814795	 0.9771382860219576	 -0.021593947147181262	 -0.39362367828147793	 
-0.3225051202196807	 0.09062970494851345	 0.9422190318673437	 0.9207095502540446	 
0.0	 0.0	 0.0	 1.0	 
16	 48	  37
-0.14057747532467726	 -0.37677879665621844	 0.915573979436742	 -1.740684085953413	 
0.48788807824820035	 0.7783174657536921	 0.39520519430547446	 -0.6321449165058567	 
-0.8615121569279317	 0.5022545777721116	 0.0744119786885172	 1.5363898249078927	 
0.0	 0.0	 0.0	 1.0	 
16	 49	  37
0.26853797851813355	 -0.29716748134579163	 0.9162853497268156	 -1.6758992732107747	 
0.4512939217764799	 0.8791835264884335	 0.15287289792166214	 -0.8487367087635583	 
-0.8510118390839218	 0.3724618299664559	 0.3702040450306289	 1.9892105966473808	 
0.0	 0.0	 0.0	 1.0	 
16	 51	  37
0.3015601194392378	 -0.1000173007495445	 0.9481867083621067	 -1.9048713413048113	 
0.3901075002300739	 0.9203737858467287	 -0.026985784969180086	 -0.7164694275989232	 
-0.8699871450935552	 0.37803258308899107	 0.3165655279638473	 2.216165216102624	 
0.0	 0.0	 0.0	 1.0	 
17	 21	  37
0.9438387349426929	 0.17188941617753398	 -0.28217454000657544	 -0.24188603675622733	 
-0.16327427878678025	 0.9851043027982502	 0.05395389230657632	 0.0399791936945953	 
0.2872454565496773	 -0.004851928948308175	 0.957844719397172	 -0.09154855100122256	 
0.0	 0.0	 0.0	 1.0	 
17	 22	  37
0.9934265453807641	 -0.0744886267176405	 0.08692032801686995	 0.05393204469678118	 
0.05673812069349515	 0.9798948270721635	 0.1912770596213375	 -0.013009939600089084	 
-0.09942074528492806	 -0.18508801248847667	 0.9776798775877789	 0.12963295556070556	 
0.0	 0.0	 0.0	 1.0	 
18	 19	  37
0.7709130113051619	 0.17025516682011946	 -0.6137640484514075	 -0.21924582995129963	 
-0.20770016085615184	 0.9781367146517385	 0.010450389018249401	 -0.18336069784538944	 
0.602124382649247	 0.11942255072371115	 0.7894203456954387	 0.07151074745482074	 
0.0	 0.0	 0.0	 1.0	 
18	 20	  37
0.9901332339478781	 0.024899616748525467	 -0.13789919549327923	 -0.12629249644482396	 
-0.05069287642607363	 0.9810829129236357	 -0.18683294743948423	 -0.09172450631926958	 
0.13063847561713166	 0.19198001733266623	 0.9726650305389727	 0.10809503338948095	 
0.0	 0.0	 0.0	 1.0	 
18	 36	  37
0.5782304364956479	 0.2514923440757361	 -0.7761450658100865	 1.1712319132192988	 
-0.2423036411921948	 0.9613188968636472	 0.13097680709905649	 -0.3238432221005417	 
0.7790625827076127	 0.1123279991994458	 0.6168013560464931	 1.2658115310661258	 
0.0	 0.0	 0.0	 1.0	 
18	 45	  37
-0.5800610498646815	 0.31551291640964574	 -0.7509865365028605	 1.0653914174348433	 
-0.207878498670121	 0.8340743632825579	 0.5109857985359778	 -1.101869760101468	 
0.7876012368073952	 0.45251691249441095	 -0.418225699456628	 3.2939678885988863	 
0.0	 0.0	 0.0	 1.0	 
19	 20	  37
