0	 1	  37
0.9980225873801257	 0.05870477199770277	 -0.022464746243350354	 -0.17639553289129567	 
-0.0568842638012444	 0.9955947452002488	 0.07453377664818364	 -0.044897632350095674	 
0.026741271676396033	 -0.07310850206609788	 0.9969654213235184	 0.502878926948493	 
0.0	 0.0	 0.0	 1.0	 
0	 6	  37
0.09563569518160123	 0.6488992592681402	 -0.7548400924224881	 0.9551122974336301	 
0.8292915460433214	 0.36749071512683623	 0.4209823107407774	 -0.20704233176266995	 
0.5505718349754278	 -0.6662434432073797	 -0.5029814399309037	 4.114658262819812	 
0.0	 0.0	 0.0	 1.0	 
0	 8	  37
0.994907512561986	 0.07115644338582201	 -0.07138488644244817	 0.07957789238865187	 
-0.06761143047258895	 0.9964121262949414	 0.05090745566067588	 -0.2303498327831229	 
0.0747511599720778	 -0.04582177579572561	 0.9961488989833569	 0.2749888372953708	 
0.0	 0.0	 0.0	 1.0	 
0	 9	  37
0.9121916647522756	 0.0106460880928328	 -0.4096254723095108	 0.2376893090954446	 
0.026754251729364513	 0.9959819671597935	 0.08546420950847121	 -0.14303210672909772	 
0.4088894432127979	 -0.08891896254919819	 0.9082416205659709	 -0.10434139993877015	 
0.0	 0.0	 0.0	 1.0	 
0	 10	  37
0.9768050590484493	 0.197574755214483	 0.08255963129334314	 -1.144775413962224	 
-0.205743677654809	 0.9728304521899495	 0.10616237750244925	 0.0020825105204122863	 
-0.05934151769570457	 -0.12068606959312116	 0.9909154640451099	 0.3959353066227469	 
0.0	 0.0	 0.0	 1.0	 
0	 11	  37
0.6902740027542028	 -0.3438406488342556	 0.6366281562505138	 -1.9177139042489841	 
0.3058264197068021	 0.9360589413658101	 0.17396510942840662	 -0.17236931350142115	 
-0.6557377540839093	 0.07461411728591828	 0.751292706853083	 1.3178236924704796	 
0.0	 0.0	 0.0	 1.0	 
0	 27	  37
0.9353890195695248	 0.015444139056283949	 -0.3532829753010649	 1.3677249605257238	 
0.05371934560364114	 0.9812448416652707	 0.18512912416260627	 0.17851926100688367	 
0.3495162570992648	 -0.1921458801903057	 0.9170160013594165	 0.48563315488596237	 
0.0	 0.0	 0.0	 1.0	 
0	 28	  37
0.9906780655889921	 0.08423686153149701	 -0.10705662763311988	 0.8923723894048755	 
-0.0629691147272303	 0.9800613527342211	 0.18845327130946174	 -0.022227953126902768	 
0.12079677541773175	 -0.17995526120703478	 0.976229605683308	 0.7818567372714281	 
0.0	 0.0	 0.0	 1.0	 
1	 2	  37
0.9999354897879628	 -0.006396720794266131	 0.009386065500896306	 -0.0584032056796779	 
0.006053113504241505	 0.9993265631747792	 0.03619088214163528	 0.004275713557987706	 
-0.009611247547102224	 -0.03613173254031932	 0.9993008164833166	 0.8726943229983651	 
0.0	 0.0	 0.0	 1.0	 
1	 6	  37
-0.8964397643509046	 0.16499634693554202	 0.4113051840038253	 -1.2332386467055192	 
-0.16794882643109235	 0.7323913127066135	 -0.6598455552417566	 1.1594579376670957	 
-0.41010844979214134	 -0.6605900170073792	 -0.6288337529421248	 4.150430167735491	 
0.0	 0.0	 0.0	 1.0	 
1	 8	  37
0.9681309114446666	 0.14698190386180882	 -0.20277785441827026	 -0.0959725681293358	 
-0.16267417104905876	 0.9846708863452855	 -0.06293138849168352	 -0.059662494317750794	 
0.19041967434805884	 0.09391254187353054	 0.9772004820404214	 0.19479959759055102	 
0.0	 0.0	 0.0	 1.0	 
1	 9	  37
-0.20024330560691878	 -0.005088482683264897	 -0.9797329870447337	 2.619694326044205	 
0.022019362567466744	 0.9997105579102543	 -0.009692681511841876	 -0.029657232655618097	 
0.9794987321235978	 -0.023513990447171604	 -0.20007330162096507	 2.6549076079189122	 
0.0	 0.0	 0.0	 1.0	 
1	 10	  37
0.972641723800918	 -0.03539339850652264	 -0.22959831110819956	 0.19037626625186682	 
0.0379342225785905	 0.9992580401241855	 0.00666063094081379	 -0.03037244366063146	 
0.22919221600860915	 -0.015188040997121757	 0.9732626837250737	 -1.192209724995836	 
0.0	 0.0	 0.0	 1.0	 
1	 27	  37
0.9202726348895688	 0.0609340012511073	 -0.3865039779419363	 1.652727715957218	 
0.013895691845814384	 0.9820867915135719	 0.1879160548827678	 -0.011349919409646237	 
0.39103092872755846	 -0.17830474313968003	 0.9029408792121202	 0.09308311679126757	 
0.0	 0.0	 0.0	 1.0	 
1	 28	  37
0.9908635423725006	 0.05598482694571375	 -0.12269938691321423	 1.16629528418178	 
-0.0400830893587503	 0.9909075414861137	 0.12843515941285075	 -0.0121542662663614	 
0.12877416800150043	 -0.12234354653108775	 0.9840982015417552	 0.3140528629543025	 
0.0	 0.0	 0.0	 1.0	 
2	 3	  37
0.9997136567325854	 0.008047252589808974	 -0.022535444706496745	 0.22649682262057672	 
-0.0077699486226924545	 0.9998933507673753	 0.012365880057340456	 -0.0227364595339456	 
0.02263255267892857	 -0.012187239923281286	 0.999669564777426	 0.7556845076126473	 
0.0	 0.0	 0.0	 1.0	 
2	 5	  37
0.780595857847038	 -0.11914731044814944	 -0.6135747917939747	 1.0270824717075957	 
0.14199491797129218	 0.9897999135638459	 -0.011557438268428583	 0.01806724870731118	 
0.6086933135679848	 -0.0781028137903799	 0.7895520251988795	 1.8262054906886036	 
0.0	 0.0	 0.0	 1.0	 
2	 8	  37
-0.2683182961388375	 0.31352719415219704	 0.9108819849377865	 -2.1972483831459813	 
-0.47306046830078297	 0.7808096953425219	 -0.4081053944634426	 0.8435658494624944	 
-0.8391776243967628	 -0.5404044024489149	 -0.0611882057723213	 2.8384483082022087	 
0.0	 0.0	 0.0	 1.0	 
3	 4	  37
0.9811316440506171	 -0.013000601785747183	 -0.19290329545070498	 0.44946262967797784	 
0.02392254193191751	 0.9982327278913072	 0.05439791314191607	 -0.06514108891769697	 
0.19185517723024606	 -0.05798625112807562	 0.9797087249024903	 0.5056171861826306	 
0.0	 0.0	 0.0	 1.0	 
3	 5	  37
0.8202988008545534	 0.07752113237456629	 -0.5666571726819899	 0.8168653173528452	 
-0.025159465601353362	 0.9947035551491287	 0.09965861058804266	 -0.15122008401716208	 
0.5713815525611903	 -0.06749304711634967	 0.8179045237579475	 1.0551999057809183	 
0.0	 0.0	 0.0	 1.0	 
3	 6	  37
0.7306672019787008	 0.24123534419452294	 -0.6386947225897243	 0.8534104331950695	 
-0.17370652120282523	 0.9703965988344402	 0.16779894356688188	 -0.24672987600613205	 
0.660266222401409	 -0.011659746219331359	 0.7509411201112061	 0.7611902157709396	 
0.0	 0.0	 0.0	 1.0	 
4	 5	  37
0.9366673516375941	 0.0911683134566226	 -0.3381458427922652	 0.38252847930885564	 
-0.07424591932005459	 0.9952685129558378	 0.06267480022302127	 -0.14134395446964232	 
0.3422598659506196	 -0.033599490176945974	 0.9390043974440767	 0.4015840998537089	 
0.0	 0.0	 0.0	 1.0	 
4	 6	  37
0.7677990682931318	 0.19556633260301892	 -0.6101134323061611	 0.7192611896572623	 
-0.169911498907311	 0.9803304701336288	 0.10041041712217674	 -0.16153228600958874	 
0.6177496849592642	 0.02657026307329162	 0.785925790296352	 0.269524243020085	 
0.0	 0.0	 0.0	 1.0	 
4	 7	  37
0.5178659335975633	 0.1729179607883978	 -0.8378032308698189	 1.1092525696925135	 
-0.1885395139909508	 0.9783467251017075	 0.08538464233585086	 -0.3127358859231597	 
0.8344265854364785	 0.1137412164500944	 0.5392543084642648	 0.2161437544662673	 
0.0	 0.0	 0.0	 1.0	 
5	 6	  37
0.9365533286336861	 0.10486422683329248	 -0.3344717574860656	 0.32514343307326604	 
-0.10320806694364913	 0.9943990503216097	 0.02277330975584778	 -0.014528911564857994	 
0.33498650352352555	 0.013191764481536668	 0.9421305747118848	 -0.22235290793138698	 
0.0	 0.0	 0.0	 1.0	 
5	 7	  37
0.7855639245656063	 0.10405530955074163	 -0.6099686983570403	 0.631413519981983	 
-0.15345593192504764	 0.9877258931264874	 -0.02913480743884186	 -0.05685035306016305	 
0.5994502459571585	 0.11649056872460803	 0.7918897334983701	 -0.41951000800309535	 
0.0	 0.0	 0.0	 1.0	 
5	 8	  37
0.6750109799168827	 0.07714757730979628	 -0.7337631963425797	 0.8371733146792757	 
-0.13398196491462316	 0.9908000406115176	 -0.01908173476998168	 -0.15822217500077215	 
0.7255404951270931	 0.11119141531361254	 0.6791372903112364	 -0.6736086316274511	 
0.0	 0.0	 0.0	 1.0	 
6	 7	  37
0.9511741127147156	 0.008791666887404417	 -0.3085295997059505	 0.2588962786765049	 
-0.03398391973859837	 0.9964999050909262	 -0.07637429117821252	 -0.03915421863541265	 
0.30677825949792065	 0.08313029379904088	 0.9481436883470304	 -0.29717031189781784	 
0.0	 0.0	 0.0	 1.0	 
6	 8	  37
0.894315111175457	 0.04361547959106288	 -0.44530682889808837	 0.33214270493210907	 
-0.09891605434087208	 0.9898851843788034	 -0.10170022586491603	 -0.07591132494740216	 
0.4363669283033071	 0.13500004328659615	 0.889583549868	 -0.6333042450418883	 
0.0	 0.0	 0.0	 1.0	 
7	 8	  37
0.9884729550605226	 0.015004517909302427	 -0.1506521873595849	 -0.020338951737910237	 
-0.02283718794750152	 0.9984681321868759	 -0.05039694290233988	 -0.006698872024771789	 
0.14966522629044	 0.053256487394125196	 0.9873014061520785	 -0.30411275236030977	 
0.0	 0.0	 0.0	 1.0	 
9	 10	  37
0.9862870590510603	 -0.0013579809906287858	 -0.16503330886836162	 0.2520026025528222	 
0.0062568799266201095	 0.9995549385348301	 0.029168069943274942	 -0.028899653215486012	 
0.16492024921759857	 -0.029800683520030246	 0.9858565974114818	 -0.04290148179168781	 
0.0	 0.0	 0.0	 1.0	 
9	 11	  37
0.9996093193999376	 -0.025753942943621468	 0.010860156152212468	 -0.07235022269684115	 
0.024966430828226954	 0.9974206782794672	 0.06729537779243577	 0.0519750671993967	 
-0.01256526563559747	 -0.06699794745650035	 0.9976739894054186	 0.30344234420557453	 
0.0	 0.0	 0.0	 1.0	 
10	 11	  37
0.9960685845236545	 -0.02025797277396022	 0.08623798156341872	 -0.020065245066090014	 
0.017611401567135955	 0.9993536067463554	 0.03134018535190737	 0.09789321684065574	 
-0.08681712653551786	 -0.029698202338530218	 0.9957815038039098	 0.3053128509916978	 
0.0	 0.0	 0.0	 1.0	 
14	 15	  37
0.9946749294333129	 0.04472713759010594	 -0.09285078308678742	 0.17022676614751672	 
-0.04173488770634837	 0.9985526748051711	 0.03392277682586589	 -0.04836475068461435	 
0.09423366651559562	 -0.029867018639876494	 0.9951019934120287	 0.13027566917757696	 
0.0	 0.0	 0.0	 1.0	 
14	 16	  37
0.9955132921669375	 -7.135396738197893e-06	 -0.09462180017327851	 0.02943721225309392	 
0.0050819269778600695	 0.9985607246165623	 0.05339150935717665	 -0.006952417855640827	 
0.09448523237595093	 -0.05363281833291896	 0.9940805106532024	 0.14664753323835267	 
0.0	 0.0	 0.0	 1.0	 
14	 17	  37
0.9097402664418264	 0.1161515115439578	 -0.39859939034124103	 0.3956594776116515	 
-0.1101246069073162	 0.9931883416266378	 0.038072155316434625	 -0.05608093406640134	 
0.4003064058541454	 0.00925982845323759	 0.9163345660888016	 0.7431155891313871	 
0.0	 0.0	 0.0	 1.0	 
15	 16	  37
0.9983058042908023	 -0.026575983171874755	 -0.05176135853842324	 0.03462656103106395	 
0.027708019175578285	 0.9993895957530974	 0.021276784856452072	 0.02307271159898869	 
0.051164311709049094	 -0.022674942533779278	 0.9984328020394906	 0.05142386011649045	 
0.0	 0.0	 0.0	 1.0	 
15	 17	  37
0.9480452952179749	 0.04930901352417756	 -0.3142908516014027	 0.27311140221719277	 
-0.0477006035078962	 0.9987795156772135	 0.01281138121254257	 -0.07301895360635967	 
0.3145389811137007	 0.0028460936146026124	 0.949240290501352	 0.6057134315449869	 
0.0	 0.0	 0.0	 1.0	 
16	 17	  37
0.9718395143256666	 0.10286193399575015	 -0.2120079737413331	 0.10916847265336466	 
-0.11387524094388343	 0.9926742651211056	 -0.04037614229028468	 -0.015924023771042083	 
0.20630169145022625	 0.06338158960555315	 0.9764335032166032	 0.481892049726447	 
0.0	 0.0	 0.0	 1.0	 
17	 18	  37
0.9840321212499213	 -0.1350065719585125	 -0.11599142156379635	 0.4046822745930101	 
0.1286545361201642	 0.9898336537900498	 -0.06064114247229252	 0.4330875072063223	 
0.12299916537962628	 0.04475000952682003	 0.9913973179120791	 0.41195825122717744	 
0.0	 0.0	 0.0	 1.0	 
18	 19	  37
0.8866610183245229	 0.031092693888748617	 -0.46137347449811317	 0.32672231322175876	 
-0.039621978746650445	 0.9991759114706142	 -0.008808901013633985	 0.0402938780815405	 
0.460719369447303	 0.026091039143901214	 0.8871622852063038	 0.5552465314076165	 
0.0	 0.0	 0.0	 1.0	 
19	 20	  37
0.9306704331560847	 0.05864358553524673	 -0.3611280586227503	 0.25871690052906987	 
-0.06746825539575173	 0.997650865570662	 -0.011865282970215841	 -0.019213439195265237	 
0.3595838975300755	 0.03540734813114206	 0.9324407436054047	 0.1204217806507628	 
0.0	 0.0	 0.0	 1.0	 
19	 21	  37
0.8147397958413651	 0.034930540677498415	 -0.5787736365802686	 0.26781627559121796	 
0.05910765126117998	 0.9879802565738987	 0.142833113046522	 -0.34309242588638755	 
0.5768061638321481	 -0.15058177163306163	 0.8028821703195872	 -0.044490735868185735	 
0.0	 0.0	 0.0	 1.0	 
20	 21	  37
0.9102286372675163	 0.005842700215218474	 -0.41406483882637823	 0.4520271165424491	 
0.03432637181693278	 0.9953947238386376	 0.08950443537661538	 -0.06842974094226917	 
0.4126809034787108	 -0.09568284385612774	 0.905836224322917	 -0.2124684233180157	 
0.0	 0.0	 0.0	 1.0	 
21	 22	  37
0.9560418215741443	 0.0246197661492988	 -0.2921949734611209	 -0.05087169345733912	 
-0.015357183628637465	 0.9993054735207463	 0.033951840929061054	 0.04389304299166049	 
0.29282792269895874	 -0.02797208798480807	 0.9557559154834364	 -0.20475684398403457	 
0.0	 0.0	 0.0	 1.0	 
22	 23	  37
0.9939452311369064	 0.046047015655450295	 -0.09976246713783073	 -0.018083920660354542	 
-0.034883267123511176	 0.9932201795656385	 0.11089108430523197	 0.05181760168754499	 
0.10419229901960024	 -0.1067396236307166	 0.9888127312955581	 0.0018747166626803065	 
0.0	 0.0	 0.0	 1.0	 
22	 24	  37
0.9717398081384263	 0.02441213060680703	 -0.23478882673229953	 0.030025191135524446	 
0.005444492632101658	 0.9920555903615446	 0.12568238990560676	 0.015601005326848078	 
0.235991743031557	 -0.12340888749049739	 0.9638869973753583	 0.4018989819558713	 
0.0	 0.0	 0.0	 1.0	 
23	 24	  37
0.9651848280863883	 0.06797534429652298	 -0.25258186831128127	 0.2817746035121621	 
-0.06140824255129709	 0.9975401926876228	 0.033802244296800704	 -0.13639501399284273	 
0.25425828477870555	 -0.017114804717222903	 0.9669849058185349	 0.4662947403587176	 
0.0	 0.0	 0.0	 1.0	 
23	 25	  37
0.9508072039617661	 -0.013645425650005094	 -0.3094825734241564	 0.4578642852361082	 
-0.005364594346460541	 0.998154321836135	 -0.06049108138678849	 -0.027062582852286823	 
0.30973679474984256	 0.05917560442171506	 0.9489791176940712	 0.7493821276528385	 
0.0	 0.0	 0.0	 1.0	 
24	 25	  37
0.990426389974942	 0.018466621541973833	 -0.1368011327805024	 0.36238207744567646	 
-0.016255419691773042	 0.9997188311733156	 0.01726325369396496	 -0.12043411682342435	 
0.1370814625390594	 -0.01487422220767851	 0.9904480956324105	 0.3028014881529853	 
0.0	 0.0	 0.0	 1.0	 
25	 26	  37
0.9746194844850615	 0.06299996609229269	 -0.2148205407647105	 0.2225398426784392	 
-0.06193387149447108	 0.9980117117634165	 0.011696954507963443	 -0.10546809950882037	 
0.21513032334791604	 0.0019045879934979856	 0.9765834918330315	 0.36261940784966457	 
0.0	 0.0	 0.0	 1.0	 
26	 27	  37
0.9448389140709843	 0.08178827000847463	 -0.31715943206246167	 0.30158100254918624	 
-0.07902419482948049	 0.9966388238660667	 0.021592392049427197	 -0.13217101377181859	 
0.31785940773982885	 0.004661936495135542	 0.9481263962465135	 0.36767177982700167	 
0.0	 0.0	 0.0	 1.0	 
26	 28	  37
0.9773450823736342	 0.004141864082103132	 -0.21161151887834506	 0.24191649389657852	 
-0.014082092602168932	 0.9988656004046321	 -0.04548853697623904	 -0.14278347050788934	 
0.21118305951950478	 0.047437930922628865	 0.9762947086212039	 0.7965435750942993	 
0.0	 0.0	 0.0	 1.0	 
27	 28	  37
0.988146225379295	 -0.003522176863107397	 0.1534751821591915	 -0.05657529946605694	 
0.007929583697865733	 0.999573250567793	 -0.02811473726917345	 -0.11543234129147464	 
-0.15331066163522555	 0.02899846581254109	 0.9877524639349109	 0.4225298030333438	 
0.0	 0.0	 0.0	 1.0	 
29	 30	  37
0.977806381274604	 0.015877443096952708	 0.20890808394929708	 0.1683081356961793	 
-0.050800646895341674	 0.9853359087824027	 0.162887817650585	 0.02691581771238869	 
-0.20325839469423782	 -0.1698854133369263	 0.9642743236868139	 0.2523098407701487	 
0.0	 0.0	 0.0	 1.0	 
30	 31	  37
0.954602775636521	 -0.009105582418150968	 0.29774255509731345	 -0.07267231142874088	 
0.018562467388379144	 0.9994084970986498	 -0.028949796743230075	 0.036389428721532474	 
-0.29730283475188374	 0.03316239279432676	 0.9542071474017834	 0.6727855240597664	 
0.0	 0.0	 0.0	 1.0	 
31	 32	  37
0.8272970328311936	 -0.05721044310533405	 0.5588439716668637	 -0.4402833936367882	 
0.05839369356218901	 0.9981695226145844	 0.015741050649127168	 0.011486245465391919	 
-0.5587215728973315	 0.019610439134922733	 0.8291234134048245	 0.2707067620915365	 
0.0	 0.0	 0.0	 1.0	 
31	 33	  37
0.6680088654056806	 -0.099247006345548	 0.7375053813165449	 -0.9542127894422058	 
0.08422750505977968	 0.9947816120682395	 0.05757839596862602	 0.003876470331472955	 
-0.739371275565139	 0.023655359273573037	 0.6728822637332761	 0.1280301329345502	 
0.0	 0.0	 0.0	 1.0	 
31	 34	  37
0.4246181670820755	 -0.01392716803069367	 0.905265400959577	 -1.4213744602953247	 
0.09248817856482	 0.9953180643333925	 -0.028069336247760146	 0.012329793806953263	 
-0.900636080228646	 0.0956450981612376	 0.4239182305446496	 0.36016802652583396	 
0.0	 0.0	 0.0	 1.0	 
31	 35	  37
0.474195577667312	 0.09150374446790716	 0.8756515396372669	 -1.3794848265515085	 
0.12100940354579169	 0.9783713240086934	 -0.16776852091786199	 0.11201653800283833	 
-0.8720638040729903	 0.1855171612164959	 0.4528665416211673	 0.24318114337752558	 
0.0	 0.0	 0.0	 1.0	 
31	 36	  37
0.5914023017616258	 0.10622331899621174	 0.7993496881668752	 -1.3282713480965378	 
0.10829126710153132	 0.9718441252693946	 -0.20926537613497265	 0.04958828399140425	 
-0.7990721612849471	 0.21032261571404	 0.563247794828003	 0.12200321059655087	 
0.0	 0.0	 0.0	 1.0	 
31	 37	  37
0.5258218888552807	 -0.043918161761164566	 0.849460144013941	 -1.357661322670564	 
0.05111160263471558	 0.9984929683464536	 0.019984900269952824	 0.0030279196178548433	 
-0.8490576807713218	 0.032908771326337294	 0.5272741862570319	 0.22883093041623573	 
0.0	 0.0	 0.0	 1.0	 
32	 33	  37
0.9617087495316013	 -0.036707134648199774	 0.27160424764771646	 -0.44049269383829714	 
0.030073517685948223	 0.9991399444453425	 0.028547415780613993	 0.03286704167056168	 
-0.272418546740776	 -0.019286204387520756	 0.9619855392426472	 -0.37564782550061016	 
0.0	 0.0	 0.0	 1.0	 
32	 34	  37
0.8809586105982906	 -0.03909229172314704	 0.4715757830302148	 -0.7740097572063207	 
0.07147580173023599	 0.9961403099098064	 -0.050947941467867644	 0.030746063930320464	 
-0.4677639748631223	 0.07858928489702398	 0.8803525362714786	 -0.4809536704597326	 
0.0	 0.0	 0.0	 1.0	 
32	 35	  37
0.8749984320778154	 0.06959114495289755	 0.4790979194335007	 -0.8136904257888619	 
0.03689332739465882	 0.9771518893522961	 -0.20931571257072193	 0.11381691411342626	 
-0.48271795725362787	 0.2008264367043924	 0.8524389221906169	 -0.510177530955572	 
0.0	 0.0	 0.0	 1.0	 
32	 36	  37
0.9240141183062841	 0.06241967566127192	 0.3772289666250485	 -0.8330330747953332	 
0.04530845293273253	 0.9617590846318693	 -0.2701233185434221	 0.15009225666896236	 
-0.3796643955699598	 0.26668942089706177	 0.8858508336724006	 -0.5414032950665855	 
0.0	 0.0	 0.0	 1.0	 
32	 37	  37
0.8942636916028415	 0.031864784827056986	 0.44640462068484904	 -0.8458833959083241	 
-0.024789669057857837	 0.9994575318699923	 -0.021682119277074124	 0.03819074581480735	 
-0.44685335647039776	 0.008323309213813858	 0.8945684995207863	 -0.5184750272985654	 
0.0	 0.0	 0.0	 1.0	 
33	 34	  37
0.9700904880936532	 -0.018942680991136003	 0.24200334656174746	 -0.3820758595243371	 
0.04718500535906433	 0.9926496806999483	 -0.11144589124573373	 0.08287002983383684	 
-0.23811346072719708	 0.11953152823903346	 0.9638538237603036	 -0.1836943698669055	 
0.0	 0.0	 0.0	 1.0	 
33	 35	  37
0.9718269703774469	 0.023134415784134613	 0.23455732445037744	 -0.34417126449131047	 
0.0344462738585475	 0.9705451355936487	 -0.23844411083683476	 0.10929661845891386	 
-0.23316473546455274	 0.23980604367245073	 0.9424050443168862	 -0.22335982687843786	 
0.0	 0.0	 0.0	 1.0	 
33	 36	  37
0.9936598629405466	 0.0020881926918049683	 0.11240870176394376	 -0.31045204559791767	 
0.02984116812023979	 0.9590667114773439	 -0.281603529134939	 0.09459759833817845	 
-0.10839548637370906	 0.28317253113131363	 0.9529237829682354	 -0.25600524266256713	 
0.0	 0.0	 0.0	 1.0	 
33	 37	  37
0.9793619211600583	 0.05432019446875698	 0.1946780518049135	 -0.37199840275190826	 
-0.04223385291582394	 0.9969446802602254	 -0.06570849388565998	 0.06698582202914803	 
-0.1976525462764508	 0.05613039260252572	 0.9786638084535061	 -0.23865000683294935	 
0.0	 0.0	 0.0	 1.0	 
34	 35	  37
0.9999936261432514	 0.0032355950624661884	 0.0015095023890635015	 0.026187441163103144	 
-0.002998006144429752	 0.9905464846735047	 -0.13714471794465619	 0.05717765817956793	 
-0.001938977057318003	 0.1371393183064328	 0.9905498714059868	 -0.02925229471219909	 
0.0	 0.0	 0.0	 1.0	 
34	 36	  37
0.9910977532041826	 -0.018917687605347278	 -0.13178529769775935	 0.09533961404727485	 
-0.0023762638558237205	 0.9871821213833004	 -0.15958011339529013	 -0.021320994090454383	 
0.13311497648164222	 0.158472648481789	 0.9783490290890355	 -0.06210093908437618	 
0.0	 0.0	 0.0	 1.0	 
34	 37	  37
0.9961618985519992	 0.07904307366402771	 -0.03759872842288438	 -0.005647120432922893	 
-0.07753960907628801	 0.9961907704228242	 0.03989433479424428	 -0.00542089867615507	 
0.04060887707843085	 -0.036825825586427795	 0.998496258216477	 -0.06473376185537175	 
0.0	 0.0	 0.0	 1.0	 
35	 36	  37
0.9909071107775902	 -0.014474403527615165	 -0.13376692211802116	 0.0553172287871641	 
0.010474955034658019	 0.999478221421173	 -0.030554217741433465	 -0.07476227479803217	 
0.1341393794805651	 0.02887518912992275	 0.9905416953996845	 -0.0031125996400412632	 
0.0	 0.0	 0.0	 1.0	 
35	 37	  37
0.9955310055481839	 0.08099948622764866	 -0.048549976550761716	 -0.01674059011194086	 
-0.0714785343774298	 0.9822979086506011	 0.17315206549131726	 -0.04598017139198041	 
0.061715768774901675	 -0.1689079687034088	 0.9836977493076878	 -0.016389230409694394	 
0.0	 0.0	 0.0	 1.0	 
36	 37	  37
0.9955911077067011	 0.052900724401108344	 0.07745876072582535	 -0.041733432802530133	 
-0.0685792876952816	 0.9739094117374751	 0.21632692626756492	 -0.009153357528858987	 
-0.06399396498538294	 -0.22068523078584787	 0.9732434440356881	 0.0193928264397773	 
0.0	 0.0	 0.0	 1.0	 
