0	 1	  37
0.9541934529296503	 0.017264374318480838	 0.2986918073291983	 -0.1823229765556674	 
0.039123942554714235	 0.9825612778459808	 -0.1817763801945906	 -0.10795244544474333	 
-0.29662125936144007	 0.18513583299044062	 0.9368780880337467	 -0.08225121199355277	 
0.0	 0.0	 0.0	 1.0	 
0	 12	  37
0.9922462070291582	 -0.012030342189892126	 -0.12370422588999855	 -0.8511825944450147	 
0.01831221888614101	 0.9985927916510996	 0.049770464152242844	 -0.02960854453534222	 
0.12293139255583038	 -0.05164985313878231	 0.9910702121419173	 0.6201145324166648	 
0.0	 0.0	 0.0	 1.0	 
2	 3	  37
0.6125329935314017	 -0.31417880911664625	 0.7253240708383433	 -0.3312956435185788	 
0.3071838129643573	 0.9401033513030717	 0.14779646112614883	 -0.04615928702022416	 
-0.7283141059241807	 0.13227760494800447	 0.6723549645396252	 0.10792635406292372	 
0.0	 0.0	 0.0	 1.0	 
3	 4	  37
0.8672958112650314	 0.10972236360475228	 0.48555018143042317	 -0.24854995761374088	 
0.12983156849085253	 0.891786660355542	 -0.43342855955176013	 0.06100698433667014	 
-0.48056398074068674	 0.4389505158180081	 0.7591974085030645	 -0.21075697655315276	 
0.0	 0.0	 0.0	 1.0	 
4	 5	  37
0.9781738710931872	 -0.13370647235954486	 0.15905488725510944	 -0.06506979747254749	 
0.03942454489729711	 0.8709872195864156	 0.489721317257853	 0.04926008664148164	 
-0.2040136837817759	 -0.4727619301152447	 0.8572482570781338	 -0.02107377275191365	 
0.0	 0.0	 0.0	 1.0	 
5	 6	  37
0.7919136540754855	 -0.3572159310253442	 0.49524695164181104	 0.06797527073105002	 
0.336405503255662	 0.9320805245361972	 0.13437720476193232	 -0.006529706503193524	 
-0.5096117167688692	 0.06018865675542483	 0.8582966991255774	 0.0424265646325564	 
0.0	 0.0	 0.0	 1.0	 
6	 7	  37
0.800915218999467	 -0.3483887942823679	 0.4869908212620787	 -0.0017823215451831138	 
0.3762592538877769	 0.9255024351014871	 0.043292221992315146	 0.21392591626829177	 
-0.4657937159718343	 0.14856140360031675	 0.8723334932933932	 -0.30882701703754856	 
0.0	 0.0	 0.0	 1.0	 
7	 8	  37
0.8354696683046038	 -0.1050132290855488	 0.5394095429819723	 0.019807793832679374	 
0.25874141137388706	 0.9411336151395027	 -0.2175325274406074	 0.15896924371491788	 
-0.48481266008969187	 0.32130941500596527	 0.8134598603774376	 -0.2628413333547705	 
0.0	 0.0	 0.0	 1.0	 
8	 9	  37
0.9576742066096473	 0.13059721001551355	 0.2565238443707469	 -0.08928088277167921	 
0.022965168832880065	 0.853654166818353	 -0.5203337049376494	 -0.07316439915117823	 
-0.28693677877724305	 0.5042012814440553	 0.814523389949676	 -0.05994247592181048	 
0.0	 0.0	 0.0	 1.0	 
8	 10	  37
0.5795825433196425	 -0.3439777602738411	 0.7387579955006417	 -0.6837441981972224	 
0.32070972776258294	 0.9296716744163888	 0.1812618225282906	 -0.13881922765251148	 
-0.7491524184020122	 0.13187068751174197	 0.6491384873642881	 0.3775927501925913	 
0.0	 0.0	 0.0	 1.0	 
8	 15	  37
0.9119811939941979	 -0.31396211255241935	 0.26404184078008996	 0.185581961269342	 
0.24099779486153994	 0.9308960377230598	 0.2745043347988905	 -0.3603210944299886	 
-0.33197946423354546	 -0.1867092896272917	 0.924623856762348	 0.771219152510716	 
0.0	 0.0	 0.0	 1.0	 
8	 16	  37
0.9534940992251822	 -0.27541985733929936	 0.12244551819465566	 0.9264002190746359	 
0.27710188616122783	 0.9608344797547304	 0.0034127994882142613	 -0.4685063557972744	 
-0.11858982852103182	 0.03067579986987699	 0.9924693687332095	 0.9176354691018919	 
0.0	 0.0	 0.0	 1.0	 
10	 14	  37
0.7627395411570362	 -0.28649655809294006	 0.5797828167136827	 -0.4674966306846324	 
0.31538180754338924	 0.9474678479865657	 0.05328219686132993	 -0.22079011232888374	 
-0.5645907436597042	 0.14221251433190912	 0.8130269939806295	 0.3397821486728788	 
0.0	 0.0	 0.0	 1.0	 
10	 15	  37
0.9080428782014595	 0.23879470694239593	 -0.3441441838588943	 -0.06324659668643137	 
-0.1465476215111971	 0.9507725795698739	 0.273048157963864	 -0.44583086774297337	 
0.39240530829363185	 -0.19750592364368055	 0.898337065999526	 0.7375648077028225	 
0.0	 0.0	 0.0	 1.0	 
10	 16	  37
0.8928122660697064	 0.1912045570053995	 -0.4078321651560165	 -0.032551935347832246	 
-0.20158098418751705	 0.9793094265051697	 0.017836871141174868	 -0.6592681609731981	 
0.40280437481421094	 0.06628623189233038	 0.9128826710437918	 1.1828311404053204	 
0.0	 0.0	 0.0	 1.0	 
11	 12	  37
0.8692995521205311	 -0.010304798243513595	 0.49417820653707933	 -0.2843430626057097	 
0.17388358613616683	 0.9422518400387608	 -0.28622712732373384	 0.036566796750366205	 
-0.46269081161772607	 0.3347465923302748	 0.8208909378034324	 -0.27564842914712373	 
0.0	 0.0	 0.0	 1.0	 
11	 13	  37
0.7982908716661921	 -0.11304493282102387	 0.5915678552608499	 -0.3574392891296388	 
0.3273484196336738	 0.9059158287791702	 -0.26862524700907203	 0.20414786329299583	 
-0.5055439608755775	 0.408089885112139	 0.7601894167188821	 -0.4627091812567224	 
0.0	 0.0	 0.0	 1.0	 
12	 13	  37
0.9875824886932961	 -0.12568801568472437	 0.09425152911010197	 0.1313733486388526	 
0.123785845470234	 0.9919738310343742	 0.025787264380062985	 0.031385603262943006	 
-0.09673620050206258	 -0.013800045515297898	 0.9952143820585599	 -0.23000498440298356	 
0.0	 0.0	 0.0	 1.0	 
14	 15	  37
0.4026241735947684	 0.5878074482917863	 -0.7016952177190824	 0.04091672992973972	 
-0.34303464533035133	 0.8076011455064336	 0.4796953427747427	 -0.15311731185642355	 
0.848658357020192	 0.047568829178329115	 0.5267980633510271	 0.48179371134195426	 
0.0	 0.0	 0.0	 1.0	 
15	 16	  37
0.9995465587984411	 0.02900203808505347	 0.008096825372210702	 0.17853342710889913	 
-0.02720524270707533	 0.9850733878877515	 -0.169971454205104	 -0.4048753381935659	 
-0.01290548578876766	 0.16967410604527056	 0.9854157225122272	 0.354749068654058	 
0.0	 0.0	 0.0	 1.0	 
16	 17	  37
0.6789088371472694	 -0.465640710994449	 0.5676808250310432	 -0.0829177218293702	 
0.41223752660703716	 0.8815460296087803	 0.23008002811610445	 -0.2653232431773348	 
-0.6075714052687586	 0.07781597487392392	 0.7904439648413832	 0.4339503943993048	 
0.0	 0.0	 0.0	 1.0	 
17	 18	  37
0.9628314088011976	 0.17916396007930438	 -0.20212855719715273	 -0.040937116102272665	 
-0.2490887864783433	 0.8783681243554569	 -0.40795124042834174	 -0.283857115665826	 
0.10445312190953153	 0.44313622456867346	 0.8903481520160381	 0.4539696490425903	 
0.0	 0.0	 0.0	 1.0	 
17	 19	  37
0.9280446773804709	 0.20801416890989813	 -0.3089711674549932	 -0.06425821486055616	 
-0.3158361244222151	 0.8791904338054878	 -0.3567516273471954	 -0.5182676541688616	 
0.1974351014782631	 0.42866570499357826	 0.8816263914304213	 0.8665727463061582	 
0.0	 0.0	 0.0	 1.0	 
18	 19	  37
0.9845069633974924	 -0.08543873780363676	 -0.1531217198975029	 0.15552870364556745	 
0.09730884493904998	 0.9926632083101222	 0.07176868094149295	 -0.06815096466689219	 
0.14586647222194576	 -0.08555686383905982	 0.9855977857785335	 0.5463289334563372	 
0.0	 0.0	 0.0	 1.0	 
19	 20	  37
0.7669369579132002	 -0.49489095406328965	 0.4085225161152986	 0.10744559614989752	 
0.354327978496151	 0.8573368443338477	 0.37339686528211696	 -0.09270457630809584	 
-0.5350321357093217	 -0.14162089864849636	 0.8328770226295805	 0.46180777372414045	 
0.0	 0.0	 0.0	 1.0	 
20	 21	  37
-0.8880715982362271	 0.4523411006406727	 0.08195343237069035	 -0.3570390250800924	 
-0.20164484844878772	 -0.5435113381562211	 0.8148219317063691	 -2.551716099241492	 
0.4131200691085076	 0.7070947277181592	 0.5738892354217527	 0.7579581544628896	 
0.0	 0.0	 0.0	 1.0	 
21	 22	  37
0.9443134590686506	 -0.03529608557324692	 0.3271487083346128	 -0.19438196759721066	 
0.1761401528147361	 0.894009377000206	 -0.4119731549532131	 -0.02536887360588362	 
-0.2779329731935392	 0.4466558184764969	 0.8504421451415082	 0.07237014332226235	 
0.0	 0.0	 0.0	 1.0	 
21	 28	  37
0.6108543940749388	 -0.4238497797197724	 0.6687363258197057	 0.037908925011412256	 
0.5415815344069843	 0.8398082303099498	 0.03757097141473933	 -0.47008756702265214	 
-0.5775347182886197	 0.33922485247276746	 0.7425497617238285	 0.5813365115275622	 
0.0	 0.0	 0.0	 1.0	 
22	 23	  37
0.9917965324279808	 0.08745153600782993	 -0.09323018349066595	 -0.04374231551184134	 
-0.12372297230747993	 0.8400666375500238	 -0.5281862082625773	 -0.14992825330967646	 
0.03212887155246147	 0.5353879652413448	 0.8439949420982907	 0.24872160624240724	 
0.0	 0.0	 0.0	 1.0	 
22	 29	  37
0.9680810985419773	 0.14808916534223854	 -0.20220926228537844	 0.013498553847735885	 
-0.1173553855854752	 0.9807002161989764	 0.15638030381529894	 -0.35105138188905766	 
0.22146489590867943	 -0.12765847036338812	 0.9667764037380296	 0.9360537340331683	 
0.0	 0.0	 0.0	 1.0	 
23	 28	  37
0.7630029492188979	 -0.5332953681952494	 0.3652705158437493	 0.08902059191876911	 
0.03841775037018799	 0.6015034096144866	 0.7979459409500378	 0.21670016591967944	 
-0.6452523350905122	 -0.5948022347668521	 0.4794368838299782	 0.4192138265903097	 
0.0	 0.0	 0.0	 1.0	 
23	 29	  37
0.9809386361131058	 0.01571797212405597	 -0.1936810200635751	 0.13122722457613073	 
0.11091832839299377	 0.7731008450271332	 0.624509573861631	 0.19921187708159438	 
0.15955098435003082	 -0.6340883446103067	 0.7566210773050772	 0.7059541382772756	 
0.0	 0.0	 0.0	 1.0	 
23	 30	  37
0.79487839334012	 0.1630626483102658	 -0.5844475276079726	 0.19774131355866434	 
-0.08264213451621565	 0.9833315102353128	 0.1619549893672351	 -0.0033581605085769833	 
0.6011144794493247	 -0.08043453054739626	 0.7951048162927873	 0.6939661385812107	 
0.0	 0.0	 0.0	 1.0	 
24	 27	  37
0.840663949969401	 0.20399982008303358	 0.5016654229941853	 -0.13752061158212484	 
0.17824149803795897	 0.7705031330743657	 -0.6120088972390602	 -0.03596609541376142	 
-0.5113844850980807	 0.6039114134777354	 0.6113729737830209	 -0.1543111308957015	 
0.0	 0.0	 0.0	 1.0	 
24	 28	  37
0.9579796716096307	 -0.16534518445704735	 0.23438412650938675	 0.05909988982898582	 
0.11275099404622099	 0.9684287386520403	 0.2223353131969973	 0.025050089317716868	 
-0.26374639736741856	 -0.18656566707109545	 0.9463778789394985	 0.023954102161527196	 
0.0	 0.0	 0.0	 1.0	 
25	 27	  37
0.9324978836522816	 -0.005642010300005588	 -0.3611313676541941	 0.12090500676309503	 
-0.2610055048146976	 0.6805970207816312	 -0.6845902583002413	 -0.004665714383100529	 
0.24964739822485446	 0.7326362419529496	 0.6331826857523973	 -0.22154764741108893	 
0.0	 0.0	 0.0	 1.0	 
26	 27	  37
0.7575817304925251	 -0.20774281787194193	 -0.6187995178137868	 0.19745261940151695	 
-0.01531066332164602	 0.9420863075409792	 -0.3350208541754589	 0.043789997695268756	 
0.6525607291376038	 0.26327990953817193	 0.7105266947982811	 -0.010999568852749593	 
0.0	 0.0	 0.0	 1.0	 
28	 29	  37
0.6456757540262431	 0.4329736935379805	 -0.628996503461443	 -0.1379554942313304	 
-0.5436751100649685	 0.8390695059196235	 0.01948689127706641	 -0.21032666258134033	 
0.5362090966763682	 0.32938753003093374	 0.7771638564045766	 0.1451940798214606	 
0.0	 0.0	 0.0	 1.0	 
28	 30	  37
0.3939146778052134	 -0.0881704976056746	 -0.9149082959300241	 0.13523342063628468	 
-0.36689338540803274	 0.8975666133039808	 -0.24446557717980066	 -0.34224283844984965	 
0.8427457922490303	 0.4319723811009077	 0.32121549092869767	 0.36606246449898067	 
0.0	 0.0	 0.0	 1.0	 
29	 30	  37
0.9508222446045944	 -0.032775152322645745	 -0.30799813076593213	 0.0656470087692919	 
-0.12765513402901557	 0.8645387484798548	 -0.48608324300773853	 0.008593233821062378	 
0.28220777083757775	 0.50149630284491	 0.8178387569146934	 -0.10808624706481884	 
0.0	 0.0	 0.0	 1.0	 
30	 31	  37
0.9542484364615	 0.2333604534467857	 -0.18695673370566784	 -0.10829048301003538	 
0.02631316928571597	 0.5572811127634789	 0.8299068492784232	 0.22436707953076676	 
0.29785489526432635	 -0.7968567375157267	 0.5256441774079382	 0.5188112551958566	 
0.0	 0.0	 0.0	 1.0	 
31	 32	  37
0.8339649121538317	 0.38842386996239214	 -0.3919558936152013	 -0.13434861114080993	 
-0.44973613195144063	 0.8900145896661772	 -0.07490955745899716	 -0.568528917997255	 
0.31974980361777955	 0.23874866999584604	 0.9169291879210776	 0.04661662226331943	 
0.0	 0.0	 0.0	 1.0	 
31	 33	  37
0.47174769750095613	 0.20102137355656036	 -0.858512968612577	 0.33338300931684967	 
-0.7014142356636895	 0.6755589592937756	 -0.22724031888340804	 -0.3184132588933013	 
0.5342959665867484	 0.7093733148993865	 0.45969263665822063	 0.20363371557919308	 
0.0	 0.0	 0.0	 1.0	 
31	 34	  37
0.9995460725616249	 -0.028199846948300234	 0.010602709970738578	 -0.4333146958305067	 
0.02929235510192049	 0.991949770516577	 -0.1231974460153046	 -0.051024295861979506	 
-0.007043206600274802	 0.1234521016597259	 0.9923255372288785	 -0.039507905127774676	 
0.0	 0.0	 0.0	 1.0	 
32	 33	  37
0.9061203574428535	 0.09638370632458272	 -0.411893285916111	 0.24458732080332687	 
-0.17583733262377535	 0.971409970750218	 -0.15951144530351594	 -0.028773163261902643	 
0.3847429405244367	 0.21696278455577916	 0.8971622037482476	 -0.03358257917714483	 
0.0	 0.0	 0.0	 1.0	 
32	 34	  37
-0.6415774771866409	 -0.39753566207436297	 0.6560058979505623	 -1.369508103961524	 
0.49935548926014334	 0.4327198829080291	 0.750598160324034	 -0.7913280384525186	 
-0.5822563319643578	 0.8091470202102704	 -0.07911171577113296	 2.055663125081076	 
0.0	 0.0	 0.0	 1.0	 
32	 35	  37
-0.5147480558964707	 -0.06362552413843865	 0.8549773281373693	 -1.4478808464307837	 
0.4269315668948036	 0.8457792063528058	 0.3199796419929963	 -0.9820464665767059	 
-0.7434809184771007	 0.5297257090035624	 -0.40819945747283976	 2.069201270268073	 
0.0	 0.0	 0.0	 1.0	 
32	 36	  37
-0.5301799532470749	 -0.29112042184441933	 0.7963404530475997	 -1.2904785878155276	 
0.3889850839068722	 0.7510243388578631	 0.5335288623318079	 -1.0885720365350056	 
-0.7533922097240544	 0.5926308652342003	 -0.28493654714492195	 2.0765663434180417	 
0.0	 0.0	 0.0	 1.0	 
33	 34	  37
0.9223009389437403	 0.21457515128788798	 -0.3214319250996622	 0.09143934420518877	 
-0.0021632697875833603	 0.8345604465988083	 0.5509121356773905	 0.07289785322985731	 
0.38646642582159874	 -0.5074114360384253	 0.7701800674453358	 0.2630393422256233	 
0.0	 0.0	 0.0	 1.0	 
33	 35	  37
0.8222846938135421	 -0.01569166527087729	 -0.5688599598855548	 0.2743473515852726	 
-0.027526872136085172	 0.9973528950160117	 -0.06730136784332544	 -0.00787659283951493	 
0.5684101983870207	 0.07099982002938951	 0.819676077438778	 0.13320818634392723	 
0.0	 0.0	 0.0	 1.0	 
33	 36	  37
0.8439573187370011	 0.15717606537316645	 -0.5128661897844916	 0.12190447021030963	 
-0.12364098062194877	 0.9873629026168589	 0.09913327618339891	 0.0824865457705222	 
0.5219664280977223	 -0.02025297533255883	 0.8527255507659453	 0.07407310760988542	 
0.0	 0.0	 0.0	 1.0	 
34	 35	  37
0.9826523759023416	 0.07254777604757498	 -0.17067843543938035	 0.022924264924180943	 
-0.16074117185171147	 0.7922002627513177	 -0.5887113209107516	 -0.005449321693294674	 
0.09250180433495524	 0.6059336299358985	 0.7901188849201639	 -0.2207205917666922	 
0.0	 0.0	 0.0	 1.0	 
34	 36	  37
0.9856613086736087	 0.11573704619704642	 -0.12278729869743146	 -0.060758058016965516	 
-0.1583115012108044	 0.8861119679597528	 -0.4355950514214738	 0.04689474458684146	 
0.05838881029967097	 0.4487878300222472	 0.8917287874997147	 -0.1491453445445472	 
0.0	 0.0	 0.0	 1.0	 
35	 36	  37
0.9771309177870051	 0.05252630772013409	 -0.20604891774045722	 0.30619162584446935	 
-0.02071521558602571	 0.987915232332137	 0.153604601393847	 0.09227472243458612	 
0.21162714700139082	 -0.1458234573840159	 0.9664106114528247	 0.08092200957261063	 
0.0	 0.0	 0.0	 1.0	 
