0	 1	  37
0.979481993381956	 -0.06019031591417153	 0.1923334357584787	 -0.4783820375113953	 
0.05924085468049598	 0.9981864911505748	 0.010688780156196951	 0.0007592631304969565	 
-0.1926279984250294	 0.0009245294237551289	 0.9812714198773503	 0.11100691482557382	 
0.0	 0.0	 0.0	 1.0	 
0	 2	  37
0.8593600230388534	 -0.026139356305345786	 0.5107025404818379	 -0.6472959632519983	 
0.07115446287649248	 0.9950897512552475	 -0.06879992267093582	 -0.011763582249673632	 
-0.5063964782810192	 0.09546266808921228	 0.8570002834222804	 0.09349907021341435	 
0.0	 0.0	 0.0	 1.0	 
0	 5	  37
0.526341122876776	 -0.032773104699237096	 0.8496416573928007	 -0.5549124978145352	 
0.2571789131703699	 0.958588093716892	 -0.12234325974372394	 0.08652832251123178	 
-0.8104468082417996	 0.28290420674246897	 0.5129728850710269	 -0.12924405704629266	 
0.0	 0.0	 0.0	 1.0	 
0	 6	  37
0.7406412149950773	 -0.1394717407575552	 0.6572657180932782	 -0.7033184576690263	 
0.2359351482640762	 0.9699117213637827	 -0.06004880160961653	 0.10578922069343387	 
-0.6291146131383561	 0.199546702030377	 0.7512628815831216	 0.14460453986728333	 
0.0	 0.0	 0.0	 1.0	 
0	 7	  37
0.7292336972052172	 -0.0016646624985204015	 0.684262700838776	 -0.6242575405377901	 
0.04838183070969869	 0.9976196626902227	 -0.049134581213487884	 -0.027611778907559614	 
-0.6825521323075538	 0.06893647447188461	 0.7275784144474046	 0.39301101510083286	 
0.0	 0.0	 0.0	 1.0	 
0	 34	  37
0.6318838377568521	 0.4082427115065782	 -0.6588328347034822	 0.7233128378679358	 
-0.261409397248637	 0.9124849504013166	 0.314700400891402	 -0.23548499930568806	 
0.72964919146928	 -0.026629002851431396	 0.6833029735010399	 0.5393209247736673	 
0.0	 0.0	 0.0	 1.0	 
0	 35	  37
0.8842396660767855	 0.24614213453479583	 -0.39690586105910497	 1.0076536106312177	 
-0.1804217279325645	 0.9639004814813825	 0.19581588773586794	 -0.2017772347223085	 
0.43077629116078653	 -0.1015377339052467	 0.8967284291061284	 0.5496301694407421	 
0.0	 0.0	 0.0	 1.0	 
0	 36	  37
0.9875833446699168	 0.08062118027432706	 -0.13483086672478165	 0.9389765232026541	 
-0.07058269973739255	 0.9944789518360798	 0.07765112267567537	 -0.054490909568393656	 
0.14034678417535057	 -0.06717022886804988	 0.987821310017886	 0.4126037885189573	 
0.0	 0.0	 0.0	 1.0	 
0	 37	  37
0.984225934528223	 0.17684533141216324	 0.005003854491062858	 0.9392785606396952	 
-0.1755325822068787	 0.9726080698584566	 0.1523871878800611	 -0.17893925703819535	 
0.02208217348521144	 -0.1508617619011847	 0.9883082041601388	 0.3781179604431007	 
0.0	 0.0	 0.0	 1.0	 
0	 38	  37
0.9918784936669943	 -0.042932580249915586	 0.11972404668226624	 0.8994267724494095	 
0.03238427678481138	 0.9955318319400301	 0.08869966297146419	 -0.028288027691798855	 
-0.12299720491953284	 -0.08410211143134981	 0.9888369544241205	 0.3673012245350983	 
0.0	 0.0	 0.0	 1.0	 
0	 45	  37
0.8548607709718135	 -0.14935515363678575	 0.4968964684273862	 0.47551158172486935	 
0.2518629122187455	 0.9567267760616001	 -0.14573588924993144	 -0.3186782055463376	 
-0.4536277501456114	 0.2497336862517907	 0.8554852133432366	 0.038672279164756955	 
0.0	 0.0	 0.0	 1.0	 
0	 46	  37
0.8273407834449069	 -0.15353148414505208	 0.5403103843393967	 0.15420772793578053	 
0.21066868274125136	 0.9765165483905464	 -0.04510140609206223	 -0.06469331438237716	 
-0.5206975457603339	 0.15114070959087372	 0.8402562417164976	 0.23421717500890746	 
0.0	 0.0	 0.0	 1.0	 
0	 47	  37
0.6853164051074925	 -0.43951440213293264	 0.5806621351597445	 -0.3229196660869855	 
0.27448132535301256	 0.8944316924004843	 0.353060829974181	 -0.16395441757627643	 
-0.6745379358664685	 -0.08257746634121645	 0.7336072076592952	 0.43044826413731896	 
0.0	 0.0	 0.0	 1.0	 
0	 48	  37
0.7014350103441626	 -0.42301168483607127	 0.5736288353592711	 -0.5481360189060944	 
0.20861607343226302	 0.8914339179713334	 0.4022746621351946	 0.08227030384990701	 
-0.6815190827623173	 -0.16250133655582102	 0.7135299961798257	 0.2823875461308327	 
0.0	 0.0	 0.0	 1.0	 
0	 49	  37
0.7548831187852983	 -0.3659001464846839	 0.5443055757343194	 -0.5133477995113253	 
0.25663187151055095	 0.9285309059429785	 0.26827306840923176	 -0.01806596441472228	 
-0.6035657043752355	 -0.06282865199253629	 0.7948339455451228	 0.4851123028370107	 
0.0	 0.0	 0.0	 1.0	 
1	 2	  37
0.9495828252283988	 0.027137305215672793	 0.31233959834911057	 -0.10142151184167103	 
0.0002547594691340968	 0.9961797047157502	 -0.08732657676820571	 -0.040454437694152925	 
-0.3135161768216517	 0.0830033889553425	 0.9459482249537036	 -0.042433417097200644	 
0.0	 0.0	 0.0	 1.0	 
1	 3	  37
0.6642522896053292	 -0.17189725717320864	 0.7274752426924267	 -0.2942421183764338	 
0.2232800953831372	 0.9743976267423133	 0.026367859310990054	 -0.026291493395505978	 
-0.7133827126863777	 0.1449158306579194	 0.6856270905273146	 0.03270449961666772	 
0.0	 0.0	 0.0	 1.0	 
1	 5	  37
0.6413518427846231	 -0.009124239587349812	 0.7671926498661986	 -0.1800883116859303	 
0.19837614577896567	 0.9679000352468691	 -0.15432571579290225	 0.022503620350996408	 
-0.7411576880412492	 0.25116980316324206	 0.622574502719384	 -0.20612584408426826	 
0.0	 0.0	 0.0	 1.0	 
1	 6	  37
0.8591513234484367	 -0.1028233405538528	 0.5012847135652025	 -0.24090161025478823	 
0.17482071321209144	 0.9796426712810398	 -0.09868107638937036	 0.11399758464799788	 
-0.48093317794556095	 0.17241692852703128	 0.8596369472681414	 0.006676682009662709	 
0.0	 0.0	 0.0	 1.0	 
1	 7	  37
0.8362151378621142	 0.06273688489007236	 0.5448011806930433	 -0.25241028976585567	 
-0.026395556841301508	 0.9968878387483476	 -0.07428264625526483	 -0.06959869787478024	 
-0.5477659333960829	 0.0477359427469176	 0.8352686765231769	 0.2786628167054076	 
0.0	 0.0	 0.0	 1.0	 
1	 34	  37
0.470269051641224	 0.4448305195107423	 -0.762215735851909	 1.0667547859209299	 
-0.3031456872898052	 0.8925475182756262	 0.3338586825254265	 -0.27563445847884555	 
0.8288242946162087	 0.0740590070945108	 0.5545859285287715	 0.6601772893754226	 
0.0	 0.0	 0.0	 1.0	 
1	 35	  37
0.7572721119474077	 0.3325796085599713	 -0.5620762870258876	 1.3723615351546972	 
-0.2603135598386987	 0.9430151519334498	 0.20726619065355384	 -0.254529074621043	 
0.5989789637631825	 -0.010640826754883728	 0.8006940575370569	 0.7241002593049997	 
0.0	 0.0	 0.0	 1.0	 
1	 36	  37
0.925739637853963	 0.14979361083255122	 -0.3472290268104891	 1.4182472154844337	 
-0.10361295630042108	 0.9835365652590018	 0.14805465235922988	 -0.2509848806211884	 
0.36369008536486136	 -0.10108263427647474	 0.926019342592274	 0.6214012936040678	 
0.0	 0.0	 0.0	 1.0	 
1	 37	  37
0.9445327932424584	 0.20475940959779887	 -0.25677107833780566	 1.4728766395678612	 
-0.17203069583381966	 0.9744704849154155	 0.1442661211776574	 -0.20758446675710698	 
0.27975568301739734	 -0.09209157512973458	 0.9556442327611224	 0.5865182324743122	 
0.0	 0.0	 0.0	 1.0	 
1	 38	  37
0.9976365493399056	 0.06322786718709007	 -0.026898926226469073	 1.2094272114950835	 
-0.061848085017722494	 0.9968643494171169	 0.04935872000800765	 -0.05687824516885221	 
0.029935427185959373	 -0.047578416032483424	 0.9984188322177387	 0.529441233706877	 
0.0	 0.0	 0.0	 1.0	 
1	 45	  37
0.9244210947985517	 -0.11707599066789338	 0.36295847131673054	 0.8160617463300154	 
0.23063383683587504	 0.9295799836042413	 -0.287557102831251	 -0.11664218023031396	 
-0.30373289712806895	 0.3495343566682258	 0.8863250310753497	 0.0815735325915658	 
0.0	 0.0	 0.0	 1.0	 
1	 46	  37
0.9148837955364751	 -0.13534589811581665	 0.38035395163978036	 0.5694337261273386	 
0.1749695277660726	 0.9819790965882697	 -0.07143331307593019	 -0.09407581372495503	 
-0.3638314239013599	 0.13190353189702422	 0.9220781709025541	 0.24772285057073906	 
0.0	 0.0	 0.0	 1.0	 
1	 47	  37
0.8455054881714085	 -0.2991515948778032	 0.4422994378858005	 0.14117588372201134	 
0.19108507929381024	 0.9429862839160644	 0.2725130470591267	 -0.09795292880744207	 
-0.4986050159628424	 -0.14589445372678989	 0.8544634845494887	 0.31770949327643955	 
0.0	 0.0	 0.0	 1.0	 
1	 48	  37
0.8151599471789163	 -0.3506395931779023	 0.46104895207700225	 -0.14185028911639003	 
0.18262543412639723	 0.9109438410237389	 0.36990440563889354	 0.10412696303743103	 
-0.5496928336129292	 -0.21733199073526588	 0.8066006412578873	 0.16103450944873013	 
0.0	 0.0	 0.0	 1.0	 
1	 49	  37
0.8213176694271617	 -0.3035647199768865	 0.4829966321539835	 -0.3276120848418429	 
0.20612111364192925	 0.9473775722183788	 0.24492819798590112	 -0.03447970132897342	 
-0.5319317365957279	 -0.10160805304189427	 0.840669037825998	 0.4529542043883622	 
0.0	 0.0	 0.0	 1.0	 
2	 3	  37
0.8670863349388601	 -0.21322749650431772	 0.4502169726884972	 -0.13771484552611057	 
0.18781957265778976	 0.9769979498581615	 0.1009891781310951	 0.011639056426801374	 
-0.461394728934932	 -0.003006776920541612	 0.8871898688576251	 -0.003082429747515402	 
0.0	 0.0	 0.0	 1.0	 
2	 5	  37
0.8337427174084517	 -0.08291999058874772	 0.5458913411377152	 -0.08794748930271461	 
0.153280139215432	 0.9845588036810564	 -0.08455271146584091	 0.045278894856566915	 
-0.5304510157313956	 0.15416950818787079	 0.8335787201306433	 -0.19746946287031245	 
0.0	 0.0	 0.0	 1.0	 
2	 6	  37
0.9677789782429933	 -0.1377083879441033	 0.21080856045422797	 -0.17406551898107722	 
0.1338809312990774	 0.990467885308296	 0.03239235106323591	 0.02806735881356951	 
-0.21325980752462254	 -0.0031253900154365488	 0.9769905252518124	 0.0006990805326028307	 
0.0	 0.0	 0.0	 1.0	 
2	 7	  37
0.9678639204784817	 0.04645884774571857	 0.2471457199754093	 -0.23321269875988693	 
-0.05644746206554475	 0.9978440166229345	 0.033481375661212856	 -0.07981001058712585	 
-0.24505737177726802	 -0.04635616416344791	 0.9683997060004041	 0.26786984420823384	 
0.0	 0.0	 0.0	 1.0	 
2	 8	  37
0.9842613724529207	 -0.1275721164104843	 0.12229025231653756	 -0.46446080101841314	 
0.12601866793694125	 0.9918183748321978	 0.020386433641453316	 -0.09634807025899915	 
-0.12389045979610976	 -0.0046547244567547216	 0.9922849830123096	 0.7296880695461557	 
0.0	 0.0	 0.0	 1.0	 
2	 35	  37
0.49176052664381925	 0.3737231520356233	 -0.7864493563272537	 1.1741997403776538	 
-0.19992029735166725	 0.92753825169375	 0.31576045723257085	 -0.22106637299979368	 
0.8474688543786221	 0.0019486604269896527	 0.5308415428173703	 1.273259518735442	 
0.0	 0.0	 0.0	 1.0	 
2	 36	  37
0.7635470513233711	 0.2024837298507358	 -0.6131853223627584	 1.200729766514808	 
-0.07218450376926408	 0.9703793955876064	 0.23054983416740146	 -0.1623705399879033	 
0.6417049928362492	 -0.1317731678482595	 0.7555465137264973	 1.1092601106726554	 
0.0	 0.0	 0.0	 1.0	 
2	 37	  37
0.8072248317213585	 0.22510275916413794	 -0.545634327062655	 1.2849345120227942	 
-0.09774242786504987	 0.9626380122779302	 0.25253608675324235	 -0.14612711649001134	 
0.5820949139508692	 -0.1505217762793394	 0.79906739766946	 1.1300028427858722	 
0.0	 0.0	 0.0	 1.0	 
2	 38	  37
0.9111930675640411	 0.14635671324339478	 -0.38510635688316525	 1.1451110160852662	 
-0.05008712042897475	 0.9671911525591349	 0.24906335494902815	 -0.18647278729257982	 
0.4089235551913908	 -0.2076559339386257	 0.8886284595429691	 1.0386645652377797	 
0.0	 0.0	 0.0	 1.0	 
2	 45	  37
0.9927574902060887	 -0.10780715182107407	 0.05301116538933674	 0.7155503392702225	 
0.1164254094164064	 0.9721824589116845	 -0.20323973682981888	 -0.12860209756769841	 
-0.029625827953492022	 0.2079396176794115	 0.9776929097203324	 0.41635460270090324	 
0.0	 0.0	 0.0	 1.0	 
2	 46	  37
0.9912458519426921	 -0.12050972398675477	 0.05393577134928117	 0.561763174343471	 
0.11832613156611528	 0.9920858343260381	 0.042007426941029026	 -0.10895896992316481	 
-0.058571218145127224	 -0.03525767652928609	 0.997660417502244	 0.5186338115313371	 
0.0	 0.0	 0.0	 1.0	 
2	 47	  37
0.9640884274092936	 -0.22012375172864287	 0.14859016811479067	 0.12571603159143357	 
0.15865191528234956	 0.9260358250480718	 0.3424722185882801	 -0.013385478135693551	 
-0.21298608854269593	 -0.3065993878866091	 0.9277034771061489	 0.42410760186061863	 
0.0	 0.0	 0.0	 1.0	 
2	 48	  37
0.9429179183027799	 -0.26583879198224747	 0.20058797576368034	 -0.15371788552022042	 
0.14031016906992871	 0.863374443573194	 0.48466238418124163	 0.04466423058005127	 
-0.30202459469241827	 -0.4288523135790414	 0.8513911188982324	 0.16376921574594375	 
0.0	 0.0	 0.0	 1.0	 
2	 49	  37
0.9557731482123366	 -0.2474045398505441	 0.15902415796859484	 -0.27208927122797016	 
0.17814295603585753	 0.9172280281746318	 0.3563114249440845	 -0.027779456733939042	 
-0.23401447897744804	 -0.31222385878119246	 0.9207352961827282	 0.40412582933588065	 
0.0	 0.0	 0.0	 1.0	 
3	 4	  37
-0.8409536069891929	 0.41118737331054783	 0.35174134661969897	 -1.2509425067627842	 
-0.5286636825791944	 -0.48574146960446624	 -0.6961105770122288	 2.6854316721890705	 
-0.11537652106764147	 -0.7713495762210965	 0.6258658719325277	 1.2826103449092803	 
0.0	 0.0	 0.0	 1.0	 
3	 5	  37
0.9923846103411972	 0.03832025461973493	 0.11706555105507534	 0.03495239607500829	 
-0.012396179522553655	 0.9766226346803187	 -0.21460327155781508	 0.060132689972060026	 
-0.12255251891003482	 0.2115178184360629	 0.9696602975232382	 -0.17513188861570597	 
0.0	 0.0	 0.0	 1.0	 
3	 6	  37
0.9647249850153143	 0.06510499943341945	 -0.25508242263232317	 -0.048441648965538195	 
-0.07349529181303475	 0.9970188926707723	 -0.0234897794554175	 0.04203180271675149	 
0.25279269247452063	 0.04140853422087908	 0.9666339472236432	 -0.024796101016654616	 
0.0	 0.0	 0.0	 1.0	 
3	 7	  37
0.9412876348057557	 0.23288891413821547	 -0.24441837540027703	 -0.18503697277842188	 
-0.24758073604719064	 0.9683786275273596	 -0.030767074715681658	 -0.042733982341718636	 
0.22952422029084255	 0.08947394827407518	 0.9691816366812415	 0.19510758304820744	 
0.0	 0.0	 0.0	 1.0	 
3	 38	  37
0.5069551786598396	 0.5729850917053662	 -0.6439600387550174	 0.4136748949719391	 
-0.3776305991298316	 0.8192035591562864	 0.43162560080064516	 -0.7180061123256478	 
0.7748493901596719	 0.02436418168267511	 0.6316761901640099	 1.5253686209428934	 
0.0	 0.0	 0.0	 1.0	 
3	 39	  37
0.4995296961831884	 0.31489452607103263	 -0.8070387351804329	 1.9923509947729765	 
-0.6853884057614459	 0.7134182021986397	 -0.14586706968828023	 0.42620550304523597	 
0.5298233817782269	 0.6259999250975689	 0.5721986350026733	 1.6933908151257062	 
0.0	 0.0	 0.0	 1.0	 
3	 43	  37
0.8257735191444786	 -0.4013312345921676	 0.3962717946314999	 1.432427575451983	 
0.42110208592770043	 0.9061230276524364	 0.04017576365573115	 -0.03293933288366398	 
-0.37519478715339666	 0.1336947975753278	 0.9172538213571031	 0.6476404724517443	 
0.0	 0.0	 0.0	 1.0	 
3	 45	  37
0.8538223831596723	 -0.05601741469422611	 -0.5175416768401478	 1.642253828693878	 
0.021876184190546627	 0.9971761448099208	 -0.07184127495586898	 -0.6114734790571773	 
0.5201045765812856	 0.050017851543209764	 0.8526367596733108	 0.658001879319573	 
0.0	 0.0	 0.0	 1.0	 
3	 46	  37
0.9304837489874643	 0.12258838338559959	 -0.3452130952457321	 0.22294175553329604	 
-0.12521641780668666	 0.9920195282862471	 0.014768351647786096	 -0.25069216527407123	 
0.3442685602576786	 0.029484635959032158	 0.9384081279808213	 0.6717756404805059	 
0.0	 0.0	 0.0	 1.0	 
3	 47	  37
0.969933642683187	 0.09341784989962061	 -0.22472613134981664	 -0.007748509956197144	 
-0.006923619671694293	 0.9336128060352792	 0.35821668288561326	 -0.187755871006854	 
0.24327102639230347	 -0.34589049383737325	 0.9061892594767238	 0.48246306115039744	 
0.0	 0.0	 0.0	 1.0	 
3	 48	  37
0.98537697945251	 0.1063458084482685	 -0.13312692211018493	 -0.08951759129859811	 
-0.04374819535950966	 0.9130294611965099	 0.40554074812526236	 0.10527911658279211	 
0.16467636068310865	 -0.39378645483649627	 0.9043306498286295	 0.12639658887508262	 
0.0	 0.0	 0.0	 1.0	 
4	 5	  37
-0.847353493307598	 0.4031730282145219	 -0.3456060860282157	 0.5349748947734032	 
-0.3441509603615359	 0.07871235358724799	 0.9356091501663436	 -2.30771865848355	 
0.4044158427431382	 0.9117323481774066	 0.07205519707327887	 2.0408893930272325	 
0.0	 0.0	 0.0	 1.0	 
4	 39	  37
0.5054822484948628	 -0.4044579500199501	 0.7621689203334363	 -0.9676192012087561	 
0.1684936740894687	 0.9125935608470106	 0.372535735859534	 -0.28388971891467096	 
-0.8462254890089332	 -0.059889559743181366	 0.529448451112437	 0.6153881798823537	 
0.0	 0.0	 0.0	 1.0	 
4	 40	  37
0.9898497546679588	 -0.00385027725977486	 -0.1420656135340462	 0.030638352206177367	 
0.034101117245319716	 0.976863758451266	 0.21112629212650666	 -0.35440362480589194	 
0.137965854422038	 -0.21382790460903134	 0.9670796504032685	 1.439262009561716	 
0.0	 0.0	 0.0	 1.0	 
4	 41	  37
0.9328970561490298	 -0.17629197558168017	 0.31404493623362356	 0.054106761003545056	 
0.10457048658802533	 0.9670272262918953	 0.23221403261850185	 -0.3408287167848456	 
-0.34462747418512085	 -0.18379195563384004	 0.9205717902918117	 1.2986865631837563	 
0.0	 0.0	 0.0	 1.0	 
4	 42	  37
0.9275100288398297	 -0.15626365227197497	 0.33956857537198937	 -0.017589165072756863	 
0.22150675382780166	 0.9615140248823311	 -0.1625593367458445	 -0.35569532508744833	 
-0.30109783195866513	 0.2259921479459027	 0.9264273553045536	 1.2000997135343683	 
0.0	 0.0	 0.0	 1.0	 
4	 43	  37
0.9870314072040617	 -0.11069182757486733	 0.11625971142620589	 0.02043826489998828	 
0.10864085768467813	 0.9937948701964483	 0.023852044205089677	 -0.2056106992429929	 
-0.11817853119034076	 -0.010912161992927069	 0.9929324042885969	 1.174214049962424	 
0.0	 0.0	 0.0	 1.0	 
4	 45	  37
0.7826994558245491	 -0.19365874226683433	 0.5915047365791614	 0.03451289746712287	 
0.18852117725142797	 0.9794828973767198	 0.07122513232168531	 -0.8800981379445542	 
-0.5931621427398173	 0.055763296980484794	 0.8031495048433859	 1.3729087281692063	 
0.0	 0.0	 0.0	 1.0	 
4	 46	  37
0.6854112267734471	 -0.2687990173330332	 0.6767263394413683	 -0.37905248962711613	 
0.27952284788171244	 0.9552937358657239	 0.09633719804834721	 -0.34099136608164665	 
-0.6723677771316943	 0.1231298765389834	 0.7299045182614505	 1.4783588312075804	 
0.0	 0.0	 0.0	 1.0	 
4	 47	  37
-0.6505530163597898	 -0.3548512110082338	 -0.6714621292010212	 1.5570390556240148	 
-0.7588042315792741	 0.34045911900777304	 0.5552510481051232	 -0.6901405804655969	 
0.031573898121169515	 0.8707285491646866	 -0.4907493073117813	 3.047558327900736	 
0.0	 0.0	 0.0	 1.0	 
4	 48	  37
0.6814197635076913	 0.6296195482334128	 -0.3731572461891577	 0.9959325811763535	 
-0.43274907265139445	 0.7577854533717697	 0.48835381310838527	 0.11198523094757586	 
0.5902502401697778	 -0.171290487594889	 0.788837260047359	 0.4619234075332649	 
0.0	 0.0	 0.0	 1.0	 
5	 6	  37
0.9404110333259997	 0.012086461921383542	 -0.339824963528207	 -0.1566703100372531	 
0.0331700791821696	 0.9913413274854668	 0.1270516362208699	 0.11760203648041453	 
0.33841813521998637	 -0.1307527814525357	 0.9318674132604119	 0.06380022240758991	 
0.0	 0.0	 0.0	 1.0	 
5	 7	  37
0.9267298305567545	 0.21225237893599183	 -0.3100334639877782	 -0.372690426617589	 
-0.19234541229864985	 0.9768334941180218	 0.09380600799969414	 0.11452362009388467	 
0.3227616202771188	 -0.027299311441654223	 0.946086509823969	 0.2538946467996613	 
0.0	 0.0	 0.0	 1.0	 
5	 38	  37
0.49824455513623545	 0.3720420670801034	 -0.7831583898547335	 0.3508243774121968	 
-0.06709718590800276	 0.9170949614183328	 0.3929819326436445	 -0.09026916872562589	 
0.8644364238741457	 -0.14325338412711575	 0.4819005468100312	 1.7755144860282253	 
0.0	 0.0	 0.0	 1.0	 
5	 39	  37
-0.6650309876331664	 0.1780287249763406	 -0.7252858461123809	 0.5493290411014832	 
-0.24902213016692076	 0.8627285025786408	 0.4400994314078848	 -0.5284224603473072	 
0.704075112594376	 0.47329198590480365	 -0.5294080958046474	 5.000592154994128	 
0.0	 0.0	 0.0	 1.0	 
5	 43	  37
0.3793719324012609	 0.3519190277906674	 -0.8557043501028873	 0.4502954235182173	 
-0.07008917286966342	 0.9331148576744681	 0.3526814004645049	 -0.2517779110328466	 
0.9225857384289982	 -0.07382181429651791	 0.3786633002832341	 1.2937544212600303	 
0.0	 0.0	 0.0	 1.0	 
5	 45	  37
0.8413820664911564	 -0.09189301343415662	 -0.5325710208686363	 0.4170317341375085	 
0.10877686345791161	 0.9940661375345548	 0.000328912435857064	 -0.21604016274137622	 
0.5293805929228331	 -0.05820814624364423	 0.846385254802769	 1.1197187664249746	 
0.0	 0.0	 0.0	 1.0	 
5	 46	  37
0.8841596202921668	 0.035931206237494434	 -0.4658011531363246	 0.12877873980497193	 
0.04174910485916434	 0.986972241831307	 0.15537955495476682	 -0.013363202900891607	 
0.46531578319273625	 -0.1568271094957806	 0.8711409068795525	 0.8944585708743225	 
0.0	 0.0	 0.0	 1.0	 
5	 47	  37
0.9423316666886422	 0.1022895385132031	 -0.31866578144909374	 -0.16519347019566147	 
0.0599303266150558	 0.8851866951914806	 0.46135980601673215	 0.053442764438312904	 
0.3292709915975263	 -0.45385169931018227	 0.8280092083579995	 0.6022978158834429	 
0.0	 0.0	 0.0	 1.0	 
5	 48	  37
0.959135013790075	 0.13606925512867263	 -0.24808301661065144	 -0.18687259751640192	 
0.02863632197452929	 0.8255940441080648	 0.56353743034253	 0.1422989525990497	 
0.28149597934195064	 -0.5476126661628807	 0.7879596318798935	 0.2633218632500176	 
0.0	 0.0	 0.0	 1.0	 
5	 49	  37
0.9353212943467569	 0.1622049581731174	 -0.31442587025492047	 -0.4644727872271448	 
-0.006776627710040304	 0.8967624471622181	 0.4424603831717697	 0.12672861621384274	 
0.3537345808065509	 -0.41171187122025893	 0.839860215415593	 0.35438596952735646	 
0.0	 0.0	 0.0	 1.0	 
6	 7	  37
0.9801221962198416	 0.195263818754353	 0.03510728646111126	 -0.13034067777720706	 
-0.1943419785035879	 0.9805334711997026	 -0.028023333998178947	 -0.037257564690903563	 
-0.03989581266882858	 0.02064347215295233	 0.9989905761262035	 0.24066965420241812	 
0.0	 0.0	 0.0	 1.0	 
6	 35	  37
0.3083358729235324	 0.4651625993818508	 -0.8297907842370891	 0.9827394105550542	 
-0.27126986123453173	 0.8790671746757114	 0.39198668956159777	 -0.3813860145401687	 
0.9117793877107999	 0.10423367279330743	 0.3972325384478674	 1.4387078865963412	 
0.0	 0.0	 0.0	 1.0	 
6	 36	  37
0.5957859960050309	 0.38097738932685876	 -0.7070327261067797	 1.0357155762243035	 
-0.14557193884513442	 0.9169756115064198	 0.3714357798103138	 -0.5087129108316097	 
0.7898404000715349	 -0.11837211125986838	 0.6017808452341429	 1.4084115754755862	 
0.0	 0.0	 0.0	 1.0	 
6	 37	  37
0.6552863451239385	 0.38682103975642124	 -0.6488214616486351	 1.1106511601530333	 
-0.2297225134483234	 0.9203001740927998	 0.31666252759009317	 -0.378007665698829	 
0.7196022322846806	 -0.05845573339308154	 0.6919216390057347	 1.3655114285335463	 
0.0	 0.0	 0.0	 1.0	 
6	 38	  37
0.7764935420738388	 0.32356175083830013	 -0.5407083987807818	 1.0322644149683318	 
-0.19500566125626353	 0.9393641819218485	 0.282077517360573	 -0.3722472120834747	 
0.5991915980682893	 -0.11359017174364412	 0.7925065940972471	 1.3097096004801154	 
0.0	 0.0	 0.0	 1.0	 
6	 39	  37
-0.8628784851717934	 -0.07556563275858144	 -0.4997304823336538	 0.5155806069062442	 
0.5027849196646998	 -0.22901311245151687	 -0.8335228364496258	 2.482353444899908	 
-0.05145915259108437	 -0.9704858728858777	 0.23560374815257817	 1.566502034332501	 
0.0	 0.0	 0.0	 1.0	 
6	 44	  37
0.9897660957093048	 -0.14222404508238684	 0.01163601240811285	 1.0150096456016173	 
0.1426431659141861	 0.983796440732709	 -0.10861625301781866	 0.10603285600200225	 
0.004000375274463356	 0.10916448232853003	 0.9940156501763978	 0.6639940385105505	 
0.0	 0.0	 0.0	 1.0	 
6	 45	  37
0.9776138322371198	 -0.08845288362802238	 -0.19091171361794582	 0.8479230345512273	 
0.05632183783677577	 0.9842437009963968	 -0.16760724218124923	 -0.34207167615926765	 
0.202728995462763	 0.15310265976397494	 0.9671920853542256	 0.6456228535951922	 
0.0	 0.0	 0.0	 1.0	 
6	 46	  37
0.9889035542653902	 0.054893488390008335	 -0.1380451567192941	 0.5345814430424298	 
-0.05113478963755038	 0.9982218966026047	 0.0306313308855814	 -0.24306124889100686	 
0.13948115876347567	 -0.023232521935306845	 0.9899521484771492	 0.6474234349510578	 
0.0	 0.0	 0.0	 1.0	 
6	 47	  37
0.9994761261545826	 -0.001739434750536854	 0.03231791474981925	 0.1017572411672666	 
-0.010639884310504546	 0.9253927621913554	 0.3788601701759008	 -0.24648610563328568	 
-0.030565766944198536	 -0.3790055541157702	 0.9248894657419937	 0.5035170696516188	 
0.0	 0.0	 0.0	 1.0	 
6	 48	  37
0.9976522235735026	 -0.014639710819580492	 0.06690081962103119	 0.023460481479552556	 
-0.015951173120223688	 0.9003424468905185	 0.4348896853263854	 0.035401438309246094	 
-0.06660030686817749	 -0.434935808130709	 0.8979951235562209	 0.18466629310201887	 
0.0	 0.0	 0.0	 1.0	 
6	 49	  37
0.9996968937174602	 0.004360962574712334	 0.024230202167597064	 -0.23591717371673523	 
-0.012354792826203206	 0.940152995674573	 0.3405285653485572	 -0.07109757437589477	 
-0.021295064824561116	 -0.3407247081289336	 0.9399219081841694	 0.35699417758522767	 
0.0	 0.0	 0.0	 1.0	 
7	 37	  37
0.6628301767674807	 0.24277151740129915	 -0.7083206527449707	 1.2291556343639911	 
-0.10607558721976246	 0.9668837169032373	 0.2321289464572729	 -0.13445293188500093	 
0.7412180020495809	 -0.07872654143331492	 0.6666318362571474	 1.113672207733074	 
0.0	 0.0	 0.0	 1.0	 
7	 38	  37
0.7664193668182033	 0.13179597546190697	 -0.6286741405672959	 1.235821487656239	 
-0.034292430493124346	 0.985723632758749	 0.16484219433072533	 -0.036848533706886996	 
0.6414244954605789	 -0.1047794859356489	 0.7599972868045008	 1.1869198817901636	 
0.0	 0.0	 0.0	 1.0	 
7	 39	  37
-0.9122132736068365	 0.3665366337619799	 -0.18307877967130706	 -0.21833970909190817	 
-0.13714396931146797	 -0.6942321175930009	 -0.7065644334268701	 2.052454107974801	 
-0.3860809178617794	 -0.619429304289662	 0.6835560414846992	 0.1834310639998628	 
0.0	 0.0	 0.0	 1.0	 
7	 44	  37
0.9772163823020289	 -0.17444457691323806	 0.12090174418136186	 0.7490790947333026	 
0.152614294154935	 0.9733918918108616	 0.17093010904010322	 -0.3931934352700267	 
-0.14750260804516335	 -0.14858436843232212	 0.9778372390523087	 0.47854847003880263	 
0.0	 0.0	 0.0	 1.0	 
7	 45	  37
0.9373564107388814	 -0.2800620588252443	 -0.20719122195036865	 1.0488203862267684	 
0.2528266734123672	 0.956049786195765	 -0.14848393693011996	 -0.17024796460240996	 
0.23966984052641643	 0.08679890276724024	 0.9669665547579429	 0.46108669302447663	 
0.0	 0.0	 0.0	 1.0	 
7	 46	  37
0.9696534745930525	 -0.15126430861821333	 -0.19207094561092147	 0.6845557849092965	 
0.1570298152395416	 0.987478902002703	 0.015068351780172686	 -0.05714081525504011	 
0.18738670266444898	 -0.04477194476220187	 0.9812653548489091	 0.4416007117014064	 
0.0	 0.0	 0.0	 1.0	 
7	 47	  37
0.9823006146798933	 -0.1631920090122628	 -0.09194493240003035	 0.284059526692739	 
0.1847841171942319	 0.9246279987525289	 0.3330433814920249	 -0.005539791263994909	 
0.03066484032655516	 -0.34413868151870936	 0.9384179428433324	 0.25045683024945686	 
0.0	 0.0	 0.0	 1.0	 
7	 48	  37
0.980863653743953	 -0.1909123746752998	 -0.038196308197275014	 0.0923557805934384	 
0.18641528821030454	 0.8642898186808856	 0.4671749668443624	 0.08486035259557219	 
-0.056176802023009544	 -0.46535532071783603	 0.8833394547930414	 -0.05487143710599953	 
0.0	 0.0	 0.0	 1.0	 
7	 49	  37
0.9753991057991424	 -0.21017621522282773	 -0.0665022026766009	 -0.1524658284526234	 
0.22036605835090062	 0.9214784971752048	 0.3198690037665608	 0.03890128980110201	 
-0.005948506797476984	 -0.3266547685222618	 0.9451250062655979	 0.09787157209179245	 
0.0	 0.0	 0.0	 1.0	 
8	 37	  37
0.708297111239132	 0.34846863166917336	 -0.6139094517540141	 1.6908426859892876	 
-0.20249218071081226	 0.9334139634781563	 0.29620143405287286	 -0.2506772914435563	 
0.676248563001268	 -0.08548675643988865	 0.731696587057851	 0.6337814105371619	 
0.0	 0.0	 0.0	 1.0	 
8	 38	  37
0.8381015656648254	 0.27441191646917923	 -0.4714698990708539	 1.5732822722832667	 
-0.17881036112974927	 0.9547098873985923	 0.237814813785887	 -0.1949361549926305	 
0.5153761930695068	 -0.1150092648575751	 0.8492115452666098	 0.5187884226401593	 
0.0	 0.0	 0.0	 1.0	 
8	 39	  37
-0.11559465485930764	 0.025594426582635974	 -0.9929666666589884	 2.779018055798372	 
0.20990435344842626	 0.9777216249886461	 0.0007657891087615644	 0.7250756683168542	 
0.9708645828185076	 -0.2083395050331715	 -0.11839177535275613	 2.4602077855718747	 
0.0	 0.0	 0.0	 1.0	 
8	 44	  37
0.9856823172248825	 -0.09497136047770822	 0.13932268372091458	 1.3888271479823537	 
0.1000708178704868	 0.9945264653887264	 -0.030048977555611502	 0.056124765958542634	 
-0.13570630391001245	 0.043560880735116506	 0.9897910126631094	 -0.13352995829029715	 
0.0	 0.0	 0.0	 1.0	 
8	 45	  37
0.9833830135449031	 -0.12012211276568031	 -0.13611953091328877	 1.4128407394184528	 
0.0868941480349015	 0.969767295766135	 -0.2280368371551545	 -0.08425769475355542	 
0.15939653606221532	 0.21241956145126362	 0.964090594396719	 -0.10734551730603319	 
0.0	 0.0	 0.0	 1.0	 
8	 46	  37
0.9952711065660707	 -0.031923960322092035	 -0.09174031388708935	 1.102642028085822	 
0.028908444467782905	 0.9990031988037777	 -0.034013388808994106	 0.019218756315933685	 
0.09273470910722319	 0.031200473348527727	 0.995201891170644	 -0.0754553393973152	 
0.0	 0.0	 0.0	 1.0	 
8	 47	  37
0.9937125901049149	 -0.10730502768960427	 0.03195182779615392	 0.6885551509410858	 
0.0942406548205372	 0.9557295782429197	 0.2787466093975096	 0.1350540743457849	 
-0.06044821954349161	 -0.2739828540331397	 0.9598330107106535	 -0.2189830990705679	 
0.0	 0.0	 0.0	 1.0	 
8	 48	  37
0.9821868754814658	 -0.14290456884832367	 0.12201321991583362	 0.4163650317046712	 
0.07503783865833315	 0.8935956664779034	 0.4425563327096311	 0.1559493248693834	 
-0.17227380648676946	 -0.42551741333838083	 0.8884011855824892	 -0.5131206887537615	 
0.0	 0.0	 0.0	 1.0	 
8	 49	  37
0.9929251882879936	 -0.09576517584578702	 0.07020399959032116	 0.2705992909513462	 
0.06922306034350545	 0.9472134762313614	 0.31304120872878544	 0.08299457596095278	 
-0.09647662089818254	 -0.3059667654189344	 0.947141277782329	 -0.31092283855641306	 
0.0	 0.0	 0.0	 1.0	 
8	 50	  37
0.9935915509031267	 0.004958427372995557	 0.11292140617220114	 -0.0707828874086892	 
0.001064314408342807	 0.9985826144323826	 -0.0532130565578444	 -0.023407918532362782	 
-0.11302520607705475	 0.05299222727320374	 0.9921779712530738	 0.05624496234355149	 
0.0	 0.0	 0.0	 1.0	 
8	 51	  37
0.9979955989609651	 0.054496352673759955	 -0.032170359025066465	 -0.2798861923337775	 
-0.055767014047808865	 0.9976414957970324	 -0.0400185707897112	 -0.0642160845624975	 
0.029913618950839087	 0.04173240238851318	 0.9986809210113846	 0.2653165655919197	 
0.0	 0.0	 0.0	 1.0	 
9	 10	  37
0.998340231537012	 -0.05660161144021843	 -0.010632011897837386	 -0.4163421185057058	 
0.05759057648335347	 0.9822160267041338	 0.17870367199881015	 0.021672510761442124	 
0.0003280166767480376	 -0.17901936897418075	 0.9838454949518985	 0.4968685527523546	 
0.0	 0.0	 0.0	 1.0	 
9	 51	  37
0.9979896088423279	 -0.010381451027048641	 -0.06252172516262733	 0.2973496083267348	 
0.019470124869448883	 0.9890090880511213	 0.14656717910179157	 0.028465976756371154	 
0.060312974394454995	 -0.14748982753689	 0.987222921073469	 -0.09138521746217179	 
0.0	 0.0	 0.0	 1.0	 
9	 52	  37
0.989477826619472	 -0.11182870441068199	 0.09180398410871367	 -0.2813438584862361	 
0.09763871919376532	 0.9843509322782883	 0.1466967028840967	 0.027096784534004888	 
-0.10677223956912102	 -0.13618951131673881	 0.9849122325693297	 0.2234732825379881	 
0.0	 0.0	 0.0	 1.0	 
9	 53	  37
0.9824695051283315	 -0.08826572010746421	 0.16420363621674744	 -0.5828888930615271	 
0.06727659079527955	 0.9893248463649321	 0.12926797242924126	 -0.014203263533222722	 
-0.17386066784599552	 -0.11595478006064827	 0.9779197089522381	 0.5577591664876024	 
0.0	 0.0	 0.0	 1.0	 
10	 11	  37
0.981788874469144	 0.001295155616654379	 -0.1899708623461536	 0.1621161429760284	 
-0.01613052397997431	 0.9969339154939978	 -0.07656744957185486	 -0.08632027180136828	 
0.18928922886615598	 0.07823739968669484	 0.9787995183517006	 0.3944710950543743	 
0.0	 0.0	 0.0	 1.0	 
10	 51	  37
0.962831225691775	 0.030070777694362855	 -0.2684246247305381	 1.340556986191974	 
-0.05985011130353514	 0.9928316409342021	 -0.10345673944626989	 0.29621499251186545	 
0.2633894360254952	 0.11567662291385893	 0.9577290451382461	 -0.2633325562922957	 
0.0	 0.0	 0.0	 1.0	 
10	 52	  37
0.9944521449320872	 -0.028572435224170613	 0.10123510944989751	 0.11398938383851333	 
0.032940470366082546	 0.9985852844577733	 -0.04174152700189802	 0.04600996968703131	 
-0.09989923349072001	 0.04484468318261951	 0.993986467482439	 -0.28405535015734323	 
0.0	 0.0	 0.0	 1.0	 
10	 53	  37
0.9858690719967271	 -0.04765925089044896	 0.1605950456423604	 -0.14250474914647238	 
0.05712900613042047	 0.9968577136676183	 -0.054872355151931035	 -0.04926359157293279	 
-0.15747523468425467	 0.06327159319892711	 0.9854939147225661	 0.027512563294987167	 
0.0	 0.0	 0.0	 1.0	 
10	 54	  37
0.9992121505484544	 -0.0016638814425730761	 -0.039652360520860436	 -0.12117630890645857	 
-0.006870980971410839	 0.9767807014523644	 -0.21413138698172193	 -0.1894245030383667	 
0.03908794976487967	 0.21423513430053998	 0.9759997128147153	 0.35831378295324184	 
0.0	 0.0	 0.0	 1.0	 
11	 12	  37
0.9413854587092997	 0.015845511563312806	 -0.33696043965720585	 0.17017404843623887	 
-0.09680635207127858	 0.9695703888734923	 -0.22485949216867862	 -0.11900608061933002	 
0.32314385083014074	 0.2442993671359002	 0.9142734114517748	 0.16563386608723085	 
0.0	 0.0	 0.0	 1.0	 
11	 52	  37
0.9487614612935936	 -0.049243217549174254	 0.3121326562368121	 -0.2401539988155257	 
0.04891423708087803	 0.9987634317012041	 0.008888470466230309	 0.19257876334126217	 
-0.31218437977393887	 0.006834692519645745	 0.9499969473652647	 -0.7133089885615028	 
0.0	 0.0	 0.0	 1.0	 
11	 53	  37
0.9319241580281601	 -0.03374316436462025	 0.36107999465792584	 -0.41574296704257174	 
0.04472474586022146	 0.9987549264933466	 -0.022097373441389713	 0.16236497513860013	 
-0.35988478821873593	 0.03674228713528651	 0.9322729983995164	 -0.33037732062897424	 
0.0	 0.0	 0.0	 1.0	 
11	 54	  37
0.991183589698342	 0.05708966926102902	 0.11956530088773464	 -0.2405270518362332	 
-0.03888488801344874	 0.9880117615615689	 -0.1494012198751616	 -0.04951724685689721	 
-0.12666118978159702	 0.14343475408585996	 0.9815209698847186	 -0.008724478847815843	 
0.0	 0.0	 0.0	 1.0	 
11	 55	  37
0.9955868942791282	 0.06430464910229863	 -0.06834945532680599	 -0.27651664628670486	 
-0.06666248259404965	 0.9972365658049223	 -0.032792456998569745	 -0.17165730084429298	 
0.06605186866424585	 0.03720408479502484	 0.9971223629628045	 0.011445695349728452	 
0.0	 0.0	 0.0	 1.0	 
12	 52	  37
0.8258302437379161	 -0.2068569612107472	 0.5246090030931881	 -0.4339555129514023	 
0.10149353950586006	 0.9696218038103493	 0.2225592483230871	 0.24854505139913205	 
-0.5547102576718284	 -0.13055173370821382	 0.8217376557390037	 -0.8489575619332471	 
0.0	 0.0	 0.0	 1.0	 
12	 54	  37
0.9095989528869547	 -0.023613669986992103	 0.41481578983532075	 -0.36828952777152046	 
-0.012863113167263183	 0.9963046313689026	 0.08492126843447989	 0.05918956949977206	 
-0.415288195385568	 -0.08258011929405433	 0.9059339041402403	 -0.1044604316299455	 
0.0	 0.0	 0.0	 1.0	 
12	 55	  37
0.9750393605120597	 -0.04128376649077077	 0.21816025320064583	 -0.356273648919536	 
0.005782874515180408	 0.9869503981321918	 0.1609206947196362	 0.0028733092543930367	 
-0.2219567611373351	 -0.155642417904131	 0.9625542238930644	 -0.0938241914483227	 
0.0	 0.0	 0.0	 1.0	 
12	 56	  37
0.9540737608733357	 0.07244824755588888	 -0.2906793942457743	 -0.22120925843123135	 
0.0623895841273197	 0.9009871834436246	 0.42933627270793756	 0.03595915256401897	 
0.29300306927646586	 -0.4277538389031766	 0.8550882145709678	 -0.05447010655298088	 
0.0	 0.0	 0.0	 1.0	 
13	 14	  37
0.9667671896350001	 0.0684144835745427	 -0.24633444639853472	 0.1476345187729318	 
-0.09325159327258127	 0.9915115205090961	 -0.09060378054951827	 -0.077506376354882	 
0.23804483064618123	 0.11056384189674648	 0.9649405657695512	 0.11162069570103077	 
0.0	 0.0	 0.0	 1.0	 
13	 15	  37
0.7775848079080017	 0.22022762248047292	 -0.5889496250166684	 0.4342552577153071	 
-0.11647347440477455	 0.970896242826776	 0.20927115287332418	 -0.07493501272254639	 
0.6178962665939618	 -0.09412906013260945	 0.7806048448272632	 0.3109010245930148	 
0.0	 0.0	 0.0	 1.0	 
13	 54	  37
0.8118827026526964	 -0.09849505247335708	 0.5754521715760775	 0.06398402741614466	 
0.1672492002413444	 0.9835935565669475	 -0.06761228067897451	 0.05920748072196408	 
-0.5593515729413687	 0.15113715664340222	 0.8150358137712499	 -0.24340275155700028	 
0.0	 0.0	 0.0	 1.0	 
13	 55	  37
0.033983103860316555	 -0.11809554045617007	 0.9924205721247342	 -1.996118357235249	 
0.22946457858858393	 0.9673889779553434	 0.10725937023719793	 -0.2540709529215827	 
-0.9727235762667539	 0.22408036204648052	 0.05997362353514808	 1.5417593412075261	 
0.0	 0.0	 0.0	 1.0	 
13	 56	  37
0.9686158804205767	 -0.09559799427133203	 0.22944345640782718	 -0.5285332718574126	 
0.0461294398911348	 0.9761828121995839	 0.2119886599359552	 0.0635591760232489	 
-0.2442444492151304	 -0.19475148435226453	 0.9499560560205865	 0.04855132744541777	 
0.0	 0.0	 0.0	 1.0	 
13	 57	  37
0.9625827447970422	 0.019719717576442527	 -0.27026948062572276	 -0.27237530732824233	 
0.04101240870737014	 0.9752592785178203	 0.21722643024484803	 -0.007888718506400254	 
0.26786646253499563	 -0.22018281586810012	 0.9379590000876277	 0.23067017772770856	 
0.0	 0.0	 0.0	 1.0	 
14	 15	  37
0.9227540595349918	 0.11811698464951269	 -0.3668423688030049	 0.24908088987127947	 
-0.01992640874370022	 0.9652242152656972	 0.2606629097115624	 0.051916193248229776	 
0.3848738544591878	 -0.23321790712127138	 0.8930182103135985	 0.11202948200286407	 
0.0	 0.0	 0.0	 1.0	 
14	 18	  37
0.4246102515013827	 0.23166538209820636	 -0.875235559753616	 0.7398127223398857	 
-0.09039875229277783	 0.9727265770028748	 0.21361430658123012	 0.08451261439206526	 
0.9008519300661135	 -0.011582621877751486	 0.43397193799437667	 0.4517067261471843	 
0.0	 0.0	 0.0	 1.0	 
14	 56	  37
0.9174729449137246	 -0.14958723959073797	 0.36860148277368715	 -0.5385507126913366	 
0.04595227703736918	 0.9602548911428698	 0.27531605886921406	 0.20367226867019958	 
-0.39513514597719407	 -0.2356569578599769	 0.8878817571195857	 -0.02467816797960227	 
0.0	 0.0	 0.0	 1.0	 
14	 57	  37
0.9984947236238501	 -0.05482827153127636	 -0.0014654474479182018	 -0.5011059948850318	 
0.05122357311766921	 0.9226312350207595	 0.38226659508924704	 -0.020155177804841606	 
-0.019606949084158793	 -0.3817662436687671	 0.9240509199944829	 0.3330460267186872	 
0.0	 0.0	 0.0	 1.0	 
15	 18	  37
0.7793679177740532	 0.18571223790511282	 -0.5984117423954939	 0.4908429469782778	 
-0.2162268523370494	 0.9761104456949189	 0.021315396634323084	 0.002780197226618608	 
0.5880744825895338	 0.11278015116828645	 0.8009051382214442	 0.04401339989467034	 
0.0	 0.0	 0.0	 1.0	 
15	 56	  37
0.452384701452436	 -0.8910890103500709	 -0.03617260738627027	 0.5808918342475011	 
0.760104058920926	 0.3640369725682166	 0.5382554246965847	 -0.8103850703455955	 
-0.46646532722564027	 -0.2709934653025756	 0.8420051307798416	 0.12905609472774557	 
0.0	 0.0	 0.0	 1.0	 
15	 57	  37
0.8848027778282511	 -0.2064692094584997	 0.41772540010513065	 -0.701821039661085	 
0.1772076818385383	 0.9782131621509702	 0.10815011276928935	 -0.13795500051128223	 
-0.4309541528339424	 -0.021667370402999778	 0.9021136531585129	 0.4571621079622318	 
0.0	 0.0	 0.0	 1.0	 
15	 62	  37
0.16957471232194996	 0.41372221268303583	 -0.8944709876086432	 0.8782681975719573	 
-0.3357245246906529	 0.877579378362526	 0.34226229443816586	 -0.950017849891573	 
0.9265708070418387	 0.2422568170464882	 0.2877119638324783	 2.4542578225883327	 
0.0	 0.0	 0.0	 1.0	 
16	 17	  37
0.994135760648512	 -0.0399653247399422	 -0.10048314395079216	 0.14830414614698223	 
0.031228120419775147	 0.9957126866168905	 -0.08706922651098711	 -0.0634568153629728	 
0.10353209113532227	 0.0834207320071248	 0.99112163107085	 -0.17121431869058093	 
0.0	 0.0	 0.0	 1.0	 
16	 61	  37
