0	 1	  37
0.9804443502155867	 -0.05901710621120104	 0.1877388007439915	 -0.46937349099959114	 
0.058503511507907745	 0.9982528605719867	 0.008280428798686854	 -0.000591262248972973	 
-0.18789948182893024	 0.00286487945677207	 0.9821840851867426	 0.10835221327957804	 
0.0	 0.0	 0.0	 1.0	 
0	 2	  37
0.8532424930191909	 -0.03328121037068671	 0.5204513513698068	 -0.6494314127575684	 
0.0692743611670586	 0.9963510215852801	 -0.049856841765844734	 -0.05386508090120283	 
-0.5168929395835197	 0.07859391084702837	 0.8524345641669377	 0.11673991801246701	 
0.0	 0.0	 0.0	 1.0	 
0	 5	  37
0.4151131221913757	 -0.04655247107098103	 0.9085779896198862	 -0.8431315619522608	 
0.25991845467838326	 0.9631331281409236	 -0.0694044263363665	 -0.031889030601766226	 
-0.8718506137533709	 0.2649668751271832	 0.41190904625075486	 0.009411762712606412	 
0.0	 0.0	 0.0	 1.0	 
0	 6	  37
0.7597664038805825	 -0.12401833360210948	 0.6382589321466045	 -0.660237450108784	 
0.19920159614404825	 0.9788341676069368	 -0.04692969655665614	 0.05640500352074866	 
-0.6189295078020045	 0.1627978048248567	 0.7683899655228309	 0.12052202268708846	 
0.0	 0.0	 0.0	 1.0	 
0	 7	  37
0.6816864765374844	 0.0043262288370357746	 0.7316316227788123	 -0.7579863836725074	 
0.03466512591222387	 0.9986685072876496	 -0.03820394740530468	 -0.06555556801460452	 
-0.730822739623911	 0.051405216621538	 0.6806288466945066	 0.48360188263769416	 
0.0	 0.0	 0.0	 1.0	 
0	 34	  37
0.5969926079037442	 0.414597581440972	 -0.6868105063054751	 0.7986388245768075	 
-0.2821770393566968	 0.9099215470288101	 0.3040047642925758	 -0.19915247232654348	 
0.7509833184353528	 0.012313558218164634	 0.6602063554040001	 0.5773938903876931	 
0.0	 0.0	 0.0	 1.0	 
0	 35	  37
0.8794401827724698	 0.25542078704783266	 -0.40167796363379227	 0.990628456267944	 
-0.19295541639625238	 0.9626946611398025	 0.18970291694190994	 -0.18477888236288573	 
0.4351472994383318	 -0.08932642921770671	 0.8959171930679418	 0.5510635152882379	 
0.0	 0.0	 0.0	 1.0	 
0	 36	  37
0.9903030966034417	 0.0759179143091068	 -0.11634537869889885	 0.9215278222354969	 
-0.06374106470313104	 0.9924241524404456	 0.10503036857678205	 -0.10336854505698434	 
0.12343765036708346	 -0.09659592092743108	 0.9876397999939225	 0.4050058135355678	 
0.0	 0.0	 0.0	 1.0	 
0	 37	  37
0.9841628120695706	 0.16356028862663463	 -0.06834904040062367	 1.0710447218515795	 
-0.15158123743517576	 0.9763916945688075	 0.1538908289492063	 -0.171964319361593	 
0.09190586377884134	 -0.14109319884893473	 0.9857210667534908	 0.4048374971243254	 
0.0	 0.0	 0.0	 1.0	 
0	 38	  37
0.9866572858105334	 0.03168335122350719	 0.15969835820145656	 0.8227785425830602	 
-0.04677651248657464	 0.9946915277079015	 0.09165545584260403	 -0.07555592930684236	 
-0.15594665189283843	 -0.09790265553788705	 0.9829016796211335	 0.3769723694421233	 
0.0	 0.0	 0.0	 1.0	 
0	 45	  37
0.7612870070613409	 -0.17186135183453896	 0.6252245745531685	 0.20486095526482961	 
0.2770113881029953	 0.9580162731379204	 -0.07395614419492816	 -0.4811130185193435	 
-0.586265113869858	 0.22949617894103164	 0.7769328929261703	 0.13930154642118503	 
0.0	 0.0	 0.0	 1.0	 
0	 46	  37
0.8456141117195917	 -0.13913928773511164	 0.5153416659549764	 0.21657306478775368	 
0.19595910542993722	 0.9789402053881114	 -0.05723725424738724	 -0.041970571108310345	 
-0.4965247255271212	 0.14938652175898387	 0.8550712625605946	 0.21993409457742752	 
0.0	 0.0	 0.0	 1.0	 
0	 47	  37
0.6691892015365534	 -0.4090944150198572	 0.62034472041473	 -0.4094248961810444	 
0.24794045763774805	 0.9098983427346676	 0.3325816220946192	 -0.13968941939769913	 
-0.7005079171667176	 -0.06875147626244098	 0.710325201931116	 0.4712798531661124	 
0.0	 0.0	 0.0	 1.0	 
0	 48	  37
0.6743351220316156	 -0.45310219395838447	 0.5830699315045376	 -0.6413839326742211	 
0.22533675509997306	 0.8782164358992183	 0.42185215243908625	 0.06775581269994187	 
-0.7032037329221323	 -0.15308263633271477	 0.6943127655875301	 0.29655727557804296	 
0.0	 0.0	 0.0	 1.0	 
0	 49	  37
0.7530379167319635	 -0.3313830796870241	 0.568435704773308	 -0.5615497871365714	 
0.20598602290923304	 0.9392189298565038	 0.27465898886663154	 -0.04144094935131567	 
-0.6249029159237625	 -0.08973882268197521	 0.7755277489385097	 0.5327465665777045	 
0.0	 0.0	 0.0	 1.0	 
1	 2	  37
0.9540148365792498	 0.011740389916789606	 0.2995293889274815	 -0.06432140827044537	 
0.022406632590263736	 0.9936442779877805	 -0.11031315260705517	 0.026749891684223003	 
-0.29892078282152545	 0.11195182922464594	 0.9476883208790866	 -0.06038906259075775	 
0.0	 0.0	 0.0	 1.0	 
1	 3	  37
0.6965650554419809	 -0.1737598141265509	 0.6961355116152438	 -0.19053143404195277	 
0.24178030835838307	 0.9703309790589129	 0.00027123550361062395	 0.049803418966081356	 
-0.6755289823739882	 0.16812292548394422	 0.717910353665055	 -0.021314021502370665	 
0.0	 0.0	 0.0	 1.0	 
1	 5	  37
0.6208819116458021	 0.001186913050464535	 0.7839032102424802	 -0.28577549196263324	 
0.20137173079189727	 0.9661998799498299	 -0.16095719313783408	 0.032919874757926015	 
-0.7575982298216717	 0.25779135598841374	 0.5996570177599232	 -0.19688762693149323	 
0.0	 0.0	 0.0	 1.0	 
1	 6	  37
0.8562368489346288	 -0.10830121512027455	 0.5051032620464541	 -0.25815315219781376	 
0.1762458677711176	 0.980353790453697	 -0.08856545396864607	 0.08792322959096757	 
-0.4855881512352858	 0.16485536796397776	 0.8585026820187329	 0.006392983858317455	 
0.0	 0.0	 0.0	 1.0	 
1	 7	  37
0.8195020603315747	 0.05485237896556189	 0.5704450802961859	 -0.3175569431043331	 
0.017520279776727793	 0.9925453483916563	 -0.12060999619696308	 0.0515271238838805	 
-0.5728083561793151	 0.10883449778404185	 0.8124319289535864	 0.29794056484251114	 
0.0	 0.0	 0.0	 1.0	 
1	 34	  37
0.4622145768747489	 0.4494442135442134	 -0.7644328510968905	 1.1003017554979073	 
-0.31603496950475735	 0.8889296718077029	 0.33155080550343596	 -0.2515352055616075	 
0.8285406344740271	 0.0883398975065878	 0.5529163404475417	 0.6589843729993617	 
0.0	 0.0	 0.0	 1.0	 
1	 35	  37
0.7729922585846293	 0.33407098352890535	 -0.5393325005340056	 1.3218323768368139	 
-0.2569677885840093	 0.9421373398679612	 0.21527839756177453	 -0.26221384648204554	 
0.5800435533634324	 -0.02781745478204867	 0.814110352108958	 0.7012605146588349	 
0.0	 0.0	 0.0	 1.0	 
1	 36	  37
0.9373179472077277	 0.1550669980125646	 -0.31207257484383727	 1.3389523584782956	 
-0.1167924459956182	 0.9835328692877465	 0.13792251298817584	 -0.2365497765732783	 
0.3283208650095996	 -0.09282952740364603	 0.939993664043202	 0.5841732747940895	 
0.0	 0.0	 0.0	 1.0	 
1	 37	  37
0.9509950044254157	 0.22634998734539308	 -0.21065180936000474	 1.3932473714644829	 
-0.20057407375135783	 0.970071261403242	 0.13686412509605064	 -0.22343389937661018	 
0.23532645940626434	 -0.08790580770496932	 0.9679328625865787	 0.5413579046954629	 
0.0	 0.0	 0.0	 1.0	 
1	 38	  37
0.995518155539304	 0.05987283422725624	 -0.0732041372684507	 1.295850633905817	 
-0.05023129513970409	 0.9906161595817269	 0.12710799095312236	 -0.2024720697308961	 
0.08012751699766242	 -0.1228611740833795	 0.989183862041149	 0.5545330631237071	 
0.0	 0.0	 0.0	 1.0	 
1	 45	  37
0.9320268005359353	 -0.13132313127969578	 0.33775772126428644	 0.9083770965234024	 
0.22656031211003796	 0.9385832986895526	 -0.2602533696182242	 -0.1783526730324993	 
-0.2828364687577435	 0.3190856101611814	 0.9045373985240834	 0.06765592185833504	 
0.0	 0.0	 0.0	 1.0	 
1	 46	  37
0.9205627182233096	 -0.06950082183938605	 0.384361701501283	 0.5182513284770538	 
0.09442676117719309	 0.9944528127910572	 -0.046337780541783	 -0.2090319317109345	 
-0.3790090613572403	 0.07895086380529985	 0.9220189219931987	 0.26822860471957477	 
0.0	 0.0	 0.0	 1.0	 
1	 47	  37
0.8539252283360411	 -0.3115025957312897	 0.4168666900388033	 0.19852638977659426	 
0.22296543585888112	 0.9428099691085551	 0.24778171151596934	 -0.03200977262118757	 
-0.47021071746983645	 -0.11864019134421822	 0.8745435301769189	 0.31071480790772005	 
0.0	 0.0	 0.0	 1.0	 
1	 48	  37
0.7937266528986634	 -0.37357043879817714	 0.48004492262123033	 -0.24134384407200055	 
0.18002625640991188	 0.8981063996780146	 0.40124237296231174	 0.028381738933261368	 
-0.5810237064710171	 -0.2320560753644068	 0.7801034741655433	 0.18590420327105797	 
0.0	 0.0	 0.0	 1.0	 
1	 49	  37
0.8321062784314393	 -0.30297954335323873	 0.46454551736556826	 -0.2853868745527909	 
0.19373771161933243	 0.9436221308179297	 0.26840822142239934	 -0.09332899337638446	 
-0.5196776313172287	 -0.1333441807507704	 0.8438924629171788	 0.43796106471305624	 
0.0	 0.0	 0.0	 1.0	 
2	 3	  37
0.8715816682398415	 -0.20448709191510955	 0.4455675311648672	 -0.11614466599538259	 
0.1876594705289921	 0.9787952142119892	 0.08212095808308059	 0.049302214259012905	 
-0.45291204301611543	 0.01203984533980374	 0.8914739050668615	 -0.01818027088140341	 
0.0	 0.0	 0.0	 1.0	 
2	 5	  37
0.8349289892741937	 -0.0832718338486524	 0.5440214927344829	 -0.07023890276457273	 
0.14221215775636445	 0.9875595957419879	 -0.06709505976001845	 -0.014275242025633052	 
-0.5316665167714174	 0.13338608077833308	 0.8363844022928357	 -0.19282139797987888	 
0.0	 0.0	 0.0	 1.0	 
2	 6	  37
0.9666004196316679	 -0.1463348766539958	 0.2104037372352113	 -0.16383831137257562	 
0.14839249711090344	 0.98890995632729	 0.006063421307226261	 0.09475419516004988	 
-0.20895764060946542	 0.025361430389830863	 0.9775957765249945	 -0.004044001315966332	 
0.0	 0.0	 0.0	 1.0	 
2	 7	  37
0.9625743057051912	 0.05120315757967816	 0.26613707492575944	 -0.27603316021524676	 
-0.055649545418823027	 0.9984080904525464	 0.009187655499512774	 -0.023531757351860118	 
-0.2652429718029242	 -0.023654208352215742	 0.9638914069211234	 0.26659003016174354	 
0.0	 0.0	 0.0	 1.0	 
2	 8	  37
0.9876735867426039	 -0.08291801873032041	 0.1327610192068375	 -0.5010658636622077	 
0.07829863324617921	 0.996140984385711	 0.039654296852260726	 -0.12441768344137982	 
-0.13553674808988267	 -0.028770495249563214	 0.9903545064876081	 0.7478593061182561	 
0.0	 0.0	 0.0	 1.0	 
2	 35	  37
0.5028715675689224	 0.30607039191871077	 -0.8083570385179437	 1.226176809505872	 
-0.18221839342657767	 0.9517288640341133	 0.24699924384777258	 -0.0944466950045132	 
0.8449358813707765	 0.023088623931737898	 0.5343690408482952	 1.2608270024683734	 
0.0	 0.0	 0.0	 1.0	 
2	 36	  37
0.7711500747321786	 0.19147318850552678	 -0.6071783760346561	 1.2015789538399473	 
-0.08145659704554345	 0.97553832309513	 0.20418080950594247	 -0.1178088557705998	 
0.631420925404215	 -0.10799536219796181	 0.7678832051200337	 1.0899461555414618	 
0.0	 0.0	 0.0	 1.0	 
2	 37	  37
0.8202997879326344	 0.23801035517781605	 -0.5200570437421312	 1.2479428001684132	 
-0.11147536554939735	 0.9583925752617007	 0.2627868234118182	 -0.1661989666363984	 
0.5609647946113043	 -0.15759042645851212	 0.8127015175913729	 1.1006150808143078	 
0.0	 0.0	 0.0	 1.0	 
2	 38	  37
0.9147707625666956	 0.14536640313535806	 -0.376912537324822	 1.1450811499888711	 
-0.07786534240523399	 0.9789652776028548	 0.18858412897187657	 -0.083625116977178	 
0.39639808325124676	 -0.14316282369195682	 0.9068478182734323	 1.0153846908130861	 
0.0	 0.0	 0.0	 1.0	 
2	 45	  37
0.977921707617895	 -0.20665428936750962	 0.03103447205463354	 0.8764225635160435	 
0.2089319151151355	 0.9639991645205386	 -0.16447816162039752	 -0.17788435484276469	 
0.004072912474134762	 0.16733085635863296	 0.9858923855544603	 0.45285187078204375	 
0.0	 0.0	 0.0	 1.0	 
2	 46	  37
0.9940127001254182	 -0.07576680657184666	 0.07872828596686067	 0.4869306029151829	 
0.07208126523011006	 0.9962115912389811	 0.048649323571074723	 -0.15670297706842337	 
-0.08211603492742454	 -0.04268321102026982	 0.9957083409838426	 0.5141547269390353	 
0.0	 0.0	 0.0	 1.0	 
2	 47	  37
0.9625757645285836	 -0.20818635153827675	 0.17351178800125824	 0.06935728847077033	 
0.13655524431064042	 0.9255987694774459	 0.35301499004022313	 -0.050081461525366334	 
-0.2340952002785915	 -0.31610972932672987	 0.9193878812729195	 0.44225403774538846	 
0.0	 0.0	 0.0	 1.0	 
2	 48	  37
0.9485128735634516	 -0.24933044973980223	 0.19533984620899206	 -0.13052682715554803	 
0.1328021782701752	 0.8729517470148446	 0.46938132560896334	 0.08175631245997324	 
-0.28755331702329817	 -0.41927267287086456	 0.8611175968778132	 0.15653090160801528	 
0.0	 0.0	 0.0	 1.0	 
2	 49	  37
0.960189378821073	 -0.2127466702879061	 0.18103925287243783	 -0.320670209156762	 
0.14139295246065864	 0.9290547544388662	 0.34185566581379756	 -0.015152351011490981	 
-0.24092403324213874	 -0.30264850492930917	 0.9221493873936009	 0.3924598252812354	 
0.0	 0.0	 0.0	 1.0	 
3	 4	  37
-0.8954384709756076	 0.43517731406503946	 0.09386506282959625	 -0.6569514242797317	 
-0.41654324823106914	 -0.7445872641813602	 -0.5216143483187808	 2.3191686222217687	 
-0.15710400074465297	 -0.5061724126639605	 0.8480022533035918	 0.721114449743733	 
0.0	 0.0	 0.0	 1.0	 
3	 5	  37
0.9945037765583448	 0.025569680157518426	 0.10153043813473794	 0.09395278179878958	 
-0.006377996419169073	 0.982714800340604	 -0.18501605971699753	 -0.006355287651740588	 
-0.10450626571104091	 0.18335160934163833	 0.9774766635469947	 -0.15299218698936448	 
0.0	 0.0	 0.0	 1.0	 
3	 6	  37
0.971992302451012	 0.03918852692040089	 -0.23172229787784726	 -0.09230949548472313	 
-0.04535098850002902	 0.9987434722343672	 -0.02132520835326211	 0.043017084489199504	 
0.23059542887501247	 0.031236773633793485	 0.9725482055687013	 -0.039205469595346924	 
0.0	 0.0	 0.0	 1.0	 
3	 7	  37
0.9261925405492385	 0.2644779242819741	 -0.26873556779563995	 -0.12334032317428001	 
-0.276720581316013	 0.9609169589965169	 -0.008019837218695125	 -0.0982770482983179	 
0.25611149467970834	 0.08179257594907265	 0.963180604462393	 0.22943246301238324	 
0.0	 0.0	 0.0	 1.0	 
3	 38	  37
0.6869081691644247	 0.4229172346269218	 -0.5910145343311756	 0.4751973894830542	 
-0.21753959531760636	 0.8956022083842744	 0.38803763838867955	 -0.5815289108521278	 
0.6934217270927063	 -0.13797716112722772	 0.7071977173344391	 1.45786868087524	 
0.0	 0.0	 0.0	 1.0	 
3	 39	  37
0.6152818307339469	 0.30639710344840665	 -0.7263257421894868	 1.8696748134286496	 
-0.31517498067050437	 0.940142166624018	 0.1296049308276691	 -0.07345932993507744	 
0.722560032335051	 0.14917614264326648	 0.675021094587455	 1.3869131832550765	 
0.0	 0.0	 0.0	 1.0	 
3	 43	  37
0.8190938596723449	 -0.12461309384908112	 0.559961450359237	 1.3146909715255082	 
0.11761367360858967	 0.9918652201688698	 0.04868684421534686	 -0.4193844999165885	 
-0.5614733055340674	 0.025980028112329297	 0.8270869152102033	 0.5084362772252976	 
0.0	 0.0	 0.0	 1.0	 
3	 45	  37
0.8979909215040855	 -0.10621546284822586	 -0.42700185052079126	 0.6430974467349965	 
0.030813788678813254	 0.9832254636278289	 -0.17977262889855686	 -0.34999741102746595	 
0.438933725434148	 0.14827664389841666	 0.8862004409560632	 0.8197636232098116	 
0.0	 0.0	 0.0	 1.0	 
3	 46	  37
0.91207357535637	 0.08299951157180417	 -0.4015381354435594	 0.34031543884107457	 
-0.09378160326134714	 0.9955665219258452	 -0.007232655819693253	 -0.2029263635917121	 
0.39915761802373184	 0.044253604365258686	 0.9158137444231242	 0.7212823610319701	 
0.0	 0.0	 0.0	 1.0	 
3	 47	  37
0.9571372004933651	 0.11665782984854517	 -0.26510248992937147	 0.09004312805080082	 
-0.030528970866707916	 0.9508348685070336	 0.30818993294563146	 -0.08864772454865982	 
0.288021459911487	 -0.2868867434480741	 0.9136408676631181	 0.535855054705971	 
0.0	 0.0	 0.0	 1.0	 
3	 48	  37
0.9793186743532665	 0.1321687421417601	 -0.15318732866534526	 -0.032495503696381906	 
-0.055363520379724064	 0.90329952911883	 0.42542313207542254	 0.052218878709612504	 
0.1946016820947945	 -0.40814382795083853	 0.8919354242497114	 0.15656051148032757	 
0.0	 0.0	 0.0	 1.0	 
4	 5	  37
-0.999673645753566	 0.02532058992126372	 -0.0033866962978219522	 -0.5028916719418629	 
-0.02315196160838586	 -0.9540244940736301	 -0.2988331497361662	 1.8603112700459095	 
-0.010797622861459383	 -0.29865721560610836	 0.9542993654545451	 0.4434668613354002	 
0.0	 0.0	 0.0	 1.0	 
4	 39	  37
0.7013254269975991	 -0.470909563188196	 0.5351512204457141	 -0.36787676646374795	 
0.24623259367834188	 0.8645556903548519	 0.43807872361652267	 -0.41238879994830585	 
-0.6689634932169847	 -0.17546407487844262	 0.7222881718330854	 0.16021323162806508	 
0.0	 0.0	 0.0	 1.0	 
4	 40	  37
0.9885569681538108	 -0.001952101923941238	 -0.15083537387703355	 0.0453575122000528	 
0.0314512960899863	 0.9806084449647291	 0.19343705342595724	 -0.32465279958605003	 
0.14753283257907704	 -0.19596751506802124	 0.9694487074359629	 1.423144221071687	 
0.0	 0.0	 0.0	 1.0	 
4	 41	  37
0.9372556561371419	 -0.16780433145511656	 0.30560356899721425	 0.07477858568207378	 
0.10244820840965334	 0.9704113532456767	 0.21864622129262645	 -0.3195712319635259	 
-0.3332509559364923	 -0.17361886947216695	 0.9267147827301669	 1.283104119265607	 
0.0	 0.0	 0.0	 1.0	 
4	 42	  37
0.9464564498366591	 -0.1394155685150783	 0.29117604265839653	 0.049645706659394676	 
0.18424290293575327	 0.973899270156788	 -0.13256984689544324	 -0.40792216414592264	 
-0.26509383485926935	 0.17911870601277813	 0.9474395747887637	 1.1924068660689293	 
0.0	 0.0	 0.0	 1.0	 
4	 43	  37
0.9875259457503434	 -0.07243156077703518	 0.13980763739257243	 -0.043726806790848845	 
0.05517927260714121	 0.9908020143227577	 0.1235581494216858	 -0.40693776482504246	 
-0.1474711983556013	 -0.11430239462656763	 0.9824394170829035	 1.2299103306509422	 
0.0	 0.0	 0.0	 1.0	 
4	 45	  37
0.20247698354333987	 0.9574319149234936	 0.2057357514413132	 -0.3060252971372524	 
-0.9671016323512241	 0.2285338113970879	 -0.11174403676222745	 -0.25346180383312594	 
-0.15400488251606764	 -0.17634178555932767	 0.9722068045570147	 1.3323773551700442	 
0.0	 0.0	 0.0	 1.0	 
4	 46	  37
0.9076852783966423	 0.27258614137049936	 -0.3190677528594062	 0.23305192486510984	 
-0.13902330037449256	 0.9127030392292456	 0.3842469051725485	 -0.655967585885794	 
0.3959544889693666	 -0.3044174070490052	 0.8663429372659348	 0.46596912962042597	 
0.0	 0.0	 0.0	 1.0	 
4	 47	  37
-0.8929674810875218	 0.36200051546731815	 -0.26751580237736083	 0.892072822684107	 
-0.04049134043865553	 0.5273076457127852	 0.8487090774360323	 -1.1471477831600163	 
0.4482962514562087	 0.7687016804809491	 -0.45621069403958087	 3.586501400247402	 
0.0	 0.0	 0.0	 1.0	 
4	 48	  37
-0.7214603229185611	 -0.36205323536570627	 0.5902647348567162	 -1.0853042607286658	 
-0.1901122281752752	 0.9232311183972709	 0.33391861691309616	 0.2667038889460781	 
-0.6658470869144634	 0.12869248922974327	 -0.7349053681008011	 3.63181061635261	 
0.0	 0.0	 0.0	 1.0	 
5	 6	  37
0.9370800966888798	 0.00409868400289346	 -0.3490903796712313	 -0.14099392906979752	 
0.04807033431546346	 0.9888919791139449	 0.14064813046359506	 0.10008672229848166	 
0.3457891486850908	 -0.1485794549510442	 0.9264739662926804	 0.1088703842144591	 
0.0	 0.0	 0.0	 1.0	 
5	 7	  37
0.9393029702492571	 0.14421257596263135	 -0.311307987393747	 -0.3385217865584001	 
-0.11733164153837994	 0.9876826885948544	 0.10351904435391084	 0.12122251308798554	 
0.3224022580175766	 -0.06070946865407537	 0.9446539813290931	 0.29111633803316794	 
0.0	 0.0	 0.0	 1.0	 
5	 38	  37
0.46970074314853794	 0.44601085665453705	 -0.7618763204300263	 0.31623225150743783	 
-0.10303741717139733	 0.8847950853046468	 0.45444575879128846	 -0.2143733295279617	 
0.8767921661080003	 -0.13495174236381188	 0.4615447158018528	 1.8384867983945485	 
0.0	 0.0	 0.0	 1.0	 
5	 39	  37
0.9008347094703466	 0.12562497703182163	 -0.415590172356408	 0.18549237083107967	 
0.018407292406202258	 0.9453114281326532	 0.32564931356917576	 -0.0852523526637485	 
0.433771826885688	 -0.3010060946020147	 0.8492569300351305	 1.6877901687809649	 
0.0	 0.0	 0.0	 1.0	 
5	 43	  37
0.9736587049352269	 -0.08178105707599023	 -0.21283934083573858	 -1.346537147152772	 
0.09609189262216679	 0.9936947250198915	 0.05776799840683772	 0.3092148659465149	 
0.20677300229030895	 -0.07669844960086208	 0.9753780156189068	 0.3773571086193047	 
0.0	 0.0	 0.0	 1.0	 
5	 45	  37
0.8648666959930864	 -0.1310030586122348	 -0.48460684765719275	 0.37945156313139844	 
0.10665806607347263	 0.9912617179233895	 -0.07761612925827567	 -0.031036912657385392	 
0.49054016665658423	 0.015440376090299102	 0.8712817797261234	 0.9659316852735702	 
0.0	 0.0	 0.0	 1.0	 
5	 46	  37
0.8586304446618773	 0.06045199399870268	 -0.509017991746194	 0.193302084303143	 
0.02993867385885937	 0.9854120869487237	 0.16753117531651615	 -0.04172116836344374	 
0.5117200751458947	 -0.15908669119992816	 0.8442949658595267	 0.9828749442886602	 
0.0	 0.0	 0.0	 1.0	 
5	 47	  37
0.931386926483023	 0.125966770178486	 -0.34154174852762825	 -0.10904980267610102	 
0.05167316251709767	 0.8829736925529243	 0.4665697617022954	 0.0327791594323578	 
0.3603446648030061	 -0.45220551861985864	 0.8158810522850466	 0.6479419764904064	 
0.0	 0.0	 0.0	 1.0	 
5	 48	  37
0.9571173068175748	 0.1463751325954791	 -0.25000156309096705	 -0.1688151222745715	 
0.02456339108912072	 0.8188539928834412	 0.5734760484597842	 0.1185520995553933	 
0.2886574107977726	 -0.5550247371933088	 0.7801438587177523	 0.28507224136993314	 
0.0	 0.0	 0.0	 1.0	 
5	 49	  37
0.9380952288389188	 0.11872357122342586	 -0.3253952293221479	 -0.44898602146746774	 
0.037875053768190683	 0.8986316583654317	 0.4370659251022104	 0.1170749489196998	 
0.34430048203816616	 -0.4223338208329408	 0.8385054095525779	 0.36982693972855185	 
0.0	 0.0	 0.0	 1.0	 
6	 7	  37
0.976084495107752	 0.2068108449161374	 0.06699502097408785	 -0.2031270625360186	 
-0.20677399917247366	 0.9783595266633169	 -0.007559752201795055	 -0.07994917009148844	 
-0.06710865574921765	 -0.006473871500427122	 0.9977246700925708	 0.23442029384294977	 
0.0	 0.0	 0.0	 1.0	 
6	 35	  37
0.3164438657425555	 0.45223579021727706	 -0.8338741331163019	 0.9706231527508963	 
-0.2623874466360815	 0.886479012119435	 0.38119258770278946	 -0.34369297365848844	 
0.9116008488816286	 0.09817204855918386	 0.39918183976727706	 1.4315781696798613	 
0.0	 0.0	 0.0	 1.0	 
6	 36	  37
0.6269324400681778	 0.35012296862190556	 -0.6959666819852406	 1.023889009808641	 
-0.16428311985274485	 0.9326511764084178	 0.3212052921037307	 -0.3908877775046508	 
0.7615554951030222	 -0.08703843971130523	 0.6422285713754974	 1.3273000698179027	 
0.0	 0.0	 0.0	 1.0	 
6	 37	  37
0.6653663263985314	 0.3699778367439914	 -0.6483857277987847	 1.133119275994547	 
-0.21884874835618112	 0.9270589495514191	 0.30441243305678467	 -0.349554718803453	 
0.7137176451775976	 -0.060647377312255585	 0.6978029941088597	 1.3550224864482237	 
0.0	 0.0	 0.0	 1.0	 
6	 38	  37
0.767382060796265	 0.3691532953331214	 -0.5242619739336197	 0.9996625046553291	 
-0.20457752949144933	 0.9158670462446987	 0.3454498343177882	 -0.5032556637728013	 
0.6076782102356916	 -0.15783978632686196	 0.7783404105255215	 1.337263872897179	 
0.0	 0.0	 0.0	 1.0	 
6	 39	  37
0.19695461623476251	 0.01867741247617378	 0.9802346828219307	 -3.3947259288320164	 
-0.15550513513581937	 0.9877569489559079	 0.012424280088002166	 0.6167734455047407	 
-0.9680015661610305	 -0.1548785461337672	 0.1974477243659258	 1.8963937575305878	 
0.0	 0.0	 0.0	 1.0	 
6	 44	  37
0.9945221247873988	 -0.07020146710339255	 0.07744351054083842	 0.8633970336552189	 
0.07186146673939188	 0.9972363498927961	 -0.018857148526635857	 -0.1499166521139559	 
-0.07590568428267347	 0.02431905567705375	 0.9968183940039206	 0.6153260311136657	 
0.0	 0.0	 0.0	 1.0	 
6	 45	  37
0.9881949515830488	 -0.05425124001210942	 -0.14327435437971595	 0.7329765927517373	 
0.03008972877117173	 0.9857156303726536	 -0.16570849182078437	 -0.36420741634939774	 
0.1502176617054508	 0.1594412085885896	 0.9757116147282233	 0.5841157628157604	 
0.0	 0.0	 0.0	 1.0	 
6	 46	  37
0.9921604530712578	 0.061918375545216224	 -0.1085529830602476	 0.4638129219207827	 
-0.059946985991790526	 0.9979735557729409	 0.021334030289957354	 -0.2308243326829256	 
0.10965397499378132	 -0.014659357003440237	 0.9938617152402585	 0.6186198207359144	 
0.0	 0.0	 0.0	 1.0	 
6	 47	  37
0.9998193305522807	 -0.01892572211537137	 0.0017672850366633264	 0.17461603537993822	 
0.017065322266713173	 0.9346915943023986	 0.3550498532831303	 -0.1645534381915998	 
-0.008371441328845517	 -0.3549555473335373	 0.9348456976352968	 0.4970306852920534	 
0.0	 0.0	 0.0	 1.0	 
6	 48	  37
0.9967226279469209	 -0.024386942010521787	 0.07713157588146811	 -0.0046279936449336	 
-0.011963788434254208	 0.8985542711669018	 0.4386993156297585	 0.03615685090120722	 
-0.08000544172044595	 -0.43818432060845514	 0.8953176142956326	 0.17139151809989112	 
0.0	 0.0	 0.0	 1.0	 
6	 49	  37
0.9998075122988886	 0.007637563618220621	 0.018072243155876373	 -0.21758395466535532	 
-0.013315002913883054	 0.9406603023495484	 0.3390883458349148	 -0.07834490900130632	 
-0.014410032897629894	 -0.33926370746903217	 0.9405809309922546	 0.3714274845364069	 
0.0	 0.0	 0.0	 1.0	 
7	 37	  37
0.6228144490053331	 0.23752243262837977	 -0.7454429931983267	 1.288151911785732	 
-0.10516693039476345	 0.9695709385197413	 0.22107037777434604	 -0.13824166412565034	 
0.7752690364393039	 -0.05928987414597788	 0.6288422949851797	 1.27114282405249	 
0.0	 0.0	 0.0	 1.0	 
7	 38	  37
0.7862981252589017	 0.11214636623401465	 -0.6075841100249754	 1.17106833758457	 
-0.009847835017894602	 0.9855387455031452	 0.16916382963726972	 -0.04910996309406169	 
0.6177687903737089	 -0.12702981403038127	 0.776031666871662	 1.092409707557904	 
0.0	 0.0	 0.0	 1.0	 
7	 39	  37
-0.8964415760882418	 0.4117187665935774	 -0.163951693785372	 -0.24175463305909536	 
-0.23910971794168762	 -0.760847879663438	 -0.6032719509454226	 1.7867194127034602	 
-0.37312068214758004	 -0.5015956152582609	 0.7805016305603792	 -0.021121796206830926	 
0.0	 0.0	 0.0	 1.0	 
7	 44	  37
0.9788352649938801	 -0.2021802052369092	 0.03169682341690273	 0.980299183064829	 
0.20123129173523918	 0.9790611560925513	 0.030744428068913747	 -0.024779238234930178	 
-0.03724904335587866	 -0.023715337675833364	 0.9990245700321857	 0.4388537108475832	 
0.0	 0.0	 0.0	 1.0	 
7	 45	  37
0.9314435917837297	 -0.31035046006710965	 -0.1899879660956415	 1.028801194304755	 
0.27174716167290647	 0.9404905578436454	 -0.20403673867631933	 -0.0363868237041548	 
0.242004783935658	 0.1384200221900099	 0.9603507598836859	 0.4308648619402201	 
0.0	 0.0	 0.0	 1.0	 
7	 46	  37
0.9759006054524784	 -0.12272452147630798	 -0.18043475304357598	 0.6552733280710278	 
0.13383091398548175	 0.98970748358086	 0.05067922065157949	 -0.1334362189374743	 
0.1723580422820346	 -0.07360563003230321	 0.9822804673250156	 0.4277055403305505	 
0.0	 0.0	 0.0	 1.0	 
7	 47	  37
0.9786185341017086	 -0.18061167228498365	 -0.09841335553187734	 0.28405987009643335	 
0.20402622596129338	 0.9130235702677317	 0.35321559882818715	 -0.036120431287052876	 
0.02605885324824129	 -0.3657422370604546	 0.9303513057965798	 0.24168398732772378	 
0.0	 0.0	 0.0	 1.0	 
7	 48	  37
0.9812903446127068	 -0.18451670698039246	 -0.05498040028033296	 0.12408946062519167	 
0.18866314902420828	 0.8645516331780444	 0.4657860987292808	 0.0772634125353296	 
-0.038411922239626174	 -0.46744417678936373	 0.8831876730432605	 -0.07568089455798682	 
0.0	 0.0	 0.0	 1.0	 
7	 49	  37
0.9799316204348317	 -0.18517867219226145	 -0.07377586757928106	 -0.12351361493361615	 
0.1992561804742456	 0.920325662858438	 0.3365971610501063	 -0.014150065355900777	 
0.005567208885914079	 -0.34454249904661555	 0.9387542130589528	 0.10073384247581857	 
0.0	 0.0	 0.0	 1.0	 
8	 37	  37
0.6760723171451173	 0.3651234584905143	 -0.6400086577929687	 1.7597457963403327	 
-0.20065965988328413	 0.9269958182269878	 0.3168823975628839	 -0.2812558556221798	 
0.7089865463360757	 -0.08581149718774488	 0.6999817598086693	 0.7075244120107089	 
0.0	 0.0	 0.0	 1.0	 
8	 38	  37
0.8411696033972759	 0.26988572448807574	 -0.46861006608695094	 1.5577406369928921	 
-0.1749794414146237	 0.9557788061113278	 0.23636638693061154	 -0.18689335967204782	 
0.5116794830777329	 -0.11682709234570517	 0.8511965325888922	 0.5168785137451634	 
0.0	 0.0	 0.0	 1.0	 
8	 39	  37
0.9993162107985551	 0.017930018560786826	 -0.0323361294781247	 1.3845594043905096	 
-0.012042278577070081	 0.984698600761623	 0.17384950153731518	 -0.25799014573872614	 
0.03495846624050386	 -0.17334122444620756	 0.9842411927701462	 0.5865502061166067	 
0.0	 0.0	 0.0	 1.0	 
8	 44	  37
0.9801177267032389	 -0.06213336045489002	 0.18843748915929073	 1.2570517539271622	 
0.07097863898043627	 0.9966530754013915	 -0.040554655730665475	 0.020008358369719422	 
-0.18528700604888643	 0.053123373495389696	 0.981247487934572	 -0.15993141297411756	 
0.0	 0.0	 0.0	 1.0	 
8	 45	  37
0.9910374283276453	 -0.0772796988499075	 -0.10896175383774004	 1.3219637052403208	 
0.05613597568145546	 0.9810866323660727	 -0.1852505655238078	 -0.2110922423792292	 
0.12121702804482402	 0.17747356968931274	 0.97663174440201	 -0.12231360678479979	 
0.0	 0.0	 0.0	 1.0	 
8	 46	  37
0.995082814242066	 -0.03454971165519277	 -0.09282515943768725	 1.0925253324436404	 
0.03373480679313586	 0.9993773896936813	 -0.010334204356026085	 -0.02859797340287187	 
0.09312440931742236	 0.007151950334374639	 0.9956287932737253	 -0.0673528327917207	 
0.0	 0.0	 0.0	 1.0	 
8	 47	  37
0.9906560425405159	 -0.13544158531413816	 0.016005697284289994	 0.7317250103771052	 
0.12651128753690086	 0.9564317010138431	 0.2631222062493423	 0.18531474883755392	 
-0.050946045025290605	 -0.2586387021761422	 0.9646297332307991	 -0.20769648619430386	 
0.0	 0.0	 0.0	 1.0	 
8	 48	  37
0.9833603755917253	 -0.13758714815497983	 0.11862608641728437	 0.43389956121959317	 
0.07768016647257724	 0.9087441246469398	 0.41006085847890905	 0.24375897224520293	 
-0.16421986314966308	 -0.39402270566840014	 0.9043107563027544	 -0.5201199353776886	 
0.0	 0.0	 0.0	 1.0	 
8	 49	  37
0.9924246711963818	 -0.0999525049173459	 0.07143366686304178	 0.25833001083669294	 
0.07574740021034931	 0.95560225631877	 0.2847571932012404	 0.1483238695443756	 
-0.09672436798514285	 -0.27718914928117816	 0.9559343974136777	 -0.31546866846945065	 
0.0	 0.0	 0.0	 1.0	 
8	 50	  37
0.9969463669936282	 -0.0015772542476448948	 0.07807338603675401	 0.008947587412429162	 
0.005531856656533599	 0.9987106584094055	 -0.050462058433864074	 -0.02290654742382323	 
-0.07789313127700843	 0.05073985660690695	 0.9956696877234804	 0.040248879165414884	 
0.0	 0.0	 0.0	 1.0	 
8	 51	  37
0.9995961733835235	 0.012466958328455818	 -0.0255355655323065	 -0.2747378697800482	 
-0.013241247368255818	 0.9994506882490615	 -0.03038076902601318	 -0.0969665510494827	 
0.025142782764658898	 0.03070662320275336	 0.999212161538446	 0.25638017578760197	 
0.0	 0.0	 0.0	 1.0	 
9	 10	  37
0.999261537482957	 -0.03773097115482768	 -0.007263162046327486	 -0.43466028494072023	 
0.038422025521097115	 0.9794463206198242	 0.19801174959871584	 -0.035257949058574926	 
-0.0003572982700846949	 -0.19814459074121113	 0.9801727365612365	 0.536334240273233	 
0.0	 0.0	 0.0	 1.0	 
9	 51	  37
0.9978499997612932	 -0.010443373943850849	 -0.06470173040233311	 0.31089375893095844	 
0.01928151390814644	 0.9903111133709911	 0.13752135090711495	 0.056887746021491256	 
0.06263865577897769	 -0.13847322728447103	 0.9883833083007955	 -0.08982392566302826	 
0.0	 0.0	 0.0	 1.0	 
9	 52	  37
0.9897999694577941	 -0.11531428131128155	 0.08365785669626426	 -0.2657789957410165	 
0.10022444047082146	 0.9809599833346168	 0.16635075181212416	 -0.021320152367289052	 
-0.10124762710138344	 -0.15626940718455035	 0.9825114708666399	 0.24218622683385949	 
0.0	 0.0	 0.0	 1.0	 
9	 53	  37
0.9795115877123961	 -0.10570517661490007	 0.1714160586816588	 -0.5930172024521292	 
0.08361996713335358	 0.9878075939050325	 0.13131587307012177	 -0.022447301530221578	 
-0.1832068520382303	 -0.11429161412966454	 0.976408048054643	 0.5563685248513167	 
0.0	 0.0	 0.0	 1.0	 
10	 11	  37
0.9849928807219077	 -0.021133553539040985	 -0.17129622833550895	 0.13410638250458032	 
0.007816578317395689	 0.9969190322473608	 -0.07804706430350121	 -0.10619417312180375	 
0.1724178819918812	 0.07553685231593482	 0.9821233414961863	 0.40207950582702273	 
0.0	 0.0	 0.0	 1.0	 
10	 51	  37
0.9994526625219832	 0.028387147892545723	 -0.01698661862306488	 0.6169491195733484	 
-0.02909632521141618	 0.9986482492571637	 -0.04307061776656417	 0.1419744569010808	 
0.015741004952360065	 0.04354129178295804	 0.9989276133298955	 -0.6352976725676017	 
0.0	 0.0	 0.0	 1.0	 
10	 52	  37
0.9935702095501238	 -0.07060516939825988	 0.08850507753098545	 0.1661666683926806	 
0.07548081715867277	 0.9957374316510637	 -0.05300578694824416	 0.10212352827095485	 
-0.08438533602221283	 0.05934540642026637	 0.9946643845042561	 -0.2843360099042181	 
0.0	 0.0	 0.0	 1.0	 
10	 53	  37
0.9859275763606091	 -0.04159220632455449	 0.16191634427923332	 -0.15038087004823605	 
0.05474073175936823	 0.9954799200619769	 -0.07760915564447476	 0.01816488851061632	 
-0.15795653344557925	 0.08538042589759759	 0.9837478927120507	 0.026071685927195592	 
0.0	 0.0	 0.0	 1.0	 
10	 54	  37
0.9989551212940787	 0.001900594061617954	 -0.04566238476631786	 -0.10659303664981391	 
-0.011837048883608635	 0.9758002060809553	 -0.2183434040361493	 -0.1725264436805127	 
0.04414238228801631	 0.2186557695433141	 0.9748031106492016	 0.36423046087608096	 
0.0	 0.0	 0.0	 1.0	 
11	 12	  37
0.9489769632330678	 0.025851426098596263	 -0.31428399103615456	 0.11329086241110932	 
-0.09926399043375989	 0.9704586649236501	 -0.21990143218672226	 -0.13076084899297566	 
0.2993148567246727	 0.23987847640685464	 0.9235090324954132	 0.1641345800680071	 
0.0	 0.0	 0.0	 1.0	 
11	 52	  37
0.9619271460559013	 -0.04935873503913262	 0.2688119806781037	 -0.1129201362960111	 
0.05537342274413079	 0.9983555118620429	 -0.0148342842186343	 0.262063940250459	 
-0.2676377210602944	 0.02915454012698872	 0.9630784303760715	 -0.6991446747263985	 
0.0	 0.0	 0.0	 1.0	 
11	 53	  37
0.937228551619136	 -0.019008849920920726	 0.34819722235333733	 -0.3961831241720549	 
0.015830511023456235	 0.9998030246164226	 0.01197108552256584	 0.050467548228659044	 
-0.34835619263999296	 -0.005707503178822157	 0.937344860473898	 -0.3086813984444919	 
0.0	 0.0	 0.0	 1.0	 
11	 54	  37
0.9903496457996577	 0.0539645337615588	 0.12765346904957106	 -0.2616776175415855	 
-0.036584180160009055	 0.9902005446212057	 -0.13477566246874048	 -0.07769914311650623	 
-0.13367564036320248	 0.12880493207857102	 0.982619006861623	 0.0038314204416502458	 
0.0	 0.0	 0.0	 1.0	 
11	 55	  37
0.9923081293985326	 0.05532016706446271	 -0.11074409891973315	 -0.16801509004053441	 
-0.06319838206142464	 0.9956170990498767	 -0.06893878867753277	 -0.08539163021680503	 
0.10644501319649462	 0.07540736831018059	 0.9914550862092192	 -0.014752556057117438	 
0.0	 0.0	 0.0	 1.0	 
12	 52	  37
0.7867953784422875	 -0.1739394703076786	 0.5921976807882151	 -0.6552483713261469	 
0.05084834676387988	 0.9744744684616653	 0.2186640252710419	 0.21930654201278604	 
-0.615115824941317	 -0.1419315714893585	 0.7755565426977733	 -0.7750936398293121	 
0.0	 0.0	 0.0	 1.0	 
12	 54	  37
0.9057693995161429	 -0.0662590334077434	 0.4185588792416628	 -0.3489425441252881	 
0.014449815326574281	 0.9919555014585588	 0.1257596356671143	 -0.02590949401540477	 
-0.42352449484910937	 -0.10786113117323107	 0.8994403696993131	 -0.06792351612052919	 
0.0	 0.0	 0.0	 1.0	 
12	 55	  37
0.9742762313195859	 -0.05677913523636174	 0.2180870351201937	 -0.34846368020078794	 
0.02213860393679312	 0.9871733004896132	 0.1581099522995747	 0.0048314861731445415	 
-0.22426704461742789	 -0.1492146259662733	 0.9630364936472088	 -0.10404556943451895	 
0.0	 0.0	 0.0	 1.0	 
12	 56	  37
0.95968512581576	 0.07563400495025338	 -0.2707100969361397	 -0.26228496650412836	 
0.044083496650839174	 0.9106955595328893	 0.41071917799162083	 0.07818425921470906	 
0.2775988195418424	 -0.4060949336574669	 0.8706467712262602	 -0.06209133969402486	 
0.0	 0.0	 0.0	 1.0	 
13	 14	  37
0.967675845469882	 0.0564322450080894	 -0.24580248130866397	 0.16933696472042334	 
-0.08303748647821405	 0.9915918721526906	 -0.09924885349515478	 -0.06656756585655954	 
0.23813490700342368	 0.1164515384358203	 0.9642254950282131	 0.10677307233803575	 
0.0	 0.0	 0.0	 1.0	 
13	 15	  37
0.7858237488499272	 0.20504759274246298	 -0.5834693826191462	 0.4157592750856914	 
-0.1034810849987734	 0.9737314025434318	 0.20282707104397613	 -0.06409573764237482	 
0.6097316629394629	 -0.09900828455903407	 0.7863998084929537	 0.32636247999616474	 
0.0	 0.0	 0.0	 1.0	 
13	 54	  37
0.385597544035371	 0.033618901680556146	 0.9220543929094869	 -0.7852097659673914	 
0.12901658603601143	 0.9875534102683448	 -0.08996100485751517	 0.07645368323916739	 
-0.9136023503480615	 0.15364905244470117	 0.37646077368212333	 0.3581666925278599	 
0.0	 0.0	 0.0	 1.0	 
13	 55	  37
0.7560130764890372	 -0.050936176923487696	 0.6525716313616464	 -0.541224587956671	 
0.14135585019015143	 0.9861471095893986	 -0.0867894110217017	 0.12082591439643997	 
-0.6391109072724396	 0.15785874739428768	 0.7527402367859085	 0.025059924220968963	 
0.0	 0.0	 0.0	 1.0	 
13	 56	  37
0.9665046825715198	 -0.11748981926801116	 0.22817721388362777	 -0.5217499566668811	 
0.06937387519977327	 0.9755646394489711	 0.2084727792700168	 0.06806456954242743	 
-0.24709505055158604	 -0.18566037979377548	 0.9510385162377701	 0.030774006401172546	 
0.0	 0.0	 0.0	 1.0	 
13	 57	  37
0.9791461651376698	 0.12885363465434116	 -0.15706536261238746	 -0.484489285596351	 
-0.09608571055159487	 0.9749088348575629	 0.2007991532463839	 0.10150436717427286	 
0.17899811039223454	 -0.18151998389443252	 0.9669592400525341	 0.24226921842969606	 
0.0	 0.0	 0.0	 1.0	 
14	 15	  37
0.9205438482899871	 0.12451221553180884	 -0.37026440763165797	 0.2510350985882401	 
-0.009834691615687766	 0.9549288307835693	 0.29667188437590397	 -0.0038951584413002747	 
0.39051543147011103	 -0.2694580418575139	 0.8802783999747057	 0.16190068493363693	 
0.0	 0.0	 0.0	 1.0	 
14	 18	  37
0.6128526278341663	 0.11794309706832029	 -0.7813456868830144	 0.5952767076634756	 
-0.004649590761691684	 0.9893194341603055	 0.1456895277584502	 0.2739461360504849	 
0.7901835469449519	 -0.08565327224726595	 0.606855402127088	 0.03654262704604813	 
0.0	 0.0	 0.0	 1.0	 
14	 56	  37
0.8466430490285505	 -0.2010835744115986	 0.49270776697094393	 -0.8289828742341461	 
0.050399925769663914	 0.9519986575266808	 0.30192449975086366	 0.13815712693092413	 
-0.5297691903216446	 -0.23078984416401888	 0.81613764330332	 0.1297318707322311	 
0.0	 0.0	 0.0	 1.0	 
14	 57	  37
0.9959654543535112	 -0.08056291582308664	 0.03952758945959968	 -0.5525610315363534	 
0.0660323908421293	 0.9562176333578906	 0.28510973504092585	 0.10597613394021847	 
-0.060766249629845295	 -0.28134934556440117	 0.9576794916131418	 0.24771047121048015	 
0.0	 0.0	 0.0	 1.0	 
15	 18	  37
0.776426267901423	 0.16896427957717014	 -0.6071353413693172	 0.5188741278497032	 
-0.19311138931025598	 0.9808321500851975	 0.026005473998996387	 -0.009681269317287192	 
0.5998918584472807	 0.09705341614913716	 0.7941727725013314	 0.07551812437602035	 
0.0	 0.0	 0.0	 1.0	 
15	 56	  37
0.8164841400929702	 -0.2477960610598859	 0.521488984639032	 -0.4749024549355922	 
0.2149970705808793	 0.9687484419444862	 0.12370414654235035	 -0.001743573935156753	 
-0.5358450416102434	 0.011116130322023323	 0.8442431658168045	 0.04428383781474099	 
0.0	 0.0	 0.0	 1.0	 
15	 57	  37
0.8980971370966475	 -0.19736261345178566	 0.3930261201883235	 -0.6917243877886208	 
0.18012296550692924	 0.9803291293337453	 0.08068776534723646	 -0.08209792864668176	 
-0.40121970245215416	 -0.0016724207670757156	 0.9159803236822187	 0.44132588331578465	 
0.0	 0.0	 0.0	 1.0	 
15	 62	  37
0.23501483966097614	 0.4546176817442681	 -0.8591221034198769	 0.8747427664896102	 
-0.2957750479046093	 0.8754103382369071	 0.38232690298352007	 -0.9692677358402447	 
0.9258969414444307	 0.16425438549217314	 0.3401989868745009	 2.3530898292981655	 
0.0	 0.0	 0.0	 1.0	 
16	 17	  37
0.9946841772555415	 -0.04151436947068436	 -0.09423345820311993	 0.1346309308910558	 
0.035023006919865665	 0.996965247744136	 -0.06952469904116954	 -0.12645079812977444	 
0.09683375704659343	 0.06585477900597406	 0.9931195152539877	 -0.16815811472213313	 
0.0	 0.0	 0.0	 1.0	 
16	 61	  37
