0	 1	  37
0.8162076192025294	 -0.3459739208095257	 0.46271715818134806	 -0.2299259735733197	 
0.25689111838971007	 0.9346810747402987	 0.245719844161606	 0.03279006530797297	 
-0.5175056286150153	 -0.08169048073064618	 0.8517714421778725	 -0.030653967852223855	 
0.0	 0.0	 0.0	 1.0	 
0	 14	  37
0.9536995964589245	 0.0685273329641788	 -0.29284993486579597	 0.7201670376791877	 
-0.050476503764965944	 0.9963550339017252	 0.06876604530112906	 -0.07219092260960479	 
0.29649486046430884	 -0.05080010881393921	 0.9536824139422629	 0.13463438268426953	 
0.0	 0.0	 0.0	 1.0	 
0	 24	  37
0.4918534198773515	 -0.33929635002211467	 0.8018467435966952	 -1.3439021180488806	 
0.29165013257653505	 0.931945390348039	 0.2154483454963862	 -0.2878098204211222	 
-0.8203782137057536	 0.1278897035367242	 0.5573363528483004	 1.136448509883626	 
0.0	 0.0	 0.0	 1.0	 
0	 25	  37
0.5933498631280449	 -0.3845060086330195	 0.707171173939545	 -1.3049018271301085	 
0.3371536400448839	 0.9164723157082476	 0.2154203276036081	 -0.07509825963907943	 
-0.7309332137277758	 0.11060571352993216	 0.6734263235158839	 0.41057027316639344	 
0.0	 0.0	 0.0	 1.0	 
0	 26	  37
0.8713322513363853	 -0.2265083369869107	 0.43528620591111217	 -1.8068548158080855	 
0.17179562707266413	 0.9717580801479394	 0.16177915868832402	 0.13244780336145062	 
-0.45963721596469664	 -0.06618313185862375	 0.8856372975194802	 -0.09826853257259871	 
0.0	 0.0	 0.0	 1.0	 
1	 2	  37
0.7007691648535147	 -0.056409826406840634	 0.7111543496845505	 -0.47044954652829246	 
0.4474226966770242	 0.811188905193765	 -0.37654414162060784	 -0.019566111682661185	 
-0.5556397286810629	 0.5820571205434145	 0.5936952082811032	 -0.12867546809377806	 
0.0	 0.0	 0.0	 1.0	 
1	 14	  37
0.6090912028429821	 0.3233751189244461	 -0.7241798389073595	 0.6767340939024662	 
-0.3878112455761181	 0.9179295173019981	 0.08371283695120293	 -0.43592592371752886	 
0.6918166985726695	 0.2298563327957692	 0.6845113014769674	 0.5717453114989753	 
0.0	 0.0	 0.0	 1.0	 
1	 15	  37
0.8980841166947674	 -0.2825361359244871	 0.3370730651319347	 0.10316335368597208	 
0.2902989488873417	 0.9565175602569316	 0.02829623994509851	 -0.32662208584439995	 
-0.33041101618360436	 0.07243955284915826	 0.9410531714879504	 0.4644200775076137	 
0.0	 0.0	 0.0	 1.0	 
1	 16	  37
0.5224700422285489	 -0.28679316052522574	 0.8029786659990726	 -0.6041403168209112	 
0.43837598384166904	 0.8980892599551586	 0.0355271437642347	 -0.06856732971084213	 
-0.7313354577514668	 0.333444694408455	 0.5949479674780853	 0.10724904166106727	 
0.0	 0.0	 0.0	 1.0	 
1	 23	  37
0.26015584650416795	 -0.3958562371697358	 0.8806910780878379	 -1.746962823144519	 
0.6213876243209222	 0.7667642032010406	 0.16109027602643822	 -0.11766060465318257	 
-0.7390509832687462	 0.505341959650385	 0.44545835714038207	 0.6356423210843547	 
0.0	 0.0	 0.0	 1.0	 
1	 24	  37
0.9210234846277693	 -0.20785330434078253	 0.32941272689247864	 -1.4070324797215954	 
0.25843713676342167	 0.9588477504433756	 -0.1175637606203632	 -0.043153116254120494	 
-0.29142063603260016	 0.19341146642403506	 0.9368383091815033	 0.2563876169553287	 
0.0	 0.0	 0.0	 1.0	 
1	 25	  37
0.9509401929278383	 -0.162941846656964	 0.26298803030248974	 -1.0535044007083407	 
0.20087981012530284	 0.9716952478798364	 -0.1243207429665913	 0.2743345387654709	 
-0.23528716785746565	 0.17105057689397438	 0.9567557937038329	 -0.1328593299921408	 
0.0	 0.0	 0.0	 1.0	 
2	 15	  37
0.9389802511571074	 0.18326985650175778	 -0.2910811701824102	 -0.04000598328796332	 
0.000567234356700733	 0.8454112183979893	 0.5341156710414064	 0.08580654001305256	 
0.3439705891237226	 -0.5016891781817227	 0.7937204812232249	 0.8601486990900441	 
0.0	 0.0	 0.0	 1.0	 
2	 16	  37
0.9706887007428894	 0.017322290370847544	 0.2397152154252783	 -0.24047447306029374	 
-0.09911715519970332	 0.9374844025983192	 0.3336147245401333	 0.10522620299104495	 
-0.21895030439622035	 -0.34759593372359704	 0.9117224528679887	 0.07282778882593957	 
0.0	 0.0	 0.0	 1.0	 
2	 23	  37
0.877098908881835	 -0.18169897770021634	 0.44461554801984876	 -1.3684522507946268	 
0.008143427861085541	 0.9311774380980284	 0.36447532613314604	 0.3381928680420751	 
-0.4802407610990193	 -0.31606021622451663	 0.8182143674484978	 -0.4125302042538052	 
0.0	 0.0	 0.0	 1.0	 
3	 4	  37
0.95975509637014	 0.021924677105056706	 0.27998118423455	 0.027450638700886616	 
0.17580439694467573	 0.7305400312750809	 -0.6598515565788431	 0.3194890643452097	 
-0.21900449540240283	 0.6825178175245259	 0.6972850634819997	 -0.4954694700133222	 
0.0	 0.0	 0.0	 1.0	 
3	 12	  37
0.8177659960497579	 0.2901025018270573	 -0.49709085099047	 0.005477018246871111	 
-0.3619924238199089	 0.9307097939332705	 -0.05235231201844363	 -0.04752754746447855	 
0.4474597867984734	 0.22275506259201147	 0.8661177294617022	 -0.06797219031439096	 
0.0	 0.0	 0.0	 1.0	 
3	 16	  37
0.8005446213142204	 0.29257806397263847	 -0.5229975007271969	 0.015392258860560741	 
-0.3715262034848844	 0.9270717604726787	 -0.050062271804185585	 -0.0907104322549454	 
0.47020909115943293	 0.23438435830087	 0.8508627287494205	 0.0391249894543552	 
0.0	 0.0	 0.0	 1.0	 
3	 17	  37
0.9690089056421612	 -0.05056761683761531	 0.24179465857116478	 -0.223483809399289	 
0.08562353948080816	 0.9868985117909043	 -0.13674771263782645	 0.41271179571385475	 
-0.23171178276678206	 0.1532130658666655	 0.9606432252271268	 -0.5791054680788672	 
0.0	 0.0	 0.0	 1.0	 
4	 17	  37
0.9970699119726127	 0.07460614887844831	 -0.016897135510301423	 -0.175960152527426	 
-0.05298436832994446	 0.8328797774175786	 0.5509119104553121	 0.04916213580746854	 
0.05517469847315377	 -0.5484024060107429	 0.8343923260253687	 -0.1963215579474789	 
0.0	 0.0	 0.0	 1.0	 
5	 6	  37
0.8702016401408674	 0.0039445726507842055	 0.4926799628995947	 -0.048960388623082544	 
0.2720077372880094	 0.829917762688029	 -0.4870814080113843	 -0.02112671938334665	 
-0.4108051805316002	 0.557871802049089	 0.721122843991854	 -0.10522627768031624	 
0.0	 0.0	 0.0	 1.0	 
5	 11	  37
0.6407089940401042	 -0.14774114232883725	 0.7534351596650426	 -1.7518061104507237	 
0.4604786859881604	 0.859175344627156	 -0.2231078370103226	 0.4081581674932761	 
-0.6143707062570082	 0.48988803011318566	 0.6185130178460977	 -0.2988630498747568	 
0.0	 0.0	 0.0	 1.0	 
5	 13	  37
0.5850098550150843	 -0.3469607169533804	 0.7330632513135737	 -1.6363815728913373	 
0.5049936851135199	 0.8631054654540208	 0.00550758557502416	 0.27103713076602093	 
-0.6346218145720313	 0.36697032086341164	 0.6801381742518998	 -0.09182784537954952	 
0.0	 0.0	 0.0	 1.0	 
5	 17	  37
0.5677203566310649	 0.4649856195824557	 -0.67932464275059	 0.19747683765782728	 
-0.44821541006101356	 0.8667596620844488	 0.2187021590361861	 -0.04887345155168687	 
0.6905045567196019	 0.1803221055909997	 0.7004908246256295	 -0.04700618322270441	 
0.0	 0.0	 0.0	 1.0	 
5	 18	  37
0.8775033134797444	 -0.20928435403396714	 0.43149506832483475	 0.03481840938488175	 
0.24072773399042688	 0.9704089788973234	 -0.018883107882123606	 0.1477480455806913	 
-0.41477474961706917	 0.12044281976124092	 0.9019176427191437	 -0.2451262125844209	 
0.0	 0.0	 0.0	 1.0	 
5	 22	  37
0.9820718004908395	 -0.08423927482293153	 0.1686378464579844	 0.32696988321153186	 
0.08867035419585506	 0.9958815799702511	 -0.018906267816157965	 0.3941642378533524	 
-0.16635067468291664	 0.03352049005103172	 0.9854967426527983	 -0.6513634071561082	 
0.0	 0.0	 0.0	 1.0	 
5	 32	  37
-0.1310053558612842	 0.8467551391270232	 -0.5155999719721044	 1.5782513795468032	 
-0.2014258587007409	 0.4865001302262437	 0.8501442505460578	 -1.035504924421665	 
0.9707034666582414	 0.2152286171767703	 0.10682425832107574	 1.0631748728173136	 
0.0	 0.0	 0.0	 1.0	 
6	 18	  37
0.9997228609066952	 0.0007356177709434567	 -0.02352998612466625	 0.2227742431428176	 
0.010804386948113254	 0.873690513647595	 0.4863621609303884	 0.07325959586892292	 
0.02091570231207531	 -0.4864815980370655	 0.8734404319517709	 -0.13051439496279393	 
0.0	 0.0	 0.0	 1.0	 
7	 8	  37
0.7322956070107928	 0.08409265662490494	 0.6757747916683928	 -0.4330769300535066	 
0.35146317552547024	 0.8032965893066589	 -0.4808203675572004	 0.3625115345735642	 
-0.5832810473538861	 0.5896125971432891	 0.5586950913402573	 -0.2146467551739956	 
0.0	 0.0	 0.0	 1.0	 
7	 19	  37
0.8226804494290845	 0.10187881869468084	 -0.5593009783904691	 1.4083721317703322	 
-0.36119079082091726	 0.8534016758375859	 -0.3758281419794961	 -0.45022016336953735	 
0.43901946511893974	 0.5112008274435559	 0.7388745653138317	 0.34336803373508373	 
0.0	 0.0	 0.0	 1.0	 
8	 9	  37
0.9640919032108315	 -0.16262102371863577	 0.20995524477378202	 0.39691500071657887	 
0.09039013553320575	 0.9443218358942317	 0.3163635466542173	 -0.022146338022843094	 
-0.24971268602456814	 -0.2860256507693837	 0.9251123723852935	 0.20266356872562238	 
0.0	 0.0	 0.0	 1.0	 
9	 10	  37
0.8248555930392473	 0.2640593599639003	 -0.4998858920266973	 1.129766889692551	 
-0.3050793933449243	 0.9523268558246955	 -0.0003513279708032584	 -0.17509724971826643	 
0.4759619883858004	 0.15279467952289932	 0.8660912027733165	 -0.03392387319074015	 
0.0	 0.0	 0.0	 1.0	 
9	 25	  37
0.2380487206416549	 -0.2952315484267268	 0.9252951634016183	 -0.8321526039759412	 
0.445905609350154	 0.8795666294167455	 0.1659238740101388	 -0.12985681117271514	 
-0.8628447103337533	 0.37309633773332856	 0.34102511435235794	 0.7302035975189886	 
0.0	 0.0	 0.0	 1.0	 
9	 26	  37
-0.4765307567007907	 0.5165454520958601	 -0.7114065179890151	 1.127994742660786	 
-0.24456842141853477	 0.6993629588815744	 0.6716232120685338	 -1.5162775601299103	 
0.8444552831044503	 0.4940366865562639	 -0.20693725419433284	 3.0916657173867863	 
0.0	 0.0	 0.0	 1.0	 
10	 26	  37
0.012613656334603022	 -0.4628901653049518	 0.8863258940919118	 -1.9516040305771882	 
0.3869454386255189	 0.8195966272588957	 0.4225335443639321	 -0.5390956318440997	 
-0.9220163356474642	 0.33763006893610176	 0.1894513482386067	 1.814482125035951	 
0.0	 0.0	 0.0	 1.0	 
10	 29	  37
-0.7324572387954644	 0.6659121069540416	 -0.14165965956528326	 -1.193112200591766	 
-0.6199876300503436	 -0.7383871260063846	 -0.26532958887502306	 0.6514720769163025	 
-0.28128585446246884	 -0.10651534143051683	 0.9536942644890224	 -0.03501417647092575	 
0.0	 0.0	 0.0	 1.0	 
11	 13	  37
0.9906189033158842	 -0.09576604233202506	 0.09748360646434454	 -0.23630408827641797	 
0.07296933380396979	 0.9738446401389298	 0.2151792118139731	 0.006291176025085126	 
-0.11554074916426339	 -0.2060472810030228	 0.9716968937244894	 0.2396988660738888	 
0.0	 0.0	 0.0	 1.0	 
12	 16	  37
0.5473051990273199	 0.3297279368972756	 -0.7692441138852688	 1.2245498813795328	 
-0.29520771017121633	 0.9361033007074921	 0.1912145869435836	 -0.1250380121759415	 
0.7831407453153828	 0.12243405585867168	 0.6096724325347692	 0.22009823985268792	 
0.0	 0.0	 0.0	 1.0	 
12	 17	  37
0.8976575483011859	 0.17080171790273813	 -0.4062483220142287	 1.9628403051313128	 
-0.1339091265963373	 0.9839664698079522	 0.11780633305506474	 0.10182310532597771	 
0.4198562513433722	 -0.051349386122408865	 0.9061368377638894	 -0.1673298406154428	 
0.0	 0.0	 0.0	 1.0	 
13	 18	  37
0.8959960705083271	 0.2661788675689276	 -0.3554431770246279	 1.0834377156998285	 
-0.2029896436194883	 0.957420151811277	 0.20528482040546656	 -0.8443862682467944	 
0.39495094153181937	 -0.1117831085870979	 0.9118762473152453	 1.2504594747033062	 
0.0	 0.0	 0.0	 1.0	 
13	 22	  37
0.7308283000317431	 0.3997363563287015	 -0.5532638080534147	 1.6014299169033084	 
-0.3234017734826787	 0.9166023430233462	 0.23505624363621966	 -0.6897155789019445	 
0.6010834291352328	 0.007140741779748942	 0.7991543787190708	 1.029469028004842	 
0.0	 0.0	 0.0	 1.0	 
13	 27	  37
0.8764818730293824	 0.13918666252837847	 0.4608759043659344	 -1.6278634587582752	 
-0.20530231635410237	 0.9739491706243748	 0.0963014638504192	 -0.15097022734748197	 
-0.435465825468023	 -0.17902537812920513	 0.8822241375269378	 1.497146071679601	 
0.0	 0.0	 0.0	 1.0	 
13	 29	  37
-0.8089353897404052	 -0.13812530051208585	 0.5714411050878168	 -0.4749070083664619	 
-0.39305914772544537	 -0.5957507521159687	 -0.700418123510953	 1.2314001261190903	 
0.4371819319401086	 -0.7912031614646797	 0.4276324539524687	 1.3965738241510313	 
0.0	 0.0	 0.0	 1.0	 
13	 32	  37
-0.8785851088972813	 0.4134170806386958	 -0.23911194838428618	 0.6890599393017335	 
-0.3171123828375056	 -0.13061974752235864	 0.9393498912590096	 -0.9720807120750943	 
0.3571105474150418	 0.9011241862215068	 0.24586024064812906	 1.6731694144717573	 
0.0	 0.0	 0.0	 1.0	 
14	 15	  37
0.2091935725900111	 -0.48041235261436155	 0.8517288422042323	 -0.4486801861710315	 
0.4573500950765587	 0.8179337511551802	 0.3490204424595755	 -0.11048315251265049	 
-0.8643314987436769	 0.31652543369648767	 0.39082311869023295	 0.36870336588036107	 
0.0	 0.0	 0.0	 1.0	 
14	 23	  37
-0.6467337319560126	 -0.06913636816255342	 0.7595759623286787	 -1.454954366406665	 
0.5261451448305833	 0.6805498298243963	 0.5099247157151622	 -0.4243233105172688	 
-0.5521836347823532	 0.7294327191203284	 -0.40375876678441436	 2.10514897912252	 
0.0	 0.0	 0.0	 1.0	 
14	 24	  37
0.27290766245233133	 -0.38887094790903054	 0.8799436309486737	 -1.6118614534493039	 
0.4559377858147593	 0.8577004646041418	 0.23763553708183802	 -0.4177109024845179	 
-0.8471376176520191	 0.33634699179592903	 0.41137398783672474	 1.3832043534580485	 
0.0	 0.0	 0.0	 1.0	 
14	 25	  37
0.35528660890553315	 -0.36631836117703875	 0.8599896998202797	 -1.820935029539986	 
0.4272649640525713	 0.8819217315452456	 0.19914494701445637	 -0.0907657889122672	 
-0.8313940558036005	 0.29668993527385473	 0.46984998274091067	 0.8134554748794849	 
0.0	 0.0	 0.0	 1.0	 
14	 26	  37
0.5910561728888692	 -0.3887983841648149	 0.7067449447720103	 -3.3706751143331117	 
0.3510962990075514	 0.912820818752407	 0.2085414627247667	 -0.188054134915487	 
-0.7262120828746672	 0.12487581560500158	 0.676034053405464	 0.9232011074941993	 
0.0	 0.0	 0.0	 1.0	 
15	 16	  37
0.8482282485476562	 -0.11987276084742643	 0.5158869639490714	 -0.396256587574981	 
0.21595547329445242	 0.9676801398490172	 -0.130224346786441	 0.36242984081740415	 
-0.4836032174416797	 0.22186858305898569	 0.846700808982402	 -0.5881120025420753	 
0.0	 0.0	 0.0	 1.0	 
15	 23	  37
0.6295124049604265	 -0.31522791060873306	 0.7101728637269895	 -1.7458011514791165	 
0.46364406281352205	 0.8858431224821244	 -0.017780477184019233	 0.6131253083078976	 
-0.6234968444336436	 0.34046046279175124	 0.7038027836382261	 -0.44840557802865516	 
0.0	 0.0	 0.0	 1.0	 
16	 17	  37
0.6612607292923774	 -0.36648889319411565	 0.6545381112365158	 -0.5421509090964058	 
0.3376769339728787	 0.9245593695547413	 0.17653402060570586	 0.2688140257819419	 
-0.6698571012972765	 0.1042874073601007	 0.7351296487747714	 -0.5318673104804927	 
0.0	 0.0	 0.0	 1.0	 
16	 23	  37
0.9261287256378411	 -0.26368703555929973	 0.2697308488593338	 -1.204245420820079	 
0.25031294714606567	 0.9645584590286302	 0.08348896697986452	 0.3568706464526101	 
-0.2821861301330722	 -0.00980440687969194	 0.9593095754584433	 -0.6198397276351391	 
0.0	 0.0	 0.0	 1.0	 
18	 22	  37
0.9539744572036218	 0.18287386431244665	 -0.237676007948821	 0.4200916306769569	 
-0.16481025688970466	 0.981841150460627	 0.09394431587968835	 0.053378017005189	 
0.25054004515646777	 -0.05044903382212689	 0.966790867126603	 -0.2758216161827149	 
0.0	 0.0	 0.0	 1.0	 
19	 21	  37
0.904980001424906	 -0.10936945299437063	 0.4111563203608691	 0.31449158259979304	 
0.053251764359745234	 0.987912469696927	 0.14557885083312042	 -0.06982841345720736	 
-0.42210833516237417	 -0.10985114914751648	 0.8998651445730177	 0.05009835852247661	 
0.0	 0.0	 0.0	 1.0	 
19	 31	  37
0.08688882457486426	 0.09163463793989246	 0.9919946699925477	 -1.4965068074030876	 
0.19087883005896175	 0.9757802436307824	 -0.10685592344447946	 -0.10121962694200157	 
-0.977760504622334	 0.1986353676198559	 0.06729328592961012	 2.1678290679771584	 
0.0	 0.0	 0.0	 1.0	 
20	 21	  37
0.9784202713603029	 0.08240068070160948	 -0.18948324572674627	 0.010413247274658897	 
-0.1439995091129729	 0.9295878406637114	 -0.33930898583061786	 0.0013907773569284928	 
0.1481820298364617	 0.35927228436116615	 0.9213932448870326	 -0.18858212939702101	 
0.0	 0.0	 0.0	 1.0	 
20	 30	  37
0.31824401191244067	 -0.2067531563308958	 0.9251885652282388	 -2.728686533067748	 
0.03421732070424662	 0.9777974490133133	 0.20673974863794475	 0.25827143372884004	 
-0.94739111450641	 -0.034136213179992436	 0.31825272206853644	 1.0420144260751594	 
0.0	 0.0	 0.0	 1.0	 
20	 31	  37
0.18003797014896564	 -0.36630460141035387	 -0.9129114241207863	 2.1950635495685793	 
-0.32825284221011924	 -0.8972497151079071	 0.2952846428782891	 -1.0208179729065139	 
-0.9272736386232593	 0.2465033219337667	 -0.2817795439523584	 3.0752269701476447	 
0.0	 0.0	 0.0	 1.0	 
21	 30	  37
-0.024795320925203444	 -0.6101989464723874	 0.7918601125099082	 -2.2874659505231496	 
0.43909264718800456	 0.7049591354182144	 0.5569831815915394	 -0.13859967956460015	 
-0.898099570897151	 0.3615105297420698	 0.25045418271604336	 1.7525217120741068	 
0.0	 0.0	 0.0	 1.0	 
21	 31	  37
-0.782333212611135	 0.4100176357531959	 0.4688712859803867	 -0.46318768591061876	 
0.3912655974340293	 0.9092178875595572	 -0.14224649453090085	 -0.4510015789464766	 
-0.48462973155815964	 0.07216904677974548	 -0.8717371461494394	 2.7779934867320404	 
0.0	 0.0	 0.0	 1.0	 
24	 25	  37
0.9882956476499697	 0.011800846249087484	 -0.15209356614903882	 0.7072814399249774	 
-0.0043260812285901016	 0.9987705289555632	 0.04938335256974774	 0.10018722529071605	 
0.1524893368643534	 -0.048147383289538714	 0.9871316181872805	 -0.3102513653284339	 
0.0	 0.0	 0.0	 1.0	 
24	 26	  37
0.8690047543714948	 0.17376836031050522	 -0.4632874850832203	 0.8259995784954095	 
-0.1597767009619112	 0.9846939114085361	 0.0696369633505436	 0.5319952765538769	 
0.46829706673164684	 0.013507693731921927	 0.8834678259566556	 -1.0009425314539653	 
0.0	 0.0	 0.0	 1.0	 
25	 26	  37
0.9245757187659651	 0.1508318303992415	 -0.3498706892650661	 0.09374611619891372	 
-0.13534737179631856	 0.9884310554196811	 0.06844806520101344	 0.34708277759940076	 
0.35614720161223656	 -0.015931340820773555	 0.9342940453430196	 -0.6871600696218786	 
0.0	 0.0	 0.0	 1.0	 
25	 29	  37
0.9624217849199135	 -0.11848195621142589	 0.24434879570786006	 -0.1184568974155684	 
0.15436555139743724	 0.9789793383109283	 -0.13330690793077027	 0.9587585473627248	 
-0.2234179591110184	 0.16601650885562977	 0.9604805746781431	 -1.492014798894824	 
0.0	 0.0	 0.0	 1.0	 
26	 29	  37
0.8235228964203232	 -0.196214449813216	 0.5322686621960554	 -0.33429548660037167	 
0.27542144043873795	 0.9585656140809543	 -0.07276670700432639	 0.4391951111819681	 
-0.4959365576544364	 0.20652325095760937	 0.8434423973193236	 -0.7267456606624193	 
0.0	 0.0	 0.0	 1.0	 
27	 28	  37
0.9454864105007063	 -0.015366650637838472	 0.3252988066480793	 -0.03408256191910929	 
0.14985491054692626	 0.9073786892165391	 -0.3926925262093071	 0.08458105788577776	 
-0.28913483592168987	 0.420033070607362	 0.8602169878889208	 -0.2998633694998528	 
0.0	 0.0	 0.0	 1.0	 
27	 29	  37
0.9492128745686422	 0.12859663698027277	 -0.28715470344485095	 0.2114266235165052	 
-0.17401719313693706	 0.9749370080733236	 -0.13862123495979847	 0.0828572608280902	 
0.262131522800823	 0.18155091640198776	 0.9478007857707871	 -0.2561458734994588	 
0.0	 0.0	 0.0	 1.0	 
27	 32	  37
0.9944091166419413	 0.007877217375906777	 -0.10530174825617088	 -0.01827026619302588	 
0.009111925215585317	 0.9870930415196463	 0.15988839921132272	 0.39614654608707134	 
0.10520209863999293	 -0.15995398347620565	 0.981502542845323	 -0.5546601677382215	 
0.0	 0.0	 0.0	 1.0	 
28	 29	  37
0.7753820003385186	 0.23001599691042673	 -0.5881117195876471	 0.29027085243358947	 
-0.0784397056673047	 0.959173062148574	 0.2717245837670062	 0.03083594586264691	 
0.6266019199825863	 -0.16455904111846545	 0.7617679146960102	 0.21806701123821393	 
0.0	 0.0	 0.0	 1.0	 
28	 32	  37
0.9090701664279991	 0.13848996385923207	 -0.39295287557268	 0.19527801803225892	 
0.11537330035188413	 0.8225847974383876	 0.5568152768999437	 0.08818094836636689	 
0.40035038912992676	 -0.5515204265786677	 0.7318092545124044	 -0.2886932196137551	 
0.0	 0.0	 0.0	 1.0	 
29	 32	  37
0.9644171554386135	 -0.23260689648706726	 0.12567251888280287	 -0.3490384202262357	 
0.18523233928643285	 0.9336427631023584	 0.30659447383974414	 0.2544156326772899	 
-0.1886492268157215	 -0.27240635567704463	 0.9435074173574798	 -0.2630490973465974	 
0.0	 0.0	 0.0	 1.0	 
30	 31	  37
0.9748718227731588	 0.04330155907265309	 -0.21851751450356402	 -0.054923483418713705	 
-0.1818201715303567	 0.7214262440753729	 -0.6681957793820393	 0.0889877476871346	 
0.12871035073998308	 0.691136129384926	 0.711171214456275	 -0.20513264512487714	 
0.0	 0.0	 0.0	 1.0	 
33	 35	  37
0.9470230762088538	 -0.19941082877889535	 0.25175904054002196	 -0.09237168184542505	 
0.2572848064520591	 0.9402346082724639	 -0.22307713862171621	 -0.036051897382787676	 
-0.192228565767018	 0.2760329740673024	 0.9417292475710384	 -0.01281746501062437	 
0.0	 0.0	 0.0	 1.0	 
36	 37	  37
0.9410411432665488	 -0.1463845406968067	 0.3049805451575077	 -0.20835896950429023	 
0.1956931544759621	 0.9709357588943313	 -0.13779673940821618	 0.1725251131768161	 
-0.275945204652722	 0.18935500612678188	 0.9423369491237694	 -0.22512547742187758	 
0.0	 0.0	 0.0	 1.0	 
38	 39	  37
0.7513471635984296	 0.4619234758202705	 -0.47127926141377624	 0.5319310898492132	 
-0.402726146633625	 0.8867119391032267	 0.2270541518436257	 -0.3034641199760656	 
0.5227705907663769	 0.019199987966555927	 0.8522571618307809	 0.3389415159151094	 
0.0	 0.0	 0.0	 1.0	 
38	 40	  37
0.641919406773628	 0.08151297619461542	 -0.7624271177753903	 0.7298901323485795	 
-0.4571912379721867	 0.8389350086697143	 -0.2952358771386133	 -0.45557694789017555	 
0.6155612456359264	 0.5380926369504074	 0.5757956815841048	 0.08957143231330777	 
0.0	 0.0	 0.0	 1.0	 
38	 41	  37
0.964108953684126	 -0.25685184217366114	 0.06723880277114298	 0.19660900639883183	 
0.2422209781272867	 0.9545934725988238	 0.17343673148090663	 -0.34178802958688453	 
-0.1087332662121423	 -0.1509252571431176	 0.9825470185060475	 0.5585544970347418	 
0.0	 0.0	 0.0	 1.0	 
38	 56	  37
0.2537158167709762	 0.17418122983861278	 -0.9514668588511868	 2.2584289230507997	 
-0.5539344350365385	 0.8325470252670168	 0.004700255290050405	 -0.030360456673878974	 
0.7929595992236849	 0.5258577278037749	 0.3077153296604892	 -0.392235774402766	 
0.0	 0.0	 0.0	 1.0	 
39	 40	  37
0.994709140758798	 -0.05436640551278024	 -0.0871666177072009	 0.026250150839191633	 
-0.024073267072709126	 0.7015114303602281	 -0.7122514941271743	 0.17700159932309428	 
0.09987093222424342	 0.7105814569953022	 0.6964910551264056	 -0.28612495538700927	 
0.0	 0.0	 0.0	 1.0	 
39	 41	  37
0.6126312920730477	 -0.6688346709352804	 0.4211212211796062	 -0.037819105583680776	 
0.6329134405035429	 0.7342807848513252	 0.2454634511044145	 -0.23721978860815726	 
-0.47339568735136917	 0.11615468975903145	 0.8731578386775828	 0.2914472424915303	 
0.0	 0.0	 0.0	 1.0	 
39	 56	  37
0.8219397178902232	 0.10099710601570872	 -0.5605485569787787	 0.7753383056837049	 
-0.38099896776577996	 0.8290487706839397	 -0.409289533690831	 0.9828714881385757	 
0.4233850336466203	 0.5499797454487751	 0.7199079058325104	 -1.3642094806087721	 
0.0	 0.0	 0.0	 1.0	 
40	 56	  37
0.879106416366466	 0.1446544645215555	 -0.4541442442630879	 0.5437187658040212	 
-0.03720303598417541	 0.9707508988042685	 0.23718901025187797	 -0.1876527318132685	 
0.47517138257356084	 -0.19161883614271163	 0.8587749290812133	 -1.4165367402084548	 
0.0	 0.0	 0.0	 1.0	 
41	 56	  37
0.013268359666543886	 0.3933392912380348	 -0.9192976409194797	 2.0142145190329104	 
-0.7500669729979118	 0.6118883461059222	 0.25098244543694437	 -0.1352335635284178	 
0.6612287702826526	 0.6862046734525494	 0.30314956619195693	 -0.8508114684808126	 
0.0	 0.0	 0.0	 1.0	 
42	 43	  37
0.7582144902508456	 -0.4445185358659383	 0.4769843373164911	 -0.12757261054987562	 
0.5074481340259042	 0.861674721346523	 -0.0036146737086731897	 -0.28515320657871196	 
-0.4093985564792312	 0.2447855099142809	 0.8789043611728907	 0.25534058761086503	 
0.0	 0.0	 0.0	 1.0	 
43	 44	  37
0.9327596273111026	 0.12988131825565077	 -0.3362890435720832	 -0.10087682729442582	 
-0.34679649760503967	 0.5780272495151636	 -0.738658708786955	 -0.26056408247017465	 
0.09844626405978966	 0.8056148844119678	 0.5842028681088115	 0.025479956809329053	 
0.0	 0.0	 0.0	 1.0	 
44	 48	  37
0.9910147335406333	 -0.058579007237410795	 0.12024266221464645	 0.26071290230019223	 
0.057360374686161744	 0.9982612550198192	 0.013574024536489543	 -0.025438999380722662	 
-0.1208287437708813	 -0.00655489415120948	 0.9926517254512869	 0.4150237564532684	 
0.0	 0.0	 0.0	 1.0	 
45	 47	  37
0.6714306511644879	 -0.3856148240794174	 0.632836541396775	 -0.08592186483407288	 
0.46629688453692886	 0.8835506602826952	 0.043651416760149296	 -0.03748333917992605	 
-0.5759757773969201	 0.26578080849492164	 0.773053986269911	 0.0739364006100034	 
0.0	 0.0	 0.0	 1.0	 
46	 47	  37
0.9644171574270862	 0.13738841364130722	 -0.2258848606201469	 -0.04971074071357769	 
-0.1239494990534257	 0.98962122923013	 0.0727072509551208	 -0.033343927546118125	 
0.2335295873003311	 -0.0421218049728555	 0.9714369178702063	 0.08420684279969648	 
0.0	 0.0	 0.0	 1.0	 
46	 56	  37
0.7387383450710957	 -0.04317219674099484	 0.6726082209950867	 -0.8948061012559642	 
0.39007847348784214	 0.8412111359990555	 -0.3744363887131864	 0.35054137010122605	 
-0.5496402842250678	 0.5389805062335136	 0.6382754670651636	 -0.5848312284341773	 
0.0	 0.0	 0.0	 1.0	 
49	 50	  37
-0.39650793859233685	 -0.07709128873979719	 0.9147887121262985	 -2.304251713167153	 
0.636114819022472	 0.6954039217027124	 0.33432218397900865	 -0.749402876238924	 
-0.6619209859592478	 0.7144720560532254	 -0.22669426429844466	 2.18555948229897	 
0.0	 0.0	 0.0	 1.0	 
49	 51	  37
0.7228581989501549	 0.23924635894705004	 -0.6482570508225257	 0.2294802119188919	 
-0.4696213313217038	 0.8582803331882914	 -0.20690740641607203	 -0.2887200869710636	 
0.5068844339473938	 0.4540000543973257	 0.732770169445411	 0.1400181107624684	 
0.0	 0.0	 0.0	 1.0	 
49	 52	  37
0.9605578417790208	 0.18164071114130187	 -0.21055945633695214	 0.23992793837581994	 
-0.257079985463497	 0.8687104553352997	 -0.4233816550882022	 -0.1524307994674572	 
0.1060118562752241	 0.4608131908346583	 0.8811428314875304	 0.0020885188536335884	 
0.0	 0.0	 0.0	 1.0	 
49	 53	  37
0.4278298925112036	 0.7182943885458545	 -0.5486481153320301	 0.015005276520096604	 
-0.506515090307846	 0.6932697927063098	 0.512659202405832	 -0.3289351134438206	 
0.7486013935094472	 0.058567618224466884	 0.6604284879767282	 0.4287514864138751	 
0.0	 0.0	 0.0	 1.0	 
49	 55	  37
0.16784199025635219	 0.8482046788200597	 -0.5023722615098755	 6.456227781349052e-05	 
-0.6127265792941642	 0.48897033606868906	 0.6208656452658234	 -0.20826559736507108	 
0.7722662787751777	 0.2036095117440087	 0.601787305776806	 0.286241395790819	 
0.0	 0.0	 0.0	 1.0	 
50	 51	  37
-0.9213430366058741	 0.23953580826391074	 -0.3061855735615581	 0.49614692023669	 
-0.027661579834552825	 0.7452231509734747	 0.6662411667363559	 -1.6022417030048963	 
0.3877651942850495	 0.6223062363599766	 -0.6799802219833733	 2.5081143500613807	 
0.0	 0.0	 0.0	 1.0	 
50	 52	  37
-0.6306866000119298	 0.24048241045071544	 -0.7378364472084623	 0.7025402381532065	 
-0.33465018296987886	 0.7735490311084897	 0.5381739045228262	 -1.6351977298220328	 
0.7001740266559585	 0.5863361721188034	 -0.40738952571396675	 2.562372939977875	 
0.0	 0.0	 0.0	 1.0	 
50	 53	  37
0.998169060658718	 -0.04048006836208888	 -0.04494319090911219	 0.02918845810830623	 
0.050147166780336226	 0.9693027928015342	 0.24070180209348183	 -0.04542939050358008	 
0.03381993506199303	 -0.2425148653846709	 0.969558018924013	 0.21879150019518473	 
0.0	 0.0	 0.0	 1.0	 
50	 54	  37
0.9228016675890601	 0.15604171799013583	 -0.35226135828605404	 0.1851931246870653	 
-0.20113080332570232	 0.9749449542609394	 -0.09501966172688593	 -0.12507299478056552	 
0.3286084025833888	 0.15853491226799546	 0.9310656256912139	 0.08650328204778157	 
0.0	 0.0	 0.0	 1.0	 
51	 52	  37
0.8723847743489247	 -0.03529566049731303	 0.4875438665743148	 -0.12134939472414186	 
0.05118597195284144	 0.9985025742706352	 -0.019302990704993726	 0.04905237911715321	 
-0.48613249403780606	 0.04179504187068812	 0.8728850856301814	 -0.1419272792125735	 
0.0	 0.0	 0.0	 1.0	 
51	 53	  37
-0.901422208407717	 -0.030014249727783725	 0.4318994639990103	 -0.4960149359383648	 
0.32578829639185475	 0.6099818806649554	 0.7223462405208021	 -0.26102374640571946	 
-0.2851315277612197	 0.7918467339540666	 -0.5400729226714026	 2.8262765718219103	 
0.0	 0.0	 0.0	 1.0	 
51	 54	  37
0.6369828553447192	 -0.2402438472364534	 0.7324859970415237	 -0.8557282406753932	 
0.16251921413011594	 0.9706923189750353	 0.1770421614231958	 -0.007706106956198824	 
-0.7535518210683437	 0.006270227100754947	 0.6573586062543693	 0.45543220631256554	 
0.0	 0.0	 0.0	 1.0	 
53	 54	  37
0.9318044354420343	 0.19211251048793493	 -0.30795012161805396	 0.12659596302208923	 
-0.29439940454219815	 0.8962871992037637	 -0.33165983650220854	 0.0015474124840800215	 
0.21229574818104613	 0.3997024391437904	 0.8917221963407397	 -0.16055906070976436	 
0.0	 0.0	 0.0	 1.0	 
53	 55	  37
0.9414167088768248	 0.3032365621844778	 -0.14758783012859147	 -0.10229990351461506	 
-0.29351696489186074	 0.9522360319716998	 0.08422785011776379	 0.09575184250378806	 
0.16607941343886334	 -0.03597397349931584	 0.9854559866693555	 -0.042013612941753375	 
0.0	 0.0	 0.0	 1.0	 
