0	 1	  37
0.9968869298337247	 0.06675601731848364	 -0.041953346451329074	 -0.10631857432334166	 
-0.06616697429706708	 0.9976916062276183	 0.01527711933993177	 -0.03375404559334692	 
0.04287634125088327	 -0.012453634599166858	 0.999002765935214	 0.12199077438694879	 
0.0	 0.0	 0.0	 1.0	 
0	 2	  37
0.9670523727638378	 0.1217201994349049	 -0.22359316040826918	 -0.4413734710829285	 
-0.1078732092523268	 0.9914676135562488	 0.073180202204423	 -0.21244716864181343	 
0.23059288596449556	 -0.046649376401014214	 0.9719314567519471	 0.3495395110933655	 
0.0	 0.0	 0.0	 1.0	 
0	 3	  37
0.9297117354756598	 0.09101630240305147	 -0.3568642901940643	 -0.2730530054413377	 
-0.11299180624171862	 0.99274237817045	 -0.0411755061500843	 -0.5590593290160403	 
0.3505266618120096	 0.07860409201407939	 0.933248335695045	 0.5915649868455648	 
0.0	 0.0	 0.0	 1.0	 
0	 4	  37
0.9818082027733183	 -0.07851146627874156	 0.17288320516981923	 -0.0785525824743471	 
0.09046215158811093	 0.9939458257278045	 -0.06235619174006384	 -0.5001365347742296	 
-0.16694086407191458	 0.07686120725721124	 0.9829664809757693	 0.510811778487481	 
0.0	 0.0	 0.0	 1.0	 
0	 5	  37
0.9500152963884207	 -0.19828391773448117	 0.24115228507291211	 0.13475609481279663	 
0.2291120442331116	 0.9674928162074259	 -0.10707624281020117	 -0.21773347880575078	 
-0.21208160649935257	 0.15697496155403232	 0.9645622082736625	 0.3324882353223051	 
0.0	 0.0	 0.0	 1.0	 
0	 6	  37
0.9581054379947783	 -0.12828711186921757	 0.25607886795495266	 0.4145184817810381	 
0.15010271732102318	 0.9863659239241628	 -0.06746434891168299	 -0.0049319696649917115	 
-0.2439326627118233	 0.1030760934915907	 0.9642987996533189	 0.30884645995122695	 
0.0	 0.0	 0.0	 1.0	 
0	 10	  37
0.9998807922740821	 0.002421758282419151	 -0.015249141883214665	 0.7332206495834586	 
-0.00340717900929353	 0.9978839517432814	 -0.06493080920803186	 -0.17336703130680325	 
0.015059627238132402	 0.06497502551005832	 0.99777324763065	 0.1990812531098997	 
0.0	 0.0	 0.0	 1.0	 
0	 11	  37
0.9747817006640624	 -0.218503803728758	 0.045351116927175035	 0.4900603354862267	 
0.21991210612439097	 0.9750957340612538	 -0.02875717293963245	 -0.22514944115134902	 
-0.03793812897880593	 0.03800522558293444	 0.9985571096326823	 0.3779325184080869	 
0.0	 0.0	 0.0	 1.0	 
0	 12	  37
0.9849594700623169	 -0.15639211679571108	 -0.07345984031235206	 0.19484276453437285	 
0.15513948641124967	 0.9876364383990766	 -0.022494561619213538	 -0.3463492317757858	 
0.07606958715947659	 0.010759709593833868	 0.9970444556582434	 0.6699064278417317	 
0.0	 0.0	 0.0	 1.0	 
0	 13	  37
0.9808500666568759	 -0.10639841801662786	 -0.16313345267835308	 -0.1363336563198427	 
0.10372347831118361	 0.9942956226413511	 -0.024852662699930358	 -0.40270555103367733	 
0.16484716189922993	 0.007455966725115783	 0.9862909417479018	 0.6953381815857483	 
0.0	 0.0	 0.0	 1.0	 
0	 14	  37
0.9713485744917815	 -0.2332369480266805	 -0.04563411999789804	 -0.2915340348981957	 
0.23506029147256113	 0.9711683888335648	 0.039731849985267534	 -0.5564149422734547	 
0.03505147936417871	 -0.049320245392910855	 0.998167775070286	 0.9586042219623137	 
0.0	 0.0	 0.0	 1.0	 
0	 15	  37
0.8683639344961973	 -0.43358301555537093	 0.24072774224877974	 -0.11227513508877297	 
0.3901017754904956	 0.8969098700208149	 0.20826255020624224	 -0.6515818670028628	 
-0.3062101925564318	 -0.08693936784423702	 0.9479856878104208	 1.060006523979476	 
0.0	 0.0	 0.0	 1.0	 
0	 19	  37
0.8188429514017985	 -0.3608331951992891	 0.44642538702661677	 0.12836203076268743	 
0.39873255581046796	 0.9170145312307563	 0.009833536926708311	 -0.18526271788014198	 
-0.41292683356309623	 0.16995221314801584	 0.8947668273743987	 0.28796129088712835	 
0.0	 0.0	 0.0	 1.0	 
0	 26	  37
0.07211231821435747	 0.11536591371450018	 -0.9907020336683319	 1.744609105759725	 
-0.08241863364229574	 0.9905802281880413	 0.10935255073140834	 -0.4692232099670419	 
0.9939854035096737	 0.07376664202569234	 0.08094133760919148	 2.2396349848622776	 
0.0	 0.0	 0.0	 1.0	 
0	 27	  37
0.4580721208878451	 0.2758089510561487	 -0.8450439956491136	 2.0250912695324303	 
-0.2685041540417593	 0.9491724915011461	 0.16424707193684282	 -0.5596043506547791	 
0.8473933274032971	 0.1516608185881054	 0.508845305350806	 1.000478969634172	 
0.0	 0.0	 0.0	 1.0	 
0	 28	  37
0.17645521959253277	 0.3147643256045682	 -0.9326237048270071	 1.5841898569731836	 
-0.26146479380317567	 0.9284406965767321	 0.2638826150802209	 -0.937509739311985	 
0.9489466355280545	 0.1972847998879152	 0.24612799648388542	 1.7419857961066598	 
0.0	 0.0	 0.0	 1.0	 
0	 29	  37
0.0969922461927169	 0.3742936002674081	 -0.922223836699829	 0.8671188577913113	 
-0.3173562208830098	 0.889856857097533	 0.32778011370941235	 -1.091919891318271	 
0.9433332037224947	 0.2608813421373077	 0.20509361784144164	 1.7022266238467598	 
0.0	 0.0	 0.0	 1.0	 
0	 31	  37
0.8854392307214072	 -0.29330404054177084	 -0.36051367311289834	 0.7422165597308051	 
0.3224509708447972	 0.9463293657160023	 0.022047743303940413	 -0.3704589638856864	 
0.33469798341300194	 -0.1357699207682621	 0.93249331821405	 1.061864954456385	 
0.0	 0.0	 0.0	 1.0	 
0	 32	  37
-0.5499108953518763	 0.594338910602694	 -0.5868213241838606	 0.2608915848991991	 
-0.3660210796990325	 0.4600480113003238	 0.8089402923050444	 -1.2897242934927957	 
0.7507506752506128	 0.6596340550958685	 -0.03544484403306704	 2.0266249494175663	 
0.0	 0.0	 0.0	 1.0	 
0	 37	  37
0.3899567209860629	 -0.6182720159638069	 0.6824027183663967	 -0.3095125051097954	 
0.4649868325111687	 0.771861814009554	 0.43360879334385083	 -1.0521455836036688	 
-0.7948087828836743	 0.14821961526711047	 0.5884810483788258	 1.2191101562862812	 
0.0	 0.0	 0.0	 1.0	 
0	 38	  37
0.64682333042857	 -0.6174950308378582	 0.4475706269448941	 -0.38134021434604237	 
0.44768893587481756	 0.7825489210073446	 0.4326566802044247	 -0.8572307239822224	 
-0.6174092612753445	 -0.07948001711621018	 0.7826165925730427	 0.6922306591147693	 
0.0	 0.0	 0.0	 1.0	 
0	 39	  37
0.6965316557655697	 -0.49750317855302056	 0.5170437504178106	 -0.32935199986748076	 
0.33965138473861006	 0.8633554539776775	 0.37316792055607373	 -0.6662018089600662	 
-0.632044768478957	 -0.08430864378366228	 0.7703320473807005	 0.373618185237132	 
0.0	 0.0	 0.0	 1.0	 
0	 41	  37
0.9629443786030298	 -0.04000452051065446	 -0.2667166325063672	 -0.45132378805520995	 
-0.059239462633703346	 0.9334137540838077	 -0.3538777327750953	 -0.27754559244658894	 
0.2631136822434248	 0.3565647234737113	 0.896455681107784	 -0.00638889629691376	 
0.0	 0.0	 0.0	 1.0	 
1	 2	  37
0.9687346569566194	 0.03926091397611541	 -0.2449729475776905	 -0.2029161183953823	 
-0.034152695680673625	 0.9991022134416041	 0.025067119376385828	 -0.15634304478057184	 
0.24573717217565041	 -0.015916900761355973	 0.9692058060501232	 0.2377177992025346	 
0.0	 0.0	 0.0	 1.0	 
1	 3	  37
0.956624727255027	 0.027688048109034403	 -0.29000431582333036	 -0.13425934351819785	 
-0.060153926360480496	 0.9927941099430075	 -0.10364053456968463	 -0.4960201325361473	 
0.2850449725002425	 0.11658999637354772	 0.9513969394516426	 0.4822215071084058	 
0.0	 0.0	 0.0	 1.0	 
1	 4	  37
0.9726326892096022	 -0.14103353853465975	 0.1846488366854511	 0.14242681848280273	 
0.15467898728665536	 0.9860402434247391	 -0.06163642785606553	 -0.4714918652500693	 
-0.17337838035023956	 0.08851089964108327	 0.980869898545089	 0.3786266442808297	 
0.0	 0.0	 0.0	 1.0	 
1	 5	  37
0.9204587796384008	 -0.29768710942303117	 0.25325485162173245	 0.33156482785516367	 
0.3308634959586713	 0.9384220884352179	 -0.0994652249728037	 -0.1626252490879797	 
-0.20805043145495203	 0.17534642517098648	 0.9622726480323359	 0.1936288158076817	 
0.0	 0.0	 0.0	 1.0	 
1	 10	  37
0.9961896408291955	 -0.08677318163834087	 -0.00875296823702035	 0.9373923060340149	 
0.0857445355095046	 0.9928079784951644	 -0.083547546143534	 -0.07104061621238297	 
0.015939703098179155	 0.08247868078907537	 0.9964653496637185	 0.05904851805159241	 
0.0	 0.0	 0.0	 1.0	 
1	 11	  37
0.9603357418299535	 -0.2671736344179839	 0.07983427857630213	 0.6356980595585439	 
0.27105616471256055	 0.9616305545102434	 -0.042370180594835626	 -0.14768223804740616	 
-0.0654508864357858	 0.06232917217649718	 0.9959072525895982	 0.22818759463179578	 
0.0	 0.0	 0.0	 1.0	 
1	 12	  37
0.9777422484573091	 -0.20731085118847462	 -0.03228477289925793	 0.3426386361719064	 
0.20621008503566465	 0.9779037943774372	 -0.03437396939247662	 -0.3072929562056317	 
0.03869749877227903	 0.02695143635728977	 0.9988874429419207	 0.5240972933588727	 
0.0	 0.0	 0.0	 1.0	 
1	 13	  37
0.9776123147697603	 -0.16472109149780334	 -0.13092411552606473	 0.0534391952983924	 
0.1623939795899412	 0.9863191908560183	 -0.028331063200495634	 -0.4440795463707127	 
0.1337996913428868	 0.006435508130754405	 0.9909875008453174	 0.5615650234758958	 
0.0	 0.0	 0.0	 1.0	 
1	 14	  37
0.9637297681101418	 -0.2668659497747179	 -0.002738413630178881	 -0.11953253444279921	 
0.26687872481515257	 0.9637061429392667	 0.0067982572884026805	 -0.5047396228951075	 
0.0008248026492295609	 -0.007282507257743994	 0.9999731420336401	 0.8276009146947075	 
0.0	 0.0	 0.0	 1.0	 
1	 26	  37
-0.7389106452329197	 0.3215930985182647	 -0.5921055120051583	 0.5384116642966492	 
-0.33552179358893985	 0.5864454818679506	 0.7372291521796512	 -1.82300998884104	 
0.5843254096719823	 0.7434107719034532	 -0.32542931618030463	 2.5243074953675846	 
0.0	 0.0	 0.0	 1.0	 
1	 27	  37
0.3251954953414311	 0.28659498288974256	 -0.9011721287257329	 2.313200604966767	 
-0.34794021858404284	 0.9223809129281594	 0.167782763588825	 -0.5536003823252091	 
0.8793096690593876	 0.2589918285356569	 0.3996720388649013	 1.0985756949343441	 
0.0	 0.0	 0.0	 1.0	 
1	 28	  37
0.23048960591127787	 0.25906573673452765	 -0.9379549486073735	 1.8083994013962048	 
-0.251341596697492	 0.9470490238063445	 0.19981378400151908	 -0.8234621387983595	 
0.9400542236150101	 0.1896920940831398	 0.28339895219625283	 1.5670020390632227	 
0.0	 0.0	 0.0	 1.0	 
1	 29	  37
0.508750288147606	 0.8503305058499866	 0.13457776610804953	 -0.17259315018192525	 
0.4997556541086079	 -0.16441050139271107	 -0.8504195865678741	 1.2343367147610917	 
-0.7010117192288613	 0.4999072092425769	 -0.5086013681175984	 2.694100129305242	 
0.0	 0.0	 0.0	 1.0	 
1	 31	  37
0.8966202122028357	 -0.38424859230964936	 0.22005729794168258	 0.7434560617139051	 
0.23895620466317954	 0.8382702282631379	 0.4901050465569957	 -0.7403808919519862	 
-0.3727896555999245	 -0.38685403412103553	 0.8434286152140974	 0.8579724369413588	 
0.0	 0.0	 0.0	 1.0	 
1	 32	  37
-0.6990614464753846	 0.5971893983933584	 -0.3932911345279996	 0.29367736555156554	 
-0.28812525606817757	 0.2681385789969743	 0.919285341593746	 -1.6927647328780973	 
0.6544439860426478	 0.7559540494633661	 -0.01537999455619254	 2.2416526389011926	 
0.0	 0.0	 0.0	 1.0	 
1	 40	  37
0.9800677097680505	 -0.11127998465153957	 -0.16457232235695404	 -0.30721525375677877	 
0.03949887073234452	 0.9210070066947508	 -0.38753829853324756	 -0.005447584541056514	 
0.19469751791144582	 0.37331335180398795	 0.9070446614605007	 -0.37406129865042587	 
0.0	 0.0	 0.0	 1.0	 
1	 41	  37
0.959347618460228	 -0.15235811342389624	 -0.23756925775150187	 -0.2708367404908216	 
0.05767843130984597	 0.9298417506985787	 -0.3634109481281994	 -0.3029019647054593	 
0.2762704209942205	 0.3349348054946108	 0.9008292460571892	 -0.0929543066739082	 
0.0	 0.0	 0.0	 1.0	 
2	 3	  37
0.9974071656743994	 0.018825132218161664	 -0.06945905454533043	 0.16130748468978517	 
-0.027446695387153715	 0.9917341063841157	 -0.12534010191006414	 -0.33903722519407203	 
0.06652536939910339	 0.12692153730344222	 0.9896793918208281	 0.19482237539570346	 
0.0	 0.0	 0.0	 1.0	 
2	 11	  37
0.8915750463549594	 -0.34865341466338473	 0.2890237588170104	 0.8634685991807792	 
0.37855459237988887	 0.924057134897379	 -0.05305499065443876	 0.10337980332707988	 
-0.24857666283311391	 0.1567137769591699	 0.955850634150516	 -0.18577762722385566	 
0.0	 0.0	 0.0	 1.0	 
2	 12	  37
0.9415236914501351	 -0.2686606992666189	 0.20335822360475647	 0.5971099983332119	 
0.28454148860478035	 0.9572083332231366	 -0.052804811056953734	 -0.11434319199934692	 
-0.18046960880072407	 0.10758083229719094	 0.9776794386820034	 0.14478823782997086	 
0.0	 0.0	 0.0	 1.0	 
2	 13	  37
0.9670727691103663	 -0.23064127905764828	 0.10758652164587967	 0.3257384528690652	 
0.2399707294243135	 0.9671690965319075	 -0.08365397619489909	 -0.19099897855015519	 
-0.0847602988714063	 0.10671709848148003	 0.9906700523519034	 0.24804802701757744	 
0.0	 0.0	 0.0	 1.0	 
2	 14	  37
0.9135197929167743	 -0.36238646670969926	 0.18481784733881582	 0.31574566847145763	 
0.36557554736805337	 0.9306123768596004	 0.01775170984082912	 -0.4014358184461817	 
-0.1784267556053239	 0.051348347406559997	 0.9826124567207427	 0.5168072903517853	 
0.0	 0.0	 0.0	 1.0	 
2	 26	  37
0.8012172827776044	 0.008007105485876279	 -0.5983199412022058	 1.9651324501957435	 
-0.009087065668865966	 0.9999579754574299	 0.0012134894348357012	 -0.08028514867595185	 
0.5983045136182766	 0.004464703889038112	 0.8012563730811635	 0.1214992177616717	 
0.0	 0.0	 0.0	 1.0	 
2	 27	  37
0.5722991191671304	 0.21827558841111508	 -0.790461564976	 2.72919467219037	 
-0.26291565657401755	 0.961879217780071	 0.07525774332951478	 -0.1440429550397138	 
0.7767554800120685	 0.16475478113420336	 0.6078706987218917	 0.29855904692563323	 
0.0	 0.0	 0.0	 1.0	 
2	 28	  37
0.4113926538881924	 0.26563090957789914	 -0.8718923696211861	 2.4003687823474156	 
-0.3088292995707882	 0.9406297808360677	 0.14085481578883915	 -0.5717335234132163	 
0.8575433213858334	 0.21131927333092237	 0.46900278961371256	 0.888699959933765	 
0.0	 0.0	 0.0	 1.0	 
2	 29	  37
0.4911499395569473	 0.2306291068100096	 -0.8399892570534602	 1.922705804712074	 
-0.2859706509510786	 0.9535572813659388	 0.09460072911249973	 -0.7731226166865353	 
0.8227955539912841	 0.19374913224584348	 0.5342927569096919	 1.075710324245039	 
0.0	 0.0	 0.0	 1.0	 
2	 30	  37
0.3407107001018957	 0.2935844124335644	 -0.893154192517795	 1.432211314807778	 
-0.3609776413457368	 0.9180302933758525	 0.16405951021721948	 -0.9599787632864165	 
0.8681079202982452	 0.26651186318864695	 0.41876015270697786	 1.3045938853761843	 
0.0	 0.0	 0.0	 1.0	 
2	 31	  37
0.04860159171641426	 0.5780560327280202	 -0.8145484075912083	 0.8847679330731131	 
-0.5474141637916085	 0.6975409065356158	 0.46235745586051225	 -1.072156994686028	 
0.8354493512852625	 0.42342402711255483	 0.35033765812544493	 1.2784141333048022	 
0.0	 0.0	 0.0	 1.0	 
2	 40	  37
0.9954084132960905	 -0.05878158525325171	 0.07554347076004958	 -0.2520202531382243	 
0.08532958601906382	 0.9025335523268142	 -0.42208061869050273	 0.1850588602151108	 
-0.043369949148863475	 0.4265886920201435	 0.9034052996033223	 -0.5635937916725186	 
0.0	 0.0	 0.0	 1.0	 
2	 41	  37
0.993773183673247	 -0.10128361343297562	 0.04643801311317467	 -0.23122090736079556	 
0.11121380585975864	 0.8761957171523506	 -0.4689483496399858	 0.04191438121196808	 
0.0068079951621398006	 0.47119284257492483	 0.8820039434764649	 -0.2744141874218669	 
0.0	 0.0	 0.0	 1.0	 
2	 42	  37
0.985499654521593	 -0.09994349582490518	 0.1371193953462424	 -0.10470270978825431	 
0.14989486185105141	 0.8914855875634917	 -0.4275335981618652	 -0.23407638792583627	 
-0.0795107623436986	 0.4418877061074165	 0.8935397550543855	 0.14000865261715192	 
0.0	 0.0	 0.0	 1.0	 
3	 4	  37
0.8550294220327482	 -0.19985528688403859	 0.4785212134930305	 0.2129573125503114	 
0.1923360715164449	 0.9791556305457533	 0.06527700026937888	 0.027765334739108992	 
-0.48159269414305333	 0.03622313452817294	 0.8756462536167149	 -0.1796792556984578	 
0.0	 0.0	 0.0	 1.0	 
3	 5	  37
0.7842333854536012	 -0.23193931321145225	 0.5754842761770158	 0.23456842901358574	 
0.2777047389246571	 0.9606268427736069	 0.00872622035021374	 0.31825262412352934	 
-0.5548495968447412	 0.15297131734352126	 0.8177662874877006	 -0.41070555982650625	 
0.0	 0.0	 0.0	 1.0	 
3	 10	  37
0.9366047666352904	 -0.10876040370418269	 0.33308059940824397	 0.7616578596188291	 
0.1051642264882012	 0.9940358584533832	 0.028865161977438037	 0.4163428309904292	 
-0.334233446236594	 0.007992915297226014	 0.942456426961937	 -0.7560161081291488	 
0.0	 0.0	 0.0	 1.0	 
3	 11	  37
0.857000225254259	 -0.36532018524085924	 0.36344432334228755	 0.6122139380398364	 
0.3513361240176513	 0.9301699072878848	 0.10652169514376028	 0.3153808254295853	 
-0.3769794979496926	 0.03640200312662944	 0.925505997978385	 -0.49852778402437936	 
0.0	 0.0	 0.0	 1.0	 
3	 12	  37
0.9206688111110312	 -0.28219576341269786	 0.26969332835523446	 0.421244535758738	 
0.26833400731987794	 0.9593197757425471	 0.08776347979041949	 0.20387124363200557	 
-0.28348862545621695	 -0.008433207052617317	 0.9589385174534141	 -0.11830388344136161	 
0.0	 0.0	 0.0	 1.0	 
3	 13	  37
0.953252368884885	 -0.24976924671478792	 0.17007423264822213	 0.17808130509403047	 
0.24450261767960255	 0.9682756624910126	 0.05158208386070834	 0.15877829755546663	 
-0.1775623585199768	 -0.007587148549898775	 0.9840803036407675	 0.007318470664215913	 
0.0	 0.0	 0.0	 1.0	 
3	 14	  37
0.8982041608886959	 -0.3522855228985821	 0.26291480695903474	 0.1555164353406408	 
0.32403041316498044	 0.934784179338003	 0.14554322177108925	 -0.006474091982183284	 
-0.29704137204498315	 -0.045535133857811466	 0.9537782629511875	 0.3105702172830143	 
0.0	 0.0	 0.0	 1.0	 
3	 26	  37
0.9469735163256174	 0.018121290457745597	 -0.3208002154145814	 2.520561034306863	 
0.015713586150177462	 0.9946018798808794	 0.10256794698013946	 0.3823967632279381	 
0.3209271608764157	 -0.10217005123599462	 0.9415768890761058	 -0.8272475084762546	 
0.0	 0.0	 0.0	 1.0	 
3	 27	  37
0.636024006847948	 0.2598764474804652	 -0.7265932113349354	 2.520766880002909	 
-0.20599477598642651	 0.9645959718880366	 0.16468382823967714	 0.1447983226467599	 
0.7436663330952819	 0.04493153750213867	 0.6670393856125068	 -0.21230094743414737	 
0.0	 0.0	 0.0	 1.0	 
3	 28	  37
0.5352678457155238	 0.2503308214379407	 -0.8067359005159422	 2.169167324603818	 
-0.16241170336156904	 0.9677563895175059	 0.19253573475911995	 -0.13035988806450097	 
0.8289214510158702	 0.027965163797953822	 0.5586655329081057	 0.4210871723288878	 
0.0	 0.0	 0.0	 1.0	 
3	 29	  37
0.5714353693093186	 0.2144282989990247	 -0.7921376921285256	 1.7634438892403625	 
-0.1687602313845405	 0.9753342894793624	 0.14227792544461443	 -0.2795990236720312	 
0.8031074666601962	 0.052378701341018505	 0.59352747926315	 0.7539490856742748	 
0.0	 0.0	 0.0	 1.0	 
3	 30	  37
0.37386144821292994	 0.3224204943052568	 -0.8696393749089819	 1.3505174746196578	 
-0.2710272788634385	 0.9346843627886325	 0.23002033838399522	 -0.5149644910230983	 
0.8870015961947365	 0.14970025654741412	 0.43682719871549636	 1.1385362352464456	 
0.0	 0.0	 0.0	 1.0	 
3	 40	  37
0.9857022155776427	 -0.0665163394921806	 0.1548118819273459	 -0.49460300976605165	 
0.1103626549645786	 0.9491383890375452	 -0.2948837107138711	 0.39690074286576926	 
-0.12732331520383366	 0.3077529772979842	 0.9429087327889857	 -0.7939045664696753	 
0.0	 0.0	 0.0	 1.0	 
3	 41	  37
0.9912868266136061	 -0.08621636523694678	 0.09958496747830597	 -0.38761807108551943	 
0.11493780064982706	 0.9354550785885152	 -0.3342350937958722	 0.2623964983506621	 
-0.06434072865694318	 0.34276892261155206	 0.9372138156939475	 -0.5085691184393396	 
0.0	 0.0	 0.0	 1.0	 
3	 42	  37
0.9754335454231015	 -0.08624425602440808	 0.20270995724461813	 -0.2575387788573801	 
0.1428717829092822	 0.9480821307259019	 -0.2841266039049441	 0.037989056297660494	 
-0.16768140061331005	 0.3061081536010277	 0.9371129847501466	 -0.06556205087449604	 
0.0	 0.0	 0.0	 1.0	 
3	 43	  37
0.9863391842766239	 -0.12014900769429439	 0.11269085815007082	 -0.10876979658404803	 
0.14995637302084042	 0.9380464331264324	 -0.3123811381777272	 -0.06659295908050088	 
-0.06817697375916201	 0.32501246937441364	 0.9432490630794119	 0.33039930925685596	 
0.0	 0.0	 0.0	 1.0	 
3	 44	  37
0.9137493597285125	 -0.13281574342399383	 0.38395583846904124	 -0.09249456789133736	 
0.22339431969218101	 0.9536159539553563	 -0.2017711334435197	 -0.25791233220336496	 
-0.3393480300885805	 0.2701417973223449	 0.9010362500002163	 0.6851601098211846	 
0.0	 0.0	 0.0	 1.0	 
3	 45	  37
0.8389096082922276	 -0.12732944418717498	 0.5291671586162213	 0.07800417672282692	 
0.23986507780479238	 0.9592330496891323	 -0.14945467819304845	 -0.33463587486708474	 
-0.48856464624927665	 0.2523076872135923	 0.8352517090124666	 0.9126259211285469	 
0.0	 0.0	 0.0	 1.0	 
4	 5	  37
0.9881088867265249	 -0.14114292469217485	 0.060987726481707416	 0.2711513033422256	 
0.14381806984672119	 0.9887150570865364	 -0.041939225981539145	 0.22645244781028076	 
-0.05438005845557905	 0.05021165900172948	 0.9972570373492794	 -0.15871199243371847	 
0.0	 0.0	 0.0	 1.0	 
4	 6	  37
0.9959782225192874	 -0.07054766261476365	 0.05523049490013125	 0.5931538268783973	 
0.0713498551804204	 0.9973706568511846	 -0.01268743543703193	 0.43650020754847535	 
-0.05419020606210157	 0.01657709720757057	 0.998393019514418	 -0.14108841215134382	 
0.0	 0.0	 0.0	 1.0	 
4	 7	  37
0.9978945347601988	 -0.06194779711424394	 -0.019208537904240337	 1.020202468080883	 
0.0623312598109888	 0.9978540711441041	 0.020051602218077388	 0.5516083640576617	 
0.017925165162451014	 -0.021206676633303344	 0.9996144083195629	 -0.28772978535471505	 
0.0	 0.0	 0.0	 1.0	 
4	 9	  37
0.9884108367515292	 0.12107140863067585	 0.09157364142769397	 1.397216617301725	 
-0.12330966209662633	 0.9921830370534355	 0.01917154706946905	 0.2245593705157637	 
-0.0885366874564423	 -0.030241279662161655	 0.9956137403524695	 -0.2738890179135483	 
0.0	 0.0	 0.0	 1.0	 
4	 10	  37
0.9777786364390542	 0.06554409379854953	 -0.19913038414945888	 0.889905694926115	 
-0.061795473653433956	 0.9977759667138557	 0.02498879117079528	 0.1949457926085907	 
0.20032537921923868	 -0.012128149749934529	 0.9796543525265993	 -0.19194391008344905	 
0.0	 0.0	 0.0	 1.0	 
4	 11	  37
0.9825939429553575	 -0.1366620413184761	 -0.12582777805441342	 0.5942627690453638	 
0.14333149160979222	 0.9886268967667795	 0.0455295783222256	 0.20949053050403968	 
0.1181745606311084	 -0.06277217099921563	 0.9910067748344058	 -0.04984819990199007	 
0.0	 0.0	 0.0	 1.0	 
4	 12	  37
0.9686617703880664	 -0.06453601521112265	 -0.23985303277074743	 0.24953503710822905	 
0.08315123194946286	 0.9941930034535189	 0.06830918319931362	 0.13107621197445893	 
0.23405180455177443	 -0.08611256949331239	 0.9684030040026292	 0.17493584356911407	 
0.0	 0.0	 0.0	 1.0	 
4	 13	  37
0.9419944651338635	 -0.023901776593654098	 -0.3347762427843902	 -0.06685209832485961	 
0.04375699472306809	 0.9976936150046097	 0.05189196461725901	 0.130944549487084	 
0.33276380973593145	 -0.06353074574330544	 0.9408677331460188	 0.16730541720012762	 
0.0	 0.0	 0.0	 1.0	 
4	 14	  37
0.9695176920814558	 -0.11869804865906255	 -0.21435068925846248	 -0.2895314142835356	 
0.14719755459612474	 0.9815223568456244	 0.12225687274394903	 -0.009303834643356051	 
0.19587834148258418	 -0.15008209838864933	 0.9690753526332676	 0.38731704238074843	 
0.0	 0.0	 0.0	 1.0	 
4	 15	  37
0.9498038663402671	 -0.2980192129416748	 0.09516913471659101	 -0.10223040665046394	 
0.26774471417984314	 0.9317002273704523	 0.24545356861655165	 -0.07942207885326938	 
-0.16181898378692738	 -0.20765171570558003	 0.9647255472157328	 0.536907217866925	 
0.0	 0.0	 0.0	 1.0	 
4	 18	  37
0.7477201332303393	 -0.37185188888664084	 0.5501279624718604	 0.0536750971988362	 
0.3492283665174933	 0.9248735764430994	 0.1504939055805053	 0.0429125444476833	 
-0.5647602592087436	 0.07959296657863517	 0.8214078215415807	 0.12646138613112487	 
0.0	 0.0	 0.0	 1.0	 
4	 19	  37
0.9045316792122495	 -0.31240325547594544	 0.29021827521625815	 0.25689714530576335	 
0.30921394516199624	 0.9492194810539271	 0.058044060032598016	 0.2617042529388488	 
-0.2936139939083669	 0.03723684674814767	 0.9551985342458569	 -0.2067673860710948	 
0.0	 0.0	 0.0	 1.0	 
4	 20	  37
0.9079843632146841	 -0.25314214604945134	 0.33389137462819213	 0.3402254828588533	 
0.1977845138300894	 0.9614434716989118	 0.1910699788468607	 0.15710907822902315	 
-0.36938554688376835	 -0.10745000986981258	 0.9230432347037472	 -0.8798722560526749	 
0.0	 0.0	 0.0	 1.0	 
4	 25	  37
0.8450473686549156	 0.031345953527973265	 -0.5337718388289379	 2.592609408637319	 
0.073462320403765	 0.982006726548405	 0.17397148184280548	 0.144453076233753	 
0.5296208381571649	 -0.18622626079881743	 0.8275394537897229	 0.2718677305836672	 
0.0	 0.0	 0.0	 1.0	 
4	 26	  37
0.6576659761015816	 0.26262810987984203	 -0.706046698015999	 2.406612282749583	 
-0.1805275066088228	 0.964895043037276	 0.19075475165692327	 -0.12481846658152468	 
0.73135851894673	 0.0020079399977561774	 0.681990238156684	 0.5864901044576729	 
0.0	 0.0	 0.0	 1.0	 
4	 27	  37
0.9766711759639036	 -0.21446868532681565	 -0.01079801164438786	 -0.5304585444695238	 
0.2147240917602173	 0.9747432545311839	 0.061393421176082534	 0.32554126757842644	 
-0.0026416773146339277	 -0.06227977809964901	 0.9980552343336639	 -0.7831054328388318	 
0.0	 0.0	 0.0	 1.0	 
4	 37	  37
0.5301711673640153	 -0.608781153394888	 0.5901728904033685	 -0.36093235454922007	 
0.39222641109519146	 0.7931868306371134	 0.46584664230112965	 -0.5478450265183377	 
-0.7517160206722102	 -0.015497063432807621	 0.6593048348751098	 0.6848043997789218	 
0.0	 0.0	 0.0	 1.0	 
4	 38	  37
0.7597944446326406	 -0.5094357649149536	 0.40396485407878535	 -0.45986286659704056	 
0.3094966246566467	 0.8298122219223499	 0.464352792254376	 -0.32015626897153837	 
-0.5717728930541569	 -0.22778691308723065	 0.7881553660254245	 0.18706027775489523	 
0.0	 0.0	 0.0	 1.0	 
4	 39	  37
0.8093062081405072	 -0.3895332447853208	 0.4396445299014347	 -0.2991827568772317	 
0.22317253796639436	 0.8962625881875687	 0.38328500011474276	 -0.15649797574766522	 
-0.5433391940242042	 -0.21207834453885083	 0.8122839996053031	 -0.16573265717051994	 
0.0	 0.0	 0.0	 1.0	 
4	 41	  37
0.8756712120332004	 -0.10790706036194943	 -0.47069734940867064	 -0.12904300457320872	 
-0.06457672123759302	 0.9397943090831358	 -0.335583825130403	 0.3750200355049643	 
0.47857055434962553	 0.32425718641071505	 0.8159825375401724	 -0.5254829138839832	 
0.0	 0.0	 0.0	 1.0	 
5	 6	  37
0.9962747705988738	 0.08574742235242037	 0.009163025050528469	 0.3448231444443541	 
-0.08602113349121669	 0.9956602682780292	 0.03551048810434113	 0.1530298105250391	 
-0.0060783271586236426	 -0.03616641719106113	 0.9993272958378123	 0.025424811905188208	 
0.0	 0.0	 0.0	 1.0	 
5	 7	  37
0.9929209567486049	 0.09850341533534394	 -0.06637055685097248	 0.8105482925081494	 
-0.09330569520959053	 0.9926300893708008	 0.07732756893354233	 0.17374937860856376	 
0.07349844141810369	 -0.07058741278010855	 0.994794147683892	 -0.09352445960720887	 
0.0	 0.0	 0.0	 1.0	 
5	 8	  37
0.987468750560657	 0.12332442022399372	 0.09847108226576236	 1.0544681010071326	 
-0.14105585532165668	 0.9695326585341331	 0.20027398661636472	 0.12237894406258319	 
-0.07077225689244707	 -0.21165422606730977	 0.9747788345271957	 -0.10784116492348578	 
0.0	 0.0	 0.0	 1.0	 
5	 9	  37
0.9643160702901974	 0.25941830242668174	 0.052883465715962724	 1.082695753164539	 
-0.2620799432126421	 0.9636565978860477	 0.05176934147107261	 -0.1651890935116485	 
-0.03753158597409496	 -0.063781703620623	 0.997257877550998	 -0.048618979207959455	 
0.0	 0.0	 0.0	 1.0	 
5	 10	  37
0.9462083170933876	 0.21326410527681142	 -0.24332743795918327	 0.6140378506820581	 
-0.1951085154856975	 0.9760017102548219	 0.09671260912946623	 -0.10925036320009747	 
0.2581133236550688	 -0.0440350199289486	 0.9651105787274277	 0.009469051744250945	 
0.0	 0.0	 0.0	 1.0	 
5	 11	  37
0.9841289868186103	 0.021566175195719507	 -0.17613925567801075	 0.3348534234803732	 
-0.0008713121517659203	 0.993162965008828	 0.11673288204275693	 -0.07088010757826778	 
0.17745246720885638	 -0.11472674065927939	 0.9774192533704191	 0.13742999578253828	 
0.0	 0.0	 0.0	 1.0	 
5	 12	  37
0.9549163253413955	 0.06731683763249383	 -0.2891422746117319	 -0.057545484473806835	 
-0.02619154931010204	 0.9892579374058712	 0.1438149367215316	 -0.07893373677032177	 
0.29571745694365464	 -0.12975814676020214	 0.9464216866746744	 0.3476265586133134	 
0.0	 0.0	 0.0	 1.0	 
5	 15	  37
0.9770774082330251	 -0.20618487006272315	 0.05298620271213538	 -0.4029422791881138	 
0.18243113181644743	 0.9392374829177745	 0.29077797857893645	 -0.2724598012114185	 
-0.1097206473951162	 -0.2744462607497148	 0.95532226473358	 0.6803090297566137	 
0.0	 0.0	 0.0	 1.0	 
5	 16	  37
0.8531158759336762	 -0.31699018031481846	 0.4143796903974616	 -0.34412744365681397	 
0.21435591020227726	 0.9370864974093579	 0.27553664027569164	 -0.20906738888370785	 
-0.4756520219564617	 -0.14623994651613254	 0.8673920866895712	 0.6044792485146541	 
0.0	 0.0	 0.0	 1.0	 
5	 17	  37
0.6307785713451289	 -0.3076578355139939	 0.7123658120506923	 -0.33324765359671654	 
0.23085292685873984	 0.9508767607298986	 0.20625302922519456	 -0.25971324577262733	 
-0.740827456357114	 0.03435174159573169	 0.6708163964579197	 0.5262917494751249	 
0.0	 0.0	 0.0	 1.0	 
5	 18	  37
0.8215677991751064	 -0.21914358208513085	 0.5263102144073109	 -0.24663789673879408	 
0.18777941852554667	 0.9756748451388847	 0.11312597642195533	 -0.16328945994064145	 
-0.5382984686368517	 0.005889566546939698	 0.8427336896488179	 0.2915150910777575	 
0.0	 0.0	 0.0	 1.0	 
5	 19	  37
0.9549623362160455	 -0.18190329066142957	 0.2344315022673733	 0.013808916487252996	 
0.1738045001277071	 0.9832466044831331	 0.05493733255035397	 0.048307373836043006	 
-0.24049726015934528	 -0.011717833371995627	 0.9705790849987005	 -0.04549946769967385	 
0.0	 0.0	 0.0	 1.0	 
5	 20	  37
0.9646161746450437	 -0.05343219099753321	 0.25818721226730734	 0.3009148851931828	 
0.006898005728874922	 0.9840290193948461	 0.17787441217269687	 -0.1237652752254794	 
-0.26356792887247316	 -0.16979955816792075	 0.9495788839879777	 -0.7130122066967619	 
0.0	 0.0	 0.0	 1.0	 
5	 21	  37
0.8794770193160116	 -0.1963056682283837	 0.433571513266764	 0.5022563904554218	 
0.11253010450623463	 0.9709144871038943	 0.21133394027367605	 -0.05797126341280898	 
-0.4624469137910212	 -0.13707349617336545	 0.8759872764897735	 -0.5980455677442316	 
0.0	 0.0	 0.0	 1.0	 
5	 25	  37
0.855811606267786	 0.26277421458332006	 -0.44557401935870394	 2.1026891827975493	 
-0.13458055656023016	 0.9448083195788126	 0.29870606463645594	 -0.5104819244196476	 
0.4994742920043937	 -0.1956705174643819	 0.843942225642212	 0.41718907057420385	 
0.0	 0.0	 0.0	 1.0	 
5	 26	  37
0.5878745024919363	 0.37641974406543216	 -0.7160389274317228	 2.029593218362377	 
-0.20608092243119927	 0.9256266240749226	 0.31740511371678665	 -0.576961537774434	 
0.7822622467751866	 -0.03903241065287648	 0.621725219199657	 0.9206412682597869	 
0.0	 0.0	 0.0	 1.0	 
5	 36	  37
0.47529317108698255	 -0.5183280004654591	 0.7109377507570956	 -0.4887578354184384	 
0.4259138253760454	 0.8426005458057069	 0.3295781145062088	 -0.7393222265136747	 
-0.7698661019109896	 0.14615198986467168	 0.6212453468533774	 1.2685178767150647	 
0.0	 0.0	 0.0	 1.0	 
5	 37	  37
0.620751263736349	 -0.4919141188677886	 0.6104820785479717	 -0.8009890211012456	 
0.28673302340909923	 0.8671680023664847	 0.4071901631405119	 -0.6394679613795329	 
-0.7296931148478801	 -0.07771843623135183	 0.6793436559013053	 0.8342431413043154	 
0.0	 0.0	 0.0	 1.0	 
5	 38	  37
0.8477068102336704	 -0.36754526007802285	 0.38249659564188687	 -0.7648151045849376	 
0.18071251820039005	 0.878020541725109	 0.44319624781175665	 -0.4192526685160306	 
-0.4987345482810761	 -0.3065785545385143	 0.8107240222467489	 0.2706648400424714	 
0.0	 0.0	 0.0	 1.0	 
5	 39	  37
0.8680159238138498	 -0.2506264089855372	 0.4286429273003384	 -0.5749746978767502	 
0.09166139180156065	 0.9293089449413477	 0.3577472209605549	 -0.300174099386531	 
-0.4880026078399472	 -0.2712402771916694	 0.82962772782158	 -0.04225225788771775	 
0.0	 0.0	 0.0	 1.0	 
6	 7	  37
0.9972138889224594	 0.025785918568890433	 -0.06999675809423585	 0.45829015794196704	 
-0.0244632545708245	 0.9995068418848705	 0.019688123352295393	 0.09292895926629102	 
0.07046991497048562	 -0.017920921541335972	 0.9973529122909112	 -0.11431568441085713	 
0.0	 0.0	 0.0	 1.0	 
6	 8	  37
0.9947872266529066	 0.07626653567952879	 0.06768891507226661	 0.7875842114942333	 
-0.08590354471611483	 0.9844407119805201	 0.1532875259128793	 0.05726352585089781	 
-0.054945015182669886	 -0.1583031905260544	 0.9858606114334044	 -0.10353131884465785	 
0.0	 0.0	 0.0	 1.0	 
6	 9	  37
0.9788250267122803	 0.2001247561910936	 0.043030791779346704	 0.7750711136082592	 
-0.20162278334832875	 0.9788790267603207	 0.03382460943809082	 -0.29317669629756293	 
-0.03535279786063633	 -0.04178436224500583	 0.9985009998769164	 -0.07444804214383755	 
0.0	 0.0	 0.0	 1.0	 
6	 10	  37
0.9575959546982232	 0.15821255729189926	 -0.24078782000083684	 0.26399171342178523	 
-0.1509771995162202	 0.9873551911031512	 0.0483281680585908	 -0.24476664619636193	 
0.24538922709001978	 -0.009925387489540428	 0.9693738256788994	 -0.022101919254304846	 
0.0	 0.0	 0.0	 1.0	 
6	 11	  37
0.9831481464021067	 -0.02638457815466083	 -0.18089658996703503	 0.00243568135491182	 
0.04172700857246143	 0.9957962706173564	 0.08153921866290756	 -0.2504107035574014	 
0.17798477176908892	 -0.08771340524779721	 0.9801162071704259	 0.10746126397056469	 
0.0	 0.0	 0.0	 1.0	 
6	 12	  37
0.9598299269908651	 0.013273470993925085	 -0.28026831112432776	 -0.4129218286923323	 
0.009482446074526944	 0.9967752703862459	 0.07968151330685073	 -0.2566815078250901	 
0.2804221718572789	 -0.07913833024647099	 0.9566088700282087	 0.32317713865369635	 
0.0	 0.0	 0.0	 1.0	 
6	 15	  37
0.9722843439273823	 -0.22682806021348445	 0.05667614712987414	 -0.7614002694759978	 
0.2037882995343121	 0.9410162658771153	 0.27010871205424486	 -0.48170226576634617	 
-0.11460141153848301	 -0.2510725362409787	 0.9611602873708989	 0.6504072253408778	 
0.0	 0.0	 0.0	 1.0	 
6	 16	  37
0.8365440941338557	 -0.3898305230695433	 0.38500148292323755	 -0.6562027036394685	 
0.29914044646043	 0.9136766497162179	 0.2751544530891726	 -0.4335107293389981	 
-0.459030469425746	 -0.11500931721679314	 0.8809448819830366	 0.5601438427969585	 
0.0	 0.0	 0.0	 1.0	 
6	 17	  37
0.6202884742550148	 -0.378049274504924	 0.6872561056496238	 -0.5945618169861979	 
0.31392485816871063	 0.9226032852931452	 0.2241748455782901	 -0.44384294326877594	 
-0.718813878643242	 0.07669370256152777	 0.690959249056891	 0.46421580019684366	 
0.0	 0.0	 0.0	 1.0	 
6	 18	  37
0.8017496127581837	 -0.2922587600151291	 0.5213275128328849	 -0.5767920778109402	 
0.26510077215298505	 0.9556789546633762	 0.12805981499833552	 -0.3765907554860042	 
-0.5356483352405697	 0.035532419111792425	 0.8436932547709927	 0.259986906127188	 
0.0	 0.0	 0.0	 1.0	 
6	 19	  37
0.9428396241514467	 -0.24388403166115863	 0.22709914625699595	 -0.3056703698390783	 
0.23960232151167274	 0.9697485578167383	 0.046673998527787364	 -0.14498275151680806	 
-0.23161211249883837	 0.01040738742691105	 0.9727525459389816	 -0.07301539620231613	 
0.0	 0.0	 0.0	 1.0	 
6	 20	  37
0.9606040905850459	 -0.12618015771581131	 0.24762542064596157	 -0.0298978606105021	 
0.09160663059601784	 0.9849556606333484	 0.146528399353739	 -0.19506266760685842	 
-0.2623890363222538	 -0.11807164937078216	 0.9577113757457105	 -0.7477389255545723	 
0.0	 0.0	 0.0	 1.0	 
6	 21	  37
0.835981796952966	 -0.2870259087270498	 0.4677077750932743	 -0.018100426185739905	 
0.19692654620009928	 0.9524472479246306	 0.23251704307963672	 -0.21437355924921073	 
-0.5122053988050007	 -0.10227593871585333	 0.8527515826985028	 -0.5985576942594096	 
0.0	 0.0	 0.0	 1.0	 
6	 24	  37
0.9992902945712142	 -0.008879162692502893	 0.03660693439303731	 1.5896453317416597	 
0.0034290590956173074	 0.9892290502111868	 0.14633566814687157	 -0.365473533969573	 
-0.03751198114595983	 -0.14610628558741964	 0.9885574361575312	 -0.09223994009181169	 
0.0	 0.0	 0.0	 1.0	 
6	 25	  37
0.845659747358598	 0.17961724499459272	 -0.502590526172097	 1.8834621409166274	 
-0.06348995840551215	 0.9688385118850869	 0.23941796730813042	 -0.5150398252016819	 
0.5299326531542088	 -0.17055668614523123	 0.8307116226056419	 0.42613732681813493	 
0.0	 0.0	 0.0	 1.0	 
6	 26	  37
0.6061052048195283	 0.3214891447051505	 -0.7275171547994096	 1.725189645439699	 
-0.19937743654465032	 0.9468804528467857	 0.2523213146239339	 -0.6743922034668437	 
0.7699903366195976	 -0.007882756714307887	 0.6380068523605537	 0.8659004576891904	 
0.0	 0.0	 0.0	 1.0	 
6	 35	  37
-0.103695789207891	 -0.35058203031083734	 0.9307735617880883	 -0.8890633517507645	 
0.44323225876670863	 0.8214703316416623	 0.3587919439188934	 -0.5011308907063283	 
-0.8903888746436096	 0.4497540819777722	 0.07020625082724136	 1.6518227766168754	 
0.0	 0.0	 0.0	 1.0	 
6	 36	  37
0.40761997889512874	 -0.5884385085255649	 0.6982736386902653	 -0.8210450171723647	 
0.4820425950844884	 0.7881190808416686	 0.3827574309370024	 -1.0186252655043668	 
-0.7755519900881861	 0.18057806095284926	 0.6049055087968386	 1.2472605874099558	 
0.0	 0.0	 0.0	 1.0	 
6	 37	  37
0.5902630174466413	 -0.5633038143947225	 0.5781681268654847	 -1.0474061923826539	 
0.3469474062877377	 0.8237622166116051	 0.4483785317712551	 -0.9195849856652472	 
-0.7288463950003443	 -0.06406733310737653	 0.6816731689919378	 0.792678117158637	 
0.0	 0.0	 0.0	 1.0	 
6	 38	  37
0.8402124073390156	 -0.41595606109842814	 0.3478845581353906	 -1.0480815699730763	 
0.2439161659530001	 0.8628926945497701	 0.4426297568842666	 -0.6570940157377679	 
-0.4843015739602382	 -0.28704834597697493	 0.8264715557909528	 0.22244112293644844	 
0.0	 0.0	 0.0	 1.0	 
6	 39	  37
0.8674534828742071	 -0.2886821639751408	 0.4052000286920491	 -0.8605891716394451	 
0.13880256900792629	 0.9225296067540305	 0.3601013350420311	 -0.5209782258477346	 
-0.47776385577626873	 -0.25612835232531994	 0.8403213464198733	 -0.08472188752763313	 
0.0	 0.0	 0.0	 1.0	 
6	 53	  37
0.7457557535571522	 -0.25645371784899934	 0.614881977811864	 -0.845060211216533	 
0.11138656536487933	 0.9579469568876804	 0.2644440599556873	 -0.9234861095774792	 
-0.6568419818286733	 -0.12872108759273848	 0.7429599535078066	 1.606278081243964	 
0.0	 0.0	 0.0	 1.0	 
6	 54	  37
0.5078077535641147	 -0.4100798632719413	 0.7576053003768084	 -0.670764657387893	 
0.29188163572618514	 0.9093178888725144	 0.2965570564027107	 -0.8507034561079975	 
-0.8105161294792194	 0.07053710169336373	 0.5814534556941995	 1.3148861180331253	 
0.0	 0.0	 0.0	 1.0	 
6	 59	  37
0.3700170940621144	 -0.5365768673574883	 0.758401355166678	 -1.018505810083342	 
0.30314480478658296	 0.8413933380854002	 0.4473929793329485	 -0.46025803636033563	 
-0.8781745711603895	 0.06436238064531324	 0.4739904076296638	 0.9939758412498747	 
0.0	 0.0	 0.0	 1.0	 
7	 8	  37
0.9890625166898712	 0.04537043126432892	 0.1403455095326733	 0.3262830259421227	 
-0.06372766602956141	 0.9895678415015038	 0.12920631427480084	 -0.029449090355935178	 
-0.13301925673195408	 -0.13673701412910327	 0.9816358114420717	 -0.011728713393259187	 
0.0	 0.0	 0.0	 1.0	 
7	 9	  37
0.9707814710486748	 0.20114996585440334	 0.1308511624149469	 0.31015097661470536	 
-0.20344250281235038	 0.9790776489698604	 0.00425503667392472	 -0.36077215406367114	 
-0.1272575479805301	 -0.030751398739280757	 0.991392892831878	 0.0027324682516285063	 
0.0	 0.0	 0.0	 1.0	 
7	 10	  37
0.9817049054977672	 0.09495919371129512	 -0.1650400861952012	 -0.20031043873013712	 
-0.09550515083560061	 0.995418109046679	 0.0046426658077195985	 -0.312210150352448	 
0.16472475431910027	 0.011204450527968052	 0.9862759327910611	 0.0981544108346712	 
0.0	 0.0	 0.0	 1.0	 
7	 11	  37
0.9912379432636286	 -0.04643439319325079	 -0.12365753904742742	 -0.37661937416847596	 
0.05170015113550003	 0.9978724863810734	 0.03971895386615197	 -0.30846142632351997	 
0.12155013042797612	 -0.04576404759666284	 0.9915297361857142	 0.24783792633023677	 
0.0	 0.0	 0.0	 1.0	 
7	 15	  37
0.9580094827786291	 -0.2628050286846139	 0.1146793259672518	 -1.1331000752136307	 
0.2298704776108227	 0.9429860871417658	 0.24070065014460462	 -0.5788772512937318	 
