0	 1	  37
0.9975068761911056	 0.05532824190127518	 -0.043804310285356675	 -0.11050866430207007	 
-0.054800968882640744	 0.9984107207873776	 0.013148628306877415	 -0.03716329281150712	 
0.04446218349322957	 -0.010715328503717966	 0.9989536005110908	 0.12461447926593044	 
0.0	 0.0	 0.0	 1.0	 
0	 2	  37
0.9582952032249459	 0.10801187678866192	 -0.2645821950711131	 -0.36740398890595594	 
-0.09715022978196111	 0.9938124328909415	 0.05383940085754143	 -0.17664969544620693	 
0.2687603697150493	 -0.025889818538912892	 0.9628590659939028	 0.3671453543878046	 
0.0	 0.0	 0.0	 1.0	 
0	 3	  37
0.9309544063018779	 0.12122011214735495	 -0.3444264475880154	 -0.2915970568964799	 
-0.15432585827784748	 0.9855173491865037	 -0.07027861637234951	 -0.49494592724915487	 
0.33091905785844816	 0.11858009471824853	 0.9361791165598001	 0.6044964725155971	 
0.0	 0.0	 0.0	 1.0	 
0	 4	  37
0.9787759120774113	 -0.06815348284220674	 0.1932687680757219	 -0.12308401226949825	 
0.08146311209810324	 0.9947605401917713	 -0.06176754038057661	 -0.49683272750640467	 
-0.1880464711296706	 0.07620085599159235	 0.9791996498374705	 0.5266462996930139	 
0.0	 0.0	 0.0	 1.0	 
0	 5	  37
0.9450563898430248	 -0.2124255642136226	 0.248482996773201	 0.1181441136577674	 
0.24358453399886643	 0.9645146985008543	 -0.10187232780475952	 -0.22673242756831924	 
-0.21802521600361188	 0.15680170931571366	 0.9632643609841736	 0.33289904569802553	 
0.0	 0.0	 0.0	 1.0	 
0	 6	  37
0.9551798668164643	 -0.1587574333755231	 0.24985495667786403	 0.3938160872126677	 
0.1789511934421092	 0.9820177391124132	 -0.06014674084427417	 -0.005209764553455425	 
-0.2358132574604861	 0.10216279859400874	 0.9664134054271567	 0.3020039653111969	 
0.0	 0.0	 0.0	 1.0	 
0	 10	  37
0.9995416597538828	 -0.025758476638425794	 -0.015905071446551573	 0.7100701180531933	 
0.024614163185418	 0.9973560811143121	 -0.06837390170951924	 -0.16094777526240775	 
0.017624227277638564	 0.06795107317452055	 0.9975329760300142	 0.19197311951174556	 
0.0	 0.0	 0.0	 1.0	 
0	 11	  37
0.9728604712625105	 -0.22553845367381165	 0.05171952599658509	 0.47844393706172156	 
0.227240775585668	 0.9733845082656648	 -0.029735987954557373	 -0.21795503664100313	 
-0.043636376638185426	 0.040681752455313525	 0.9982188445681919	 0.3821227577878351	 
0.0	 0.0	 0.0	 1.0	 
0	 12	  37
0.9859035414249003	 -0.15447645909721436	 -0.06427464967331246	 0.17708290392987164	 
0.15327357696291574	 0.9879097130603007	 -0.023272504079017257	 -0.34446337028237045	 
0.06709260474026542	 0.013092838725861658	 0.9976608441566024	 0.6655638460067426	 
0.0	 0.0	 0.0	 1.0	 
0	 13	  37
0.9783983623617925	 -0.11175535549532536	 -0.17391775368223844	 -0.10390247920560734	 
0.10937902144397026	 0.9937288806991507	 -0.02321941714109483	 -0.4156125528709221	 
0.1754219889173586	 0.003694885996346216	 0.9844864009328685	 0.6946403836101694	 
0.0	 0.0	 0.0	 1.0	 
0	 14	  37
0.9711824084136588	 -0.22916013783824532	 -0.06550084590141796	 -0.2637430193533924	 
0.23175928585266753	 0.9721360542874284	 0.035201212699733225	 -0.5377175198861208	 
0.055609019132749404	 -0.04936722779766687	 0.9972314243999066	 0.9611870091707114	 
0.0	 0.0	 0.0	 1.0	 
0	 15	  37
0.885028994688029	 -0.437595708677655	 0.15885110735653682	 0.042744895348051176	 
0.3932355734963011	 0.8853500935512091	 0.24803426292732467	 -0.7346564867441624	 
-0.24917757182084593	 -0.15705160806488586	 0.955638702703957	 1.0015707900158766	 
0.0	 0.0	 0.0	 1.0	 
0	 19	  37
0.8060664386878701	 -0.387777716242778	 0.44708538245685214	 0.11171868128429736	 
0.42487624692998555	 0.905052678343083	 0.018969033151485782	 -0.1820911242014801	 
-0.41199159119543227	 0.17466565835775427	 0.8942901299772394	 0.2851014271227914	 
0.0	 0.0	 0.0	 1.0	 
0	 26	  37
0.6733559804500038	 0.1952514583967822	 -0.713069836401838	 1.3715449511966031	 
-0.21796884493652605	 0.9740547448655869	 0.060884617448685036	 -0.435789282568501	 
0.7064568679185244	 0.11442998732310361	 0.6984443225998642	 0.6948237066208397	 
0.0	 0.0	 0.0	 1.0	 
0	 27	  37
0.2501070418270016	 0.3362859412313648	 -0.9079417565894197	 2.0863249735186375	 
-0.3172830028594019	 0.9144316905269231	 0.25128903568718264	 -0.7567409707441259	 
0.9147556852652329	 0.22522532959285105	 0.3354036183238408	 1.4021605603385066	 
0.0	 0.0	 0.0	 1.0	 
0	 28	  37
0.18418003040435185	 0.30979339043145787	 -0.9327946031389948	 1.5798508929890207	 
-0.2511800109951201	 0.9323529036306674	 0.2600512741133069	 -0.9306628035915501	 
0.9502559226212399	 0.18640310709976138	 0.24953469335307116	 1.715892722072503	 
0.0	 0.0	 0.0	 1.0	 
0	 29	  37
-0.23587466762239054	 0.43563122473904065	 -0.8686705803734746	 0.8210065104280224	 
-0.25206032857662813	 0.8358739518128857	 0.48762724230558785	 -1.4161560577990122	 
0.9385247636220733	 0.3339763056162416	 -0.08735614091211719	 2.2180730995596787	 
0.0	 0.0	 0.0	 1.0	 
0	 31	  37
-0.0829597997702605	 0.5615682563691122	 -0.8232610552313473	 0.11568896947935224	 
0.4049437832948738	 -0.7358359452553258	 -0.5427393426323853	 2.0574753586136114	 
-0.9105702630730433	 -0.3783999935369377	 -0.1663587716302718	 2.1639887415555235	 
0.0	 0.0	 0.0	 1.0	 
0	 32	  37
-0.6869942729097218	 0.5755137322371607	 -0.44364717174315016	 0.012433972453048326	 
-0.3982799033379112	 0.2124384285856088	 0.8923245108463744	 -1.3442438205875453	 
0.6077927176154603	 0.7897175812064283	 0.08327156986080231	 1.739471200336949	 
0.0	 0.0	 0.0	 1.0	 
0	 37	  37
0.35756714571851966	 -0.6836127122276409	 0.6362541913288114	 -0.2554152629075298	 
0.5107528888638141	 0.7135246799597939	 0.4795977664726367	 -1.1079317909862434	 
-0.7818421981576459	 0.15348026182230248	 0.6042901508472384	 1.1705742266389114	 
0.0	 0.0	 0.0	 1.0	 
0	 38	  37
0.6435491406943015	 -0.6182242744694203	 0.45126848989086876	 -0.3919816977076784	 
0.42717028485194375	 0.7793194473842803	 0.45846128153658655	 -0.8850294541694239	 
-0.6351142033139671	 -0.10227387440308955	 0.7656174001179996	 0.7252615120928729	 
0.0	 0.0	 0.0	 1.0	 
0	 39	  37
0.6960451099444925	 -0.4963501971100803	 0.5188040928434756	 -0.3340250935918268	 
0.3301203715516051	 0.8629003469645871	 0.38265327843234703	 -0.6809340111201684	 
-0.6376062618959975	 -0.0950761433650821	 0.7644728783638	 0.38101758187624024	 
0.0	 0.0	 0.0	 1.0	 
0	 41	  37
0.9632335094369515	 0.022262885121604004	 -0.2677416109681769	 -0.4970702457620727	 
-0.11181296079743959	 0.9393741242334716	 -0.32415137901651236	 -0.3434920802636108	 
0.24429299641103613	 0.3421704526499311	 0.9073259134610109	 -0.02064530095048671	 
0.0	 0.0	 0.0	 1.0	 
1	 2	  37
0.9721919251512576	 0.05621917262744038	 -0.22733733811184142	 -0.23138063276827664	 
-0.04964391631371835	 0.9981694660724176	 0.034542706520214815	 -0.17087129500045964	 
0.22886315178230016	 -0.0222962245636146	 0.9732032347492889	 0.23408157911821326	 
0.0	 0.0	 0.0	 1.0	 
1	 3	  37
0.9464816845372669	 0.06859879445117595	 -0.31538330050169466	 -0.11062925998291433	 
-0.10925011994165928	 0.9875634689581219	 -0.1130610723110877	 -0.45622327900128196	 
0.30370517303501776	 0.1414658975839946	 0.9422051622085945	 0.47410242766241223	 
0.0	 0.0	 0.0	 1.0	 
1	 4	  37
0.9713167561710854	 -0.13952188299474214	 0.19255493591928996	 0.127574204169957	 
0.15646296286801056	 0.9847783569614101	 -0.07570289896000908	 -0.43667966436068445	 
-0.17906172240834672	 0.10365921003937548	 0.9783617264295292	 0.37635694515236945	 
0.0	 0.0	 0.0	 1.0	 
1	 5	  37
0.924917880708747	 -0.25400811143398083	 0.282854721139637	 0.28384983044856704	 
0.2920507349130021	 0.9510635961656428	 -0.10091780955435811	 -0.17183090492487893	 
-0.24337888606453667	 0.17594861572122936	 0.9538389814029242	 0.18687689930863932	 
0.0	 0.0	 0.0	 1.0	 
1	 10	  37
0.9980345940186854	 -0.05994213469334684	 0.01827264705405612	 0.8618192223106892	 
0.061125786551952645	 0.9954467941302118	 -0.0731390338621489	 -0.11248067791205388	 
-0.013805338111126797	 0.07411221589109417	 0.9971543471776816	 0.03249584794249179	 
0.0	 0.0	 0.0	 1.0	 
1	 11	  37
0.9591556810350836	 -0.26915397548835507	 0.0870431905259724	 0.6236428427611862	 
0.27426721187409425	 0.9601825620314566	 -0.05316901411085343	 -0.1230703881585122	 
-0.06926670216588791	 0.07487045511764376	 0.9947846696253115	 0.23238535097852217	 
0.0	 0.0	 0.0	 1.0	 
1	 12	  37
0.9781195196617921	 -0.2061219989431124	 -0.028212174823649624	 0.3388028189788923	 
0.20532892321354876	 0.9782742701507017	 -0.028626659830942536	 -0.31405720647654506	 
0.033499829082388084	 0.022207519285310468	 0.9991919673109083	 0.5184368822179231	 
0.0	 0.0	 0.0	 1.0	 
1	 13	  37
0.9761436613272211	 -0.17599150333222294	 -0.12716345074568253	 0.054785710746274134	 
0.16870748137182773	 0.9834520648449298	 -0.06602894729902166	 -0.3499997595943715	 
0.13667969190724724	 0.04300031287219498	 0.9896815825875673	 0.573560931919626	 
0.0	 0.0	 0.0	 1.0	 
1	 14	  37
0.9534441961299576	 -0.2996767468013842	 -0.03373443778452987	 -0.07637536080834126	 
0.2997570452465498	 0.9540115501986842	 -0.002770543730300325	 -0.4879305963733411	 
0.03301331081786776	 -0.007470576553565133	 0.9994269917281605	 0.8264595637822119	 
0.0	 0.0	 0.0	 1.0	 
1	 26	  37
0.9997981476845406	 0.004764520589527917	 -0.019518279384039015	 1.6226643409613744	 
-0.005846635427073861	 0.9984268226079662	 -0.055764655034735364	 0.07627464517390428	 
0.019221881821099632	 0.05586751507371766	 0.9982531442568782	 -0.5382272108462178	 
0.0	 0.0	 0.0	 1.0	 
1	 27	  37
-0.5075012456050662	 0.16537559357307383	 -0.8456319523052918	 2.1724955068440805	 
-0.5010103773013312	 0.7418179823942037	 0.44575181753187487	 -0.9601488112849627	 
0.7010214601177933	 0.6498899861106848	 -0.29361866154481864	 2.682509542419253	 
0.0	 0.0	 0.0	 1.0	 
1	 28	  37
0.2125136133154762	 0.29246379462811684	 -0.9323641418390792	 1.8158393834465074	 
-0.30212588901705095	 0.9270719896980015	 0.22194024669501589	 -0.8711255219422981	 
0.92927816682695	 0.23452602147546553	 0.2853763022916102	 1.5638046277794035	 
0.0	 0.0	 0.0	 1.0	 
1	 29	  37
0.2686896722743273	 0.2867819786362393	 -0.9195444289117294	 1.2740422874508126	 
-0.3224909032436766	 0.9263387046691427	 0.1946695188183627	 -1.039759955084782	 
0.9076373049507122	 0.2442390242393272	 0.34138222229698606	 1.6456307380734616	 
0.0	 0.0	 0.0	 1.0	 
1	 31	  37
0.673062003331823	 0.6151882715237278	 -0.41052518832661306	 0.09991138485510245	 
-0.539915491131182	 0.7880561933242277	 0.29573416880688774	 -1.086191682647408	 
0.5054491093151983	 0.022601476566248797	 0.8625603579747322	 1.0221071407888946	 
0.0	 0.0	 0.0	 1.0	 
1	 32	  37
-0.6118047303231405	 0.5650571362676474	 -0.5535389821026483	 0.38811718843383813	 
-0.44269613529155566	 0.33533498733359324	 0.8316072258391577	 -1.3050833692361388	 
0.6555265850841985	 0.7538308026493649	 0.044989078951058525	 1.7189974032892823	 
0.0	 0.0	 0.0	 1.0	 
1	 40	  37
0.9805557833353178	 -0.06624117050605903	 -0.18472266535985032	 -0.27858367165663045	 
-0.009540060812815023	 0.9241036566164681	 -0.3820227991465437	 -0.012588772172907516	 
0.1960085278944464	 0.37635693053012886	 0.9055032401016528	 -0.3640237338589756	 
0.0	 0.0	 0.0	 1.0	 
1	 41	  37
0.9702001988068717	 -0.16090570415181119	 -0.18116547299779623	 -0.37693153157080134	 
0.0672631932325234	 0.8971396618580615	 -0.4365960260439466	 -0.1596307304729237	 
0.2327815221860831	 0.41139978304881514	 0.8812281097628001	 -0.09723064424780818	 
0.0	 0.0	 0.0	 1.0	 
2	 3	  37
0.9974945829129429	 0.021178108890154142	 -0.06749847971006519	 0.15477447970879768	 
-0.030720381566621678	 0.9891541109750007	 -0.1436328754069088	 -0.3017728632638534	 
0.0637245260142002	 0.14534659419846122	 0.9873264669495965	 0.20432866767111546	 
0.0	 0.0	 0.0	 1.0	 
2	 11	  37
0.902547368783971	 -0.31792560511280227	 0.2903989612839364	 0.8730330652730225	 
0.3481930462450334	 0.9356364898537952	 -0.05784428580831049	 0.09584847029883782	 
-0.25331768522496534	 0.15332210691132564	 0.9551557369793353	 -0.19079338678897734	 
0.0	 0.0	 0.0	 1.0	 
2	 12	  37
0.9428345538035793	 -0.27307735088057816	 0.1910281774766534	 0.6279439706639587	 
0.2895378709193648	 0.9550380911571619	 -0.06379706687902137	 -0.08111745430753	 
-0.16501765195726006	 0.11545997087705696	 0.9795091473118475	 0.15876636279507286	 
0.0	 0.0	 0.0	 1.0	 
2	 13	  37
0.9659527382027033	 -0.24025475478334674	 0.09598416725008378	 0.3490693139369514	 
0.24750961224294762	 0.9661719796999312	 -0.07246169670978794	 -0.21464438246302758	 
-0.07532794571766681	 0.09375157836916392	 0.9927418305618264	 0.23962132639512984	 
0.0	 0.0	 0.0	 1.0	 
2	 14	  37
0.9107242066426399	 -0.3543072453777918	 0.21224465907987952	 0.2624025512435298	 
0.3613976381450883	 0.9323940611825215	 0.0057499404096797565	 -0.3730927639030337	 
-0.1999329051914288	 0.07146810858252975	 0.9771996433059879	 0.5207214903127424	 
0.0	 0.0	 0.0	 1.0	 
2	 26	  37
0.8708111428951307	 0.05299218777165326	 -0.48875329302711645	 1.7615138623434865	 
-0.09422102163434225	 0.9937337763781735	 -0.060129699544861435	 0.024478938822439067	 
0.4825042512681698	 0.09841244697876546	 0.8703474236118559	 -0.08723334225870415	 
0.0	 0.0	 0.0	 1.0	 
2	 27	  37
0.5204355283798928	 0.21765354953930444	 -0.8256959447477524	 2.804285298195737	 
-0.2989942219193383	 0.9522030133781658	 0.06254499638172573	 -0.12237864557334331	 
0.7998433071913467	 0.21432767830236527	 0.5606374320848785	 0.4625345251515971	 
0.0	 0.0	 0.0	 1.0	 
2	 28	  37
0.47812396104392807	 0.2907331256017563	 -0.8287772484531036	 2.2863235205845522	 
-0.31097184781115045	 0.9385339576991977	 0.1498349762718951	 -0.5902579237870151	 
0.8213975820177358	 0.1860867000172611	 0.5391453907176643	 0.7170496011420742	 
0.0	 0.0	 0.0	 1.0	 
2	 29	  37
0.4979989816611457	 0.23526160300713195	 -0.834655014011763	 1.9152569052526114	 
-0.28591059957163134	 0.9532224183261654	 0.09809255962103967	 -0.7780697302932195	 
0.8186892837438711	 0.18978672069175873	 0.541967579594957	 1.051696987768676	 
0.0	 0.0	 0.0	 1.0	 
2	 30	  37
0.3083050872944872	 0.36316000777472	 -0.879239888711496	 1.418666268636825	 
-0.43006746209532065	 0.8776269014751812	 0.21169081192617203	 -1.0700364099796074	 
0.8485222160881987	 0.3128671132607862	 0.42676014134948714	 1.287829873673001	 
0.0	 0.0	 0.0	 1.0	 
2	 31	  37
0.011405936469104963	 0.5544952763926185	 -0.832108702677442	 0.9494149922905201	 
-0.5232792792322073	 0.712429455714307	 0.46757145609717926	 -1.095046592287948	 
0.8520849139255333	 0.4300921518568877	 0.29828181367898954	 1.370702399405677	 
0.0	 0.0	 0.0	 1.0	 
2	 40	  37
0.995639034444567	 -0.06194068836532723	 0.06975861391339697	 -0.23143763881707027	 
0.08553529887915519	 0.904598424287939	 -0.41759478375744924	 0.17226613018234874	 
-0.03723742386286337	 0.42174049117983287	 0.90595161701023	 -0.5693973254727711	 
0.0	 0.0	 0.0	 1.0	 
2	 41	  37
0.9953486895649014	 -0.09023570703834762	 0.03374171537908051	 -0.2016783655437331	 
0.09565077738165884	 0.8838965445395539	 -0.45779670961827645	 0.0068376175727052025	 
0.011485424141828416	 0.45889477631187475	 0.8884163828441909	 -0.29521949961963156	 
0.0	 0.0	 0.0	 1.0	 
2	 42	  37
0.9862293735182205	 -0.09960775454143045	 0.13202241493425723	 -0.10079890286639474	 
0.14526751732987286	 0.9033081090127447	 -0.40364812473320716	 -0.29201183336147607	 
-0.07905043465202605	 0.4172682056268291	 0.9053387616546041	 0.12153250461890246	 
0.0	 0.0	 0.0	 1.0	 
3	 4	  37
0.8507965008498909	 -0.18151144162074082	 0.49315201581494406	 0.18291180166195617	 
0.1778190702437195	 0.9825329627688348	 0.05485759136485618	 0.04507897896985113	 
-0.4944953916865567	 0.04101918616275697	 0.8682118024809985	 -0.16084541909649722	 
0.0	 0.0	 0.0	 1.0	 
3	 5	  37
0.7772101210604373	 -0.22592678081358536	 0.5872831663111332	 0.20430594744955055	 
0.26563653972055973	 0.9638808433505892	 0.01926002562416067	 0.3082871230884413	 
-0.570422349217234	 0.14103478128804275	 0.809152355233874	 -0.38596942254069305	 
0.0	 0.0	 0.0	 1.0	 
3	 10	  37
0.9387837149021424	 -0.15119867261636627	 0.30955467696932354	 0.8029044521757627	 
0.14701495633804773	 0.9884441021886513	 0.03694400440386311	 0.4372496657858225	 
-0.31156337918223864	 0.010826737621263823	 0.9501636924788408	 -0.7661200441592529	 
0.0	 0.0	 0.0	 1.0	 
3	 11	  37
0.861733367955192	 -0.3503092028103593	 0.3670137122492461	 0.6135850843374031	 
0.34358265259180953	 0.9351853899362454	 0.08590254529272609	 0.3657459285830192	 
-0.37331831376263586	 0.05207445512113804	 0.9262406208611554	 -0.4858983776958243	 
0.0	 0.0	 0.0	 1.0	 
3	 12	  37
0.9206138543250953	 -0.29677655353725485	 0.25375935154244467	 0.4649927824576607	 
0.28405848363436925	 0.9549188187011166	 0.08626023165867196	 0.2130815227050378	 
-0.26791959446825825	 -0.007329867735077949	 0.9634133920280279	 -0.1229267175988766	 
0.0	 0.0	 0.0	 1.0	 
3	 13	  37
0.9537359795256747	 -0.24601240587896253	 0.1728166007993645	 0.1734065724530956	 
0.2396407625447271	 0.9691783012411712	 0.05714652509348691	 0.13738315278161095	 
-0.18154885371487306	 -0.013088795090577842	 0.9832948170095749	 0.009635645418833359	 
0.0	 0.0	 0.0	 1.0	 
3	 14	  37
0.9002537416259688	 -0.35378587932399636	 0.25372968348103986	 0.17253393176644524	 
0.3277326066620289	 0.9343441302408054	 0.13997280026870837	 -0.0020799767172657623	 
-0.2865912406528741	 -0.04285554661299669	 0.9570939676466188	 0.31379748049205936	 
0.0	 0.0	 0.0	 1.0	 
3	 26	  37
0.8677128327339072	 0.42536709989766835	 0.25717167463300883	 0.9304236884708359	 
-0.4666799013370662	 0.5190379165811922	 0.7161071922827487	 -1.9051994948068707	 
0.17112658939196201	 -0.741392252101209	 0.6488861371052498	 -0.27300559468961827	 
0.0	 0.0	 0.0	 1.0	 
3	 27	  37
0.5927276584940574	 0.21872488539818016	 -0.7751344059991828	 2.6631784438458173	 
-0.19172169171378903	 0.9730703029912108	 0.12797256879111554	 0.28032743367750174	 
0.7822510567474842	 0.07275719857269884	 0.6186999872905268	 0.011042798348387627	 
0.0	 0.0	 0.0	 1.0	 
3	 28	  37
0.47196235503190187	 0.24044279665942195	 -0.8481973809010119	 2.2763294577072912	 
-0.18768796003623375	 0.9674388518132618	 0.16980959236649126	 -0.06600489218718007	 
0.8614085935780867	 0.0790527010090908	 0.5017229368615603	 0.5995066729484904	 
0.0	 0.0	 0.0	 1.0	 
3	 29	  37
0.5603300807878847	 0.225684910733915	 -0.796929433282062	 1.815501852649033	 
-0.16745112765235642	 0.9731606892974825	 0.15785560697676604	 -0.32307962896040443	 
0.8111660251836221	 0.044995487252322885	 0.5830824004501676	 0.7739721337716525	 
0.0	 0.0	 0.0	 1.0	 
3	 30	  37
0.41848040944133497	 0.32905546936256974	 -0.8465203157611703	 1.319627607884322	 
-0.24650588564297243	 0.9382234259420804	 0.24284079426010688	 -0.5441079438931792	 
0.8741332823186555	 0.10704812514044725	 0.47374223333657767	 1.0490650166667541	 
0.0	 0.0	 0.0	 1.0	 
3	 40	  37
0.9863154433906096	 -0.06734833404875425	 0.15048603931940724	 -0.4767070587268432	 
0.10907339891455571	 0.9510118184011046	 -0.28927411724980007	 0.37936989401368487	 
-0.12363187201693174	 0.3017295530144212	 0.9453435550419264	 -0.8017376129786701	 
0.0	 0.0	 0.0	 1.0	 
3	 41	  37
0.9901538032814747	 -0.0965235507694263	 0.10138367715806616	 -0.3871654633765859	 
0.12489223961261388	 0.9362536663853482	 -0.32837630953608116	 0.24699480201011967	 
-0.06322479206588512	 0.3378050862951188	 0.9390901710386345	 -0.5132227314514033	 
0.0	 0.0	 0.0	 1.0	 
3	 42	  37
0.9729824029202195	 -0.10750838051897994	 0.20432129533110732	 -0.2636987267854241	 
0.1659662882893402	 0.940890244495705	 -0.2952638463548689	 0.06534438778232683	 
-0.1605005755723481	 0.321196973726401	 0.9333124178483575	 -0.066787347420668	 
0.0	 0.0	 0.0	 1.0	 
3	 43	  37
0.9872787086423205	 -0.12139582916505236	 0.10268302743336125	 -0.09136725428287704	 
0.1471451959317333	 0.9422725604971262	 -0.3007834986304943	 -0.10049871967086353	 
-0.060241536963815595	 0.3120664582993793	 0.948148449784483	 0.3228205447286523	 
0.0	 0.0	 0.0	 1.0	 
3	 44	  37
0.9104801151944945	 -0.13164646293683102	 0.39203975389192497	 -0.11441251960190078	 
0.2208346494602752	 0.9562752488216844	 -0.19175428571164266	 -0.2767238401856767	 
-0.3496541397340765	 0.26116442576899035	 0.8997416992001518	 0.6966012412119772	 
0.0	 0.0	 0.0	 1.0	 
3	 45	  37
0.8260262943487958	 -0.12400507591665308	 0.5498211547324288	 0.046417014308012434	 
0.24424820515443343	 0.9578988994925216	 -0.15090564147789268	 -0.3332624721096796	 
-0.5079600135081833	 0.25894485802564565	 0.8215376955312789	 0.9319172458727284	 
0.0	 0.0	 0.0	 1.0	 
4	 5	  37
0.9853079439760708	 -0.15673067859239256	 0.06785093901793475	 0.24654748968046983	 
0.1601106210683337	 0.9859508545861194	 -0.04759728313688075	 0.24314171992364259	 
-0.05943773682400585	 0.05776163717267826	 0.9965594556835898	 -0.15826119963973664	 
0.0	 0.0	 0.0	 1.0	 
4	 6	  37
0.9952894643151261	 -0.06290363565121555	 0.07377001318400574	 0.5612277218485053	 
0.06347758500667411	 0.9979683320936378	 -0.005459335120851532	 0.4246491956780387	 
-0.07327672498842797	 0.010116361010779961	 0.9972603375322157	 -0.15119076038246626	 
0.0	 0.0	 0.0	 1.0	 
4	 7	  37
0.9987646053863569	 -0.046581607660408246	 -0.01730366594707936	 1.0197260717900154	 
0.046972331750959814	 0.9986335386679083	 0.022905359580038472	 0.5273961161341701	 
0.016213052683381315	 -0.02368985595956341	 0.999587878901751	 -0.28308164432084476	 
0.0	 0.0	 0.0	 1.0	 
4	 9	  37
0.9871681131786041	 0.11537818267192357	 0.11039470678759508	 1.3417513442479587	 
-0.11825513028635193	 0.9927847010937035	 0.019856017607843706	 0.2316469896575941	 
-0.10730722475375498	 -0.03265596787126685	 0.993689462195327	 -0.2749210510731641	 
0.0	 0.0	 0.0	 1.0	 
4	 10	  37
0.9777320282215725	 0.06497444613822138	 -0.19954548939718497	 0.8872776763982264	 
-0.06218639749244077	 0.9978598183144283	 0.020214721378442296	 0.21396714695251196	 
0.20043186612074074	 -0.007355565411801095	 0.979680030775778	 -0.19309914936151	 
0.0	 0.0	 0.0	 1.0	 
4	 11	  37
0.9833368733227386	 -0.13575232205787574	 -0.12091278104384097	 0.585381601343226	 
0.14317320424599841	 0.9881725597295464	 0.054921997264206476	 0.1913971739816584	 
0.11202690368743841	 -0.07131829536276597	 0.9911426101206399	 -0.05670795177090751	 
0.0	 0.0	 0.0	 1.0	 
4	 12	  37
0.9696274629649628	 -0.05535292577518029	 -0.23824071161801205	 0.2458284032544668	 
0.07257727524866599	 0.995298386546039	 0.06413782703157139	 0.12890256639587885	 
0.2335703795039274	 -0.0794806602072466	 0.9690860139695603	 0.17940817719297827	 
0.0	 0.0	 0.0	 1.0	 
4	 13	  37
0.9385663309285919	 -0.02088968964822036	 -0.3444660553866544	 -0.04162814432304619	 
0.041233085089921025	 0.9978039551876825	 0.05183724245929847	 0.13921319858723613	 
0.3426267285855087	 -0.06285608863282685	 0.9373665435573073	 0.1700113887569626	 
0.0	 0.0	 0.0	 1.0	 
4	 14	  37
0.9709212159632026	 -0.09709710897859938	 -0.21882445891749155	 -0.2701361578517374	 
0.12362901986397434	 0.9861024729993371	 0.11098548640279235	 0.027535533288183037	 
0.20500697022298578	 -0.1348112167907002	 0.969431832563488	 0.39865423269700906	 
0.0	 0.0	 0.0	 1.0	 
4	 15	  37
0.95017263238536	 -0.29998760480190256	 0.08473137335776464	 -0.08718859886215599	 
0.27161212468058493	 0.9301180802988351	 0.2471987265899817	 -0.08474086148282194	 
-0.15296673622841592	 -0.2118673964215051	 0.9652530155048462	 0.5398705190314127	 
0.0	 0.0	 0.0	 1.0	 
4	 18	  37
0.7460835189148665	 -0.354613856737735	 0.5635675606466353	 0.03755921167851386	 
0.3230945862035844	 0.9328700445954634	 0.1592588090574347	 0.007410222313773237	 
-0.5822106759322991	 0.06326525512512628	 0.8105727828667877	 0.12592890292286896	 
0.0	 0.0	 0.0	 1.0	 
4	 19	  37
0.9040666511206842	 -0.32257543571081354	 0.28037221439973314	 0.27320063354289276	 
0.3194780132857216	 0.9458157083420012	 0.058021072728156604	 0.26811356407572096	 
-0.2838966173775932	 0.03711784112117062	 0.9581361993537583	 -0.21401610052986572	 
0.0	 0.0	 0.0	 1.0	 
4	 20	  37
0.9242081229832332	 -0.19576456043644305	 0.32789568812190006	 0.3916256989815977	 
0.13839122466814932	 0.971940265005871	 0.19021038403611604	 0.1392277768301847	 
-0.3559314742287591	 -0.13041609615934352	 0.9253671852383245	 -0.8987063839217434	 
0.0	 0.0	 0.0	 1.0	 
4	 25	  37
0.8915455012520334	 0.10881968280343797	 -0.4396645264651435	 2.47032089303853	 
-0.010110966665808418	 0.9752491885016401	 0.22087731590178006	 -0.043200728705091396	 
0.4528182721029958	 -0.19247674394962816	 0.8705792987937433	 0.10243161730004062	 
0.0	 0.0	 0.0	 1.0	 
4	 26	  37
0.6586477368004663	 0.23700340998783542	 -0.7141516242799989	 2.394094531021583	 
-0.16613788584076544	 0.971481993369516	 0.16917724269874526	 -0.07070955453225772	 
0.7338810269355537	 0.007219433005955416	 0.6792396617476697	 0.5977217103924997	 
0.0	 0.0	 0.0	 1.0	 
4	 27	  37
0.10556540779475845	 0.3385056998138103	 -0.9350239760940293	 2.0381984610887653	 
-0.21448926153145245	 0.9258956564190793	 0.3109848711946842	 -0.30770789331799303	 
0.9710047895684233	 0.1677233574009436	 0.17034839012252764	 1.2630571185689377	 
0.0	 0.0	 0.0	 1.0	 
4	 37	  37
0.5405575619098657	 -0.6139651118751774	 0.5751907193811132	 -0.35140125919262777	 
0.4053776177574146	 0.7891660513082362	 0.4613956333602318	 -0.5484320260299098	 
-0.7372018104178696	 -0.016241455066175588	 0.6754773910753402	 0.6768775206409148	 
0.0	 0.0	 0.0	 1.0	 
4	 38	  37
0.7959495626132895	 -0.49857962285195123	 0.3433404337571077	 -0.3872558938048888	 
0.317697441440135	 0.8268178959976384	 0.4641556878466866	 -0.32616167384547506	 
-0.5152985828411574	 -0.26036613937846215	 0.8165028132144128	 0.1339996474284789	 
0.0	 0.0	 0.0	 1.0	 
4	 39	  37
0.8190222628131186	 -0.3822039754450445	 0.42792832831034006	 -0.27319268218912496	 
0.2189015588430008	 0.8975653230058975	 0.382699096515034	 -0.1535256154738031	 
-0.5303627443105171	 -0.21976490186406641	 0.8187910278917903	 -0.18572713723010645	 
0.0	 0.0	 0.0	 1.0	 
4	 41	  37
0.8855709624660417	 -0.06674005709802522	 -0.45968449529598093	 -0.19234737889129278	 
-0.09635680170216801	 0.9417030916988572	 -0.32235175484327994	 0.37494025375679874	 
0.45440008495014306	 0.329759081547977	 0.8275140548256186	 -0.5332449705347565	 
0.0	 0.0	 0.0	 1.0	 
5	 6	  37
0.9974354220386489	 0.07120540547288784	 0.00723664936447658	 0.3258175032190844	 
-0.07141830021215624	 0.9968170888402729	 0.03542764162077891	 0.1495607047880309	 
-0.00469097616589993	 -0.035853613868697974	 0.9993460427275257	 0.026461645854310233	 
0.0	 0.0	 0.0	 1.0	 
5	 7	  37
0.9923969464658852	 0.10332087842825946	 -0.06688121355059067	 0.8057176972221192	 
-0.09884089420126402	 0.9928349081326795	 0.06715149161908258	 0.19027554898867782	 
0.07334015461315403	 -0.06003033628080035	 0.9954986591891181	 -0.09868878104737894	 
0.0	 0.0	 0.0	 1.0	 
5	 8	  37
0.9806307642705653	 0.16010095820680334	 0.11283167705653517	 1.0668042742545933	 
-0.1785994167638996	 0.9674020454881541	 0.17954255962564958	 0.1271686659432274	 
-0.0804086593453823	 -0.19621662917958418	 0.9772581449830333	 -0.09940251462290434	 
0.0	 0.0	 0.0	 1.0	 
5	 9	  37
0.9619055492091584	 0.26895353456101845	 0.04900725097128735	 1.089741334007549	 
-0.27154510903269974	 0.9607112037764506	 0.057421569978732566	 -0.18889947362020254	 
-0.03163808086857713	 -0.06854180611523598	 0.9971464549670802	 -0.04340932237643067	 
0.0	 0.0	 0.0	 1.0	 
5	 10	  37
0.9474220471338801	 0.21164292756335118	 -0.2399973662710917	 0.6100169586989359	 
-0.1934584935641213	 0.9762784524249448	 0.09723268277001734	 -0.10145448091978553	 
0.25488286696548934	 -0.04569085842012618	 0.9658918519090448	 0.007073851646745289	 
0.0	 0.0	 0.0	 1.0	 
5	 11	  37
0.9851817736368328	 0.017981915803348732	 -0.17056823736506876	 0.3186987228178949	 
0.0031846213731118746	 0.9923995388066379	 0.12301631421515896	 -0.08206270432305543	 
0.17148390910081052	 -0.12173662587904284	 0.9776366722045015	 0.1379341167532205	 
0.0	 0.0	 0.0	 1.0	 
5	 12	  37
0.9540418743992177	 0.07809976836797335	 -0.2893173483801063	 -0.04680171409696706	 
-0.034037871915246154	 0.9874357853192358	 0.15431135132084572	 -0.10206135890319341	 
0.29773398389889605	 -0.13737174400819538	 0.9447134373871472	 0.3499560770058905	 
0.0	 0.0	 0.0	 1.0	 
5	 15	  37
0.9869069240201368	 -0.14813517123227632	 0.06380199342571463	 -0.4314001293676376	 
0.1211349034842866	 0.9419261603163561	 0.3132114998998895	 -0.2892973098697157	 
-0.10649440585760173	 -0.3013819496182041	 0.9475377892017636	 0.6818489854909188	 
0.0	 0.0	 0.0	 1.0	 
5	 16	  37
0.866423708404428	 -0.319942697326571	 0.3833361813631949	 -0.324380160701941	 
0.22042371519801623	 0.9339604796302785	 0.28130269864877394	 -0.2100156421475327	 
-0.448021587976541	 -0.15923094208154806	 0.8797284602596421	 0.5746163125608077	 
0.0	 0.0	 0.0	 1.0	 
5	 17	  37
0.6281645988398646	 -0.3189800391810828	 0.7096907575616196	 -0.3221592520833583	 
0.25475961942167713	 0.9461458066576236	 0.19976398288058878	 -0.2514510956960336	 
-0.735191657376818	 0.055315885134641134	 0.6755985344679911	 0.5297913124231164	 
0.0	 0.0	 0.0	 1.0	 
5	 18	  37
0.8213585186445785	 -0.212558407097466	 0.5293289217699826	 -0.2624286175042384	 
0.17831251754285246	 0.97714815094401	 0.11569847533236242	 -0.16115928955842607	 
-0.541825460768977	 -0.0006439556593764021	 0.8404907824501081	 0.2847876920130485	 
0.0	 0.0	 0.0	 1.0	 
5	 19	  37
0.9570602670075165	 -0.1729419398573966	 0.2326515221395729	 0.023479915691728585	 
0.1640629050205574	 0.9847934986948715	 0.05714129963983205	 0.04488286993672705	 
-0.23899583367020283	 -0.01651818291078136	 0.970880085861076	 -0.04605741089949431	 
0.0	 0.0	 0.0	 1.0	 
5	 20	  37
0.9660305838979639	 -0.06827121781294596	 0.24924676886992073	 0.31408111080196355	 
0.025960969368596605	 0.9852319464299437	 0.1692455015748042	 -0.08536661990344627	 
-0.25712047573696106	 -0.15702564297655824	 0.953536579479045	 -0.7176859593917965	 
0.0	 0.0	 0.0	 1.0	 
5	 21	  37
0.8745952894171896	 -0.17829144362859442	 0.4508827351519396	 0.4558187072756493	 
0.07942926478727513	 0.9700585183372712	 0.2295157138338259	 -0.11269347488503699	 
-0.47830332596022684	 -0.16492007800789288	 0.8625701688820767	 -0.5838684918804699	 
0.0	 0.0	 0.0	 1.0	 
5	 25	  37
0.838529616675078	 0.2638236153445972	 -0.4767233809508953	 2.189457232191713	 
-0.12442306717522245	 0.9445531099607085	 0.30387221462033054	 -0.5129218228535346	 
0.5304592183320571	 -0.19549046639174095	 0.8248615006390372	 0.47927138071445485	 
0.0	 0.0	 0.0	 1.0	 
5	 26	  37
0.5751113095933398	 0.38848746599610257	 -0.7199475469378026	 2.0087778932056235	 
-0.2175388092073201	 0.9209894269934148	 0.3231955164525045	 -0.5917948859798633	 
0.7886214859274976	 -0.029256864669115052	 0.6141825362245644	 0.9385883277206576	 
0.0	 0.0	 0.0	 1.0	 
5	 36	  37
0.46121014326395204	 -0.5105378571402781	 0.7256971132483968	 -0.514756569502548	 
0.3858497081329446	 0.8518997867848234	 0.3540999237640299	 -0.7650603871155608	 
-0.7990026323386954	 0.11669554277085174	 0.5898957058779543	 1.3036714163010332	 
0.0	 0.0	 0.0	 1.0	 
5	 37	  37
0.6390680913440425	 -0.48638895092617873	 0.5958336706185825	 -0.7758637852032584	 
0.28605321585703986	 0.8693966276794235	 0.40289336241428875	 -0.6269581024821743	 
-0.7139786637734553	 -0.08703615453693338	 0.6947367670418014	 0.809997407869616	 
0.0	 0.0	 0.0	 1.0	 
5	 38	  37
0.8502659461414038	 -0.36743112127911803	 0.3768848523724906	 -0.7468070877253549	 
0.18315193267234675	 0.8778160300057851	 0.4425995786523833	 -0.4281001821511665	 
-0.4934604243408463	 -0.30730016039770086	 0.813672797277197	 0.2737004578470357	 
0.0	 0.0	 0.0	 1.0	 
5	 39	  37
0.8685184181624894	 -0.22446684137656608	 0.44191672794199033	 -0.5762167786326787	 
0.0627492088066086	 0.9341983572522295	 0.3511922067776848	 -0.27716382044029525	 
-0.4916688866571402	 -0.2772869748647835	 0.8254535961904005	 -0.04308302617500517	 
0.0	 0.0	 0.0	 1.0	 
6	 7	  37
0.9966501650211093	 0.013986865309733691	 -0.08057801289560865	 0.46200445714596067	 
-0.012098520200794957	 0.9996417225639314	 0.023875768435126517	 0.08832123473996567	 
0.0808830907690136	 -0.02282091383411705	 0.9964623081278225	 -0.11226201212079538	 
0.0	 0.0	 0.0	 1.0	 
6	 8	  37
0.9952550091052633	 0.07014092497863847	 0.06743676663381684	 0.782464127913447	 
-0.07978066319079595	 0.9850130785205061	 0.1529191973703526	 0.05314015932801692	 
-0.05570020315689744	 -0.15757374713668876	 0.9859350899433411	 -0.10032275868227442	 
0.0	 0.0	 0.0	 1.0	 
6	 9	  37
0.9801229927450925	 0.19567359311862043	 0.032722531204859594	 0.8052131395938901	 
-0.1965418847834842	 0.9801555994825077	 0.02581256145449506	 -0.26997029644963255	 
-0.027022335542288025	 -0.03173083294108633	 0.9991310963145458	 -0.06427291183104529	 
0.0	 0.0	 0.0	 1.0	 
6	 10	  37
0.9568662803625814	 0.13929834712661776	 -0.2549566472812025	 0.294385340810713	 
-0.13330372179422936	 0.9902378980936061	 0.04073110525096218	 -0.22230433343048883	 
0.25814151014682973	 -0.004987551197781796	 0.9660942423346517	 -0.013372489852968943	 
0.0	 0.0	 0.0	 1.0	 
6	 11	  37
0.9796214731572407	 -0.0638714478247912	 -0.1904263833663844	 0.0039444490603198264	 
0.0787463143987756	 0.9943207232782939	 0.071591320898131	 -0.23251128978173902	 
0.18477225792268054	 -0.08512777109789069	 0.9790875728401716	 0.10536610780016857	 
0.0	 0.0	 0.0	 1.0	 
6	 12	  37
0.9495473405166729	 -0.0003102784850020558	 -0.31362358304976906	 -0.3657395165967647	 
0.03101767282421134	 0.9951897091453036	 0.09292656662040001	 -0.2784822889913785	 
0.3120861292821003	 -0.09796604788674129	 0.9449893657450172	 0.321024928508191	 
0.0	 0.0	 0.0	 1.0	 
6	 15	  37
0.9704618671004209	 -0.23520849137718394	 0.05367243322259286	 -0.7624402791040045	 
0.21282769361593545	 0.9394267586607797	 0.2686665925310085	 -0.48399252773959306	 
-0.11361398388440457	 -0.24930770284163062	 0.9617367269527269	 0.6491644399415636	 
0.0	 0.0	 0.0	 1.0	 
6	 16	  37
0.8351444869665193	 -0.39234591487842535	 0.38548458979269207	 -0.6330087807835237	 
0.30635905059103835	 0.9138735905443852	 0.2664192046877828	 -0.41603204806141314	 
-0.45681267277778853	 -0.10440183707064214	 0.8834152129128688	 0.5594392093766973	 
0.0	 0.0	 0.0	 1.0	 
6	 17	  37
0.6099242391168089	 -0.3884165977163319	 0.6907423319561716	 -0.615526508433558	 
0.32379801976027284	 0.9177112957471009	 0.23013217953494106	 -0.4608820005246346	 
-0.7232891986868787	 0.08329780475286003	 0.6855028889700224	 0.4651778611401238	 
0.0	 0.0	 0.0	 1.0	 
6	 18	  37
0.802200721956687	 -0.2920382294397778	 0.520756828316106	 -0.5772323427476715	 
0.264375129844624	 0.9557879393939865	 0.1287447304888072	 -0.37746955750143274	 
-0.5353314790032513	 0.034396038357305175	 0.843941419847085	 0.2633692405976921	 
0.0	 0.0	 0.0	 1.0	 
6	 19	  37
0.9403378710636955	 -0.2460498398568681	 0.23499822243967355	 -0.32731428951466185	 
0.24334185716494816	 0.9690767640924057	 0.040926346620533356	 -0.13412745333792558	 
-0.2378012380012154	 0.018700310227364066	 0.9711338062298568	 -0.06821946090117954	 
0.0	 0.0	 0.0	 1.0	 
6	 20	  37
0.9621407616094004	 -0.12948895523691878	 0.23982861656051982	 -0.005360511640932862	 
0.09609162099266945	 0.9845912321252718	 0.1461044352408252	 -0.20343103738499344	 
-0.255052063753036	 -0.1175275120713893	 0.9597581615603098	 -0.738839767140349	 
0.0	 0.0	 0.0	 1.0	 
6	 21	  37
0.8468853448000091	 -0.2555997970441068	 0.46631958624314834	 0.027710048300648483	 
0.16801965584696762	 0.9606028090698822	 0.22138572324365866	 -0.2176095698653213	 
-0.5045340503990153	 -0.10913746816773104	 0.8564662311089098	 -0.5913599482259515	 
0.0	 0.0	 0.0	 1.0	 
6	 24	  37
0.994946402603495	 -0.08776014981481936	 0.048783317341530325	 1.5150456369716767	 
0.08139222845581937	 0.9894363376593697	 0.11996265613185304	 -0.24663648943549513	 
-0.058795927523593805	 -0.1153858302552528	 0.9915791189224118	 -0.09181921177354078	 
0.0	 0.0	 0.0	 1.0	 
6	 25	  37
0.8431419362073173	 0.17912520221000075	 -0.5069771566272013	 1.8755333451861653	 
-0.07339841266966579	 0.9723943442250478	 0.2214992377790743	 -0.47401770384628256	 
0.5326578155121247	 -0.14954397765327623	 0.833013955658299	 0.4415201366547484	 
0.0	 0.0	 0.0	 1.0	 
6	 26	  37
0.5795268724398603	 0.3141454047364489	 -0.751971587763159	 1.7479616469366008	 
-0.1903220859923442	 0.9493733090936164	 0.24993563884360162	 -0.6570554489702896	 
0.7924178870416774	 -0.0017276179002314004	 0.6099761533312547	 0.9347778471627576	 
0.0	 0.0	 0.0	 1.0	 
6	 35	  37
-0.1786028835396339	 -0.6981901548362782	 0.6932759318489449	 -0.6630657534006619	 
0.6603003452352328	 0.43732511710391564	 0.6105327149566017	 -1.0096401052219208	 
-0.7294549088693283	 0.5668132405296661	 0.3829076733191679	 1.239561521292366	 
0.0	 0.0	 0.0	 1.0	 
6	 36	  37
0.4380340755264894	 -0.5889469579957347	 0.6791668641396036	 -0.7819638448876449	 
0.44017535496634197	 0.7992559547252823	 0.40918892423479863	 -1.0671876940869087	 
-0.783818732589307	 0.11971382336115864	 0.609341279529251	 1.2419974979882347	 
0.0	 0.0	 0.0	 1.0	 
6	 37	  37
0.6421477653015857	 -0.5446077451242166	 0.5394892505591714	 -1.0098141465737709	 
0.37034782701816926	 0.8365822236741328	 0.403698736752252	 -0.853235047661413	 
-0.6711845756132216	 -0.05943557001628173	 0.7389037004073941	 0.706791482255112	 
0.0	 0.0	 0.0	 1.0	 
6	 38	  37
0.8421979517160854	 -0.4211187803875419	 0.3366921189011399	 -1.0262315841183323	 
0.25347908506186106	 0.8604032676173473	 0.44210244345580496	 -0.6615166972277362	 
-0.47586864107801014	 -0.2869933620805554	 0.8313746727921578	 0.21165909344534775	 
0.0	 0.0	 0.0	 1.0	 
6	 39	  37
0.8699798395484467	 -0.2981262657312389	 0.39275413232759765	 -0.8358994235341609	 
0.14603102767479376	 0.9165664106405075	 0.3722646287814868	 -0.5386566125305897	 
-0.47096710897418365	 -0.2665084324495594	 0.8409299838261068	 -0.09222355208029147	 
0.0	 0.0	 0.0	 1.0	 
6	 53	  37
0.7351282684224729	 -0.24527334657277003	 0.6320027012815449	 -0.8912344968035429	 
0.15733663425309502	 0.9685287707013205	 0.19286576639128306	 -0.8464726843852007	 
-0.6594176313142408	 -0.04234389902669504	 0.7505833609447605	 1.597528077143512	 
0.0	 0.0	 0.0	 1.0	 
6	 54	  37
0.4361538571518861	 -0.3533591609606159	 0.8275911528386108	 -0.6976259518981076	 
0.28948983455857735	 0.9258845739242197	 0.24276200579253152	 -0.7738815353717474	 
-0.8520360606093963	 0.13369764072105084	 0.5061220132407254	 1.4255676945558184	 
0.0	 0.0	 0.0	 1.0	 
6	 59	  37
0.45614457124335234	 -0.5085062750854519	 0.7303105492350065	 -1.0148760376270274	 
0.28869854427118197	 0.8608332792510955	 0.41906946425325026	 -0.40879190410701804	 
-0.8417750772391158	 0.01968333133705335	 0.5394694484459309	 0.866745655249017	 
0.0	 0.0	 0.0	 1.0	 
7	 8	  37
0.9883032080642788	 0.044187756076439495	 0.14595962161770817	 0.3109918671536337	 
-0.06307224813665473	 0.989843750884742	 0.12740188518783177	 -0.021043752870130297	 
-0.1388476159134312	 -0.13511769331717466	 0.9810527755976236	 -0.007014061382259559	 
0.0	 0.0	 0.0	 1.0	 
7	 9	  37
0.9791604614258038	 0.17192299227938526	 0.1081077032690497	 0.3536487252835979	 
-0.17149532838829074	 0.9850950036047873	 -0.013311131201971908	 -0.31794992368690356	 
-0.10878484784839648	 -0.005506232703607555	 0.9940500682963685	 0.016269334633083624	 
0.0	 0.0	 0.0	 1.0	 
7	 10	  37
0.977270173172968	 0.14365588214789457	 -0.15590380415752245	 -0.2021055937042337	 
-0.14243201853465137	 0.989621203134299	 0.019052412003898664	 -0.3191991127976155	 
0.15702270129704682	 0.003586339544973986	 0.9875884818313987	 0.1030134944109883	 
0.0	 0.0	 0.0	 1.0	 
7	 11	  37
0.9895596983589602	 -0.06069179332227722	 -0.13072149634642477	 -0.3755648404096814	 
0.06624311995425859	 0.9970588673729747	 0.03854171832761751	 -0.3092113957189714	 
0.1279978610854416	 -0.04679873092558975	 0.9906696857890147	 0.24842955540203318	 
0.0	 0.0	 0.0	 1.0	 
7	 15	  37
0.9568420550012211	 -0.26357802715233475	 0.12239242371782155	 -1.146886409580604	 
0.23233299451295925	 0.9468075971555464	 0.22265837875360106	 -0.571520367780404	 
