0	 1	  37
0.9578083827112615	 0.042477823387328535	 0.2842511856234068	 -0.15130165301300103	 
0.022695587317258733	 0.9747507936836995	 -0.22213914677364374	 -0.008933355977234275	 
-0.28651005623601067	 0.21921798451147365	 0.932660422094969	 -0.09026512556858389	 
0.0	 0.0	 0.0	 1.0	 
0	 12	  37
0.9969629917141674	 -0.025119809411876692	 -0.07371423422547227	 -0.9567109480356867	 
0.03008443150067602	 0.997297224610926	 0.06703113280130078	 -0.06525896551639554	 
0.07183119192675252	 -0.06904520952575553	 0.9950241398619063	 0.6038124016466788	 
0.0	 0.0	 0.0	 1.0	 
2	 3	  37
0.6647159990510156	 -0.3056905195325312	 0.6816934405387385	 -0.22319620682484548	 
0.2931730545195178	 0.9459976303111376	 0.13834031787374457	 -0.02324788384292792	 
-0.6871697029914128	 0.10789712560417995	 0.7184399832811711	 0.04165355631924445	 
0.0	 0.0	 0.0	 1.0	 
3	 4	  37
0.8916614834204392	 0.1192778494499097	 0.4367065303096174	 -0.17318580001766778	 
0.11149747336863168	 0.8770862721966523	 -0.4672129969902269	 0.1357528623621495	 
-0.4387574642292382	 0.4652875087027197	 0.7687648677120621	 -0.25460717802057264	 
0.0	 0.0	 0.0	 1.0	 
4	 5	  37
0.9801333350837397	 -0.11951159238009973	 0.1582896861592667	 -0.059212673040303136	 
0.02832834705604002	 0.8742437075828824	 0.48466013298476274	 0.06482424942800918	 
-0.19630626635616805	 -0.47054746735957276	 0.8602609666553478	 -0.015393739311634977	 
0.0	 0.0	 0.0	 1.0	 
5	 6	  37
0.7872530384636679	 -0.3607749337326278	 0.5000740951298523	 0.04719697781225356	 
0.3333896133853481	 0.9312579634458322	 0.14700330338291354	 -0.02427687747612162	 
-0.518733090439092	 0.05099071198697433	 0.853414276992464	 0.06340127959226297	 
0.0	 0.0	 0.0	 1.0	 
6	 7	  37
0.8100521840420596	 -0.3479801357948419	 0.4719377969827092	 0.038556870128952724	 
0.36094117856401586	 0.9302245043036471	 0.06636141356129585	 0.16511980047035257	 
-0.4621005569629932	 0.11658557666039805	 0.8791307516912674	 -0.314328128000407	 
0.0	 0.0	 0.0	 1.0	 
7	 8	  37
0.839779406803061	 -0.15539866863880206	 0.5202132271432433	 0.05051085565045723	 
0.2827770281415632	 0.943132303731938	 -0.17475299714944162	 0.08856258854615301	 
-0.4634735162497695	 0.2938583186547133	 0.8359662602596473	 -0.2725217766313851	 
0.0	 0.0	 0.0	 1.0	 
8	 9	  37
0.9347723614612622	 0.13350518571520958	 0.3292066184560736	 -0.2568797227291673	 
0.057926327517568765	 0.8570123937458585	 -0.5120295865927287	 -0.1206398213953016	 
-0.35049275716976347	 0.49770083619895683	 0.793378033990352	 -0.007220631957086714	 
0.0	 0.0	 0.0	 1.0	 
8	 10	  37
0.7694471553452011	 -0.30367584706509	 0.5619003960138103	 -0.0587487207363967	 
0.2709583605539725	 0.9518524759437629	 0.14338211494336145	 -0.08031049957885132	 
-0.5783879683889362	 0.04192664962798137	 0.8146836895838103	 0.11245151813304785	 
0.0	 0.0	 0.0	 1.0	 
8	 15	  37
0.9144114414550525	 -0.2903038242605579	 0.2820911295234006	 0.1574258702536242	 
0.22242939208592	 0.9426065850050322	 0.24903411702302705	 -0.32647635454308216	 
-0.3381965128034016	 -0.16497428746579168	 0.9265023492699697	 0.773666028283065	 
0.0	 0.0	 0.0	 1.0	 
8	 16	  37
0.9131971128609223	 -0.2534823258733112	 0.3190889273107597	 0.592456570018027	 
0.23531597750009076	 0.9672702576359465	 0.09494545500478235	 -0.6113574103818183	 
-0.33271222369436876	 -0.011617192550046954	 0.9429568479212629	 1.0653744218035186	 
0.0	 0.0	 0.0	 1.0	 
10	 14	  37
0.7492602013117119	 -0.28670695388156286	 0.5969993913952402	 -0.4890362990637054	 
0.34654184666612886	 0.9379064225887576	 0.015501321749679506	 -0.13726336548924645	 
-0.5643739002111642	 0.19527074809789927	 0.8020919122505384	 0.33104629516291717	 
0.0	 0.0	 0.0	 1.0	 
10	 15	  37
0.918178738031032	 0.19786600113917482	 -0.3432154580157102	 -0.08115702504324639	 
-0.12230572814958096	 0.9655986951637385	 0.22947868911924232	 -0.363298722827462	 
0.37681442898267864	 -0.168725236675718	 0.9107923367152255	 0.7370681463545609	 
0.0	 0.0	 0.0	 1.0	 
10	 16	  37
0.8959499967769003	 0.22044905707154816	 -0.3855850314933616	 -0.0844315122561535	 
-0.19397981338335452	 0.9751747439890694	 0.10679911369300023	 -0.7699957346942343	 
0.399556548282256	 -0.020890953116522414	 0.9164704756851979	 1.2214618788539184	 
0.0	 0.0	 0.0	 1.0	 
11	 12	  37
0.8542362277856215	 -0.0012540987162727101	 0.519883539242204	 -0.3443681767582535	 
0.1953374381973983	 0.9274999278150353	 -0.3187274213831949	 0.11909446722455727	 
-0.4817922294693721	 0.37382122885078767	 0.7925490120386364	 -0.2179895390779518	 
0.0	 0.0	 0.0	 1.0	 
11	 13	  37
0.7970831235387003	 -0.09104553406319588	 0.5969666698375523	 -0.3490204465085831	 
0.3168420133044288	 0.9046193263573977	 -0.2850877285782109	 0.2397566621638431	 
-0.5140716222229987	 0.41638273872464393	 0.7499038485813889	 -0.44966836807440025	 
0.0	 0.0	 0.0	 1.0	 
12	 13	  37
0.9916071356106932	 -0.09537896769660774	 0.08728196335489578	 0.132818232421745	 
0.09484931325333294	 0.9954393321364715	 0.010205087509052871	 0.042071601232245424	 
-0.08785725002142426	 -0.0018408033098938064	 0.996131374398903	 -0.22265451355607063	 
0.0	 0.0	 0.0	 1.0	 
14	 15	  37
0.49086473271768055	 0.5566902856362287	 -0.6701848551349497	 -0.045179486556272866	 
-0.34935920048138924	 0.8304512939798183	 0.4339340933439652	 -0.11860990249661095	 
0.7981227745234464	 0.021132302418307245	 0.6021241255600848	 0.4056241014856653	 
0.0	 0.0	 0.0	 1.0	 
15	 16	  37
0.9977538230538616	 0.04514823509408857	 -0.04948682096570627	 0.29940239619681985	 
-0.053714902625886414	 0.980633787806662	 -0.18834033940674874	 -0.40329508571567774	 
0.04002521476887478	 0.1905754734477829	 0.9808562438516963	 0.3403637848061454	 
0.0	 0.0	 0.0	 1.0	 
16	 17	  37
0.6974911656431958	 -0.4437810668269694	 0.5626405944967121	 -0.05919387170224946	 
0.41797068173361135	 0.8897121962836837	 0.18361023118335398	 -0.13980424873240352	 
-0.5820709433229224	 0.10710075868070075	 0.8060538719150119	 0.40416890752096446	 
0.0	 0.0	 0.0	 1.0	 
17	 18	  37
0.9583605018658454	 0.1915398792764379	 -0.21179618294533206	 -0.02113863601151082	 
-0.2623835528852294	 0.8833447338179881	 -0.3884030798170262	 -0.33875891729185753	 
0.1126943638287606	 0.4278020054684116	 0.8968196164661186	 0.413270536963161	 
0.0	 0.0	 0.0	 1.0	 
17	 19	  37
0.9229557343677746	 0.19723531172500294	 -0.3305313059399709	 -0.015833089356777408	 
-0.2905660719105518	 0.9202165730090552	 -0.2622457180087815	 -0.7170087190307461	 
0.2524362696842787	 0.3380823724600415	 0.9066290526889568	 0.8532471291061047	 
0.0	 0.0	 0.0	 1.0	 
18	 19	  37
0.9904540993648396	 -0.013420860048084102	 -0.13718803725891845	 0.12541385041651468	 
0.023369455554419914	 0.9971906399090512	 0.0711666791754909	 -0.09782359769635214	 
0.1358475086207864	 -0.07369333886686769	 0.9879851953385631	 0.515843631111341	 
0.0	 0.0	 0.0	 1.0	 
19	 20	  37
0.7707556029044468	 -0.48195574532887625	 0.416718682249657	 0.07514186467508197	 
0.3489348332881084	 0.8665547424492328	 0.3568295958254368	 -0.06673765601344142	 
-0.5330856241820852	 -0.12962074634576035	 0.8360730706147428	 0.4658724368482367	 
0.0	 0.0	 0.0	 1.0	 
20	 21	  37
0.271776761423041	 -0.5423884272485464	 0.7949542036729236	 -0.3062871443781923	 
0.7458563505508123	 0.6407148785871596	 0.18216132602741164	 -0.25388702245678707	 
-0.6081411812181662	 0.5434144259622574	 0.5786752676265711	 0.3559941946277905	 
0.0	 0.0	 0.0	 1.0	 
21	 22	  37
0.9427661074706928	 -0.03618471961281868	 0.3314856447436287	 -0.21745417637276124	 
0.16706165049658334	 0.9115897836278704	 -0.3756254401909557	 -0.10680989882543314	 
-0.2885870259348384	 0.4095054730425875	 0.8654610309021725	 0.041014896343568856	 
0.0	 0.0	 0.0	 1.0	 
21	 28	  37
0.6061940942891931	 -0.4548221107121214	 0.6524305079135067	 0.0740359314252349	 
0.5592412997771455	 0.8270470424177848	 0.05694170924343339	 -0.5116162140957723	 
-0.5654890703386526	 0.3303483573977109	 0.7557063411750367	 0.5682729912522108	 
0.0	 0.0	 0.0	 1.0	 
22	 23	  37
0.9880107437169404	 0.11837946337623848	 -0.0991013266846193	 -0.046642484640767166	 
-0.15320773949239244	 0.8309352178258682	 -0.5348589088126956	 -0.11857587876061154	 
0.019030471868269346	 0.5436294385217101	 0.8391095725309305	 0.24622384265465358	 
0.0	 0.0	 0.0	 1.0	 
22	 29	  37
0.9648110990430712	 0.17256164841225702	 -0.1983986407729276	 0.049282612093734454	 
-0.14341911874159186	 0.9777657137337973	 0.15298746819927414	 -0.36962736040455335	 
0.22038715829804117	 -0.11914984911397582	 0.9681078524180203	 0.9520232461391155	 
0.0	 0.0	 0.0	 1.0	 
23	 28	  37
0.769605167171934	 -0.5306839569712603	 0.3550808703317935	 0.12110349721657113	 
0.03778908161591689	 0.5929798566412188	 0.8043300783437016	 0.21169966665859802	 
-0.6374008722718255	 -0.6055984044159008	 0.47641442106219944	 0.42070920838073234	 
0.0	 0.0	 0.0	 1.0	 
23	 29	  37
0.9757763040121565	 0.0035926849627021767	 -0.2187411647201643	 0.1699268528869505	 
0.13596665259989868	 0.7733468582296436	 0.6192315449386586	 0.19325235467678312	 
0.17138749636176417	 -0.6339729722007856	 0.7541250536945104	 0.7116700166017625	 
0.0	 0.0	 0.0	 1.0	 
23	 30	  37
0.8654211070948565	 -0.024533795007314643	 -0.5004442029809628	 0.19074348933287516	 
0.09958984711197258	 0.9872945019233238	 0.1238201470851539	 0.07048813837468725	 
0.4910480320161416	 -0.15699573043402923	 0.856868817777003	 0.6401080185154667	 
0.0	 0.0	 0.0	 1.0	 
24	 27	  37
0.8623096876047043	 0.17937250904504046	 0.47354778603849956	 -0.05968962982105461	 
0.19227723796412077	 0.7491405121026912	 -0.6338911238433664	 0.01595691706155995	 
-0.4684564722831426	 0.6376629173202749	 0.611501870357425	 -0.17292380198954665	 
0.0	 0.0	 0.0	 1.0	 
24	 28	  37
0.9593818113760492	 -0.17291720020581058	 0.2229039745580909	 0.06678770613940235	 
0.11879222513606848	 0.9642799307230556	 0.23675435043935286	 0.010518480171449247	 
-0.25588072855928795	 -0.20065855844623703	 0.9456538455874037	 0.030544141650585437	 
0.0	 0.0	 0.0	 1.0	 
25	 27	  37
0.9343843381449322	 0.01968040950610315	 -0.35572263086726696	 0.10353416659937714	 
-0.27457037910719356	 0.676019665695177	 -0.6838190685483359	 -0.0049615880515259635	 
0.22701765470198523	 0.7366207253906538	 0.6370658454026216	 -0.2138368451568427	 
0.0	 0.0	 0.0	 1.0	 
26	 27	  37
0.7637863560719008	 -0.16844720873958255	 -0.6231018697983911	 0.14063840552709525	 
-0.03369306488943865	 0.9536266063359853	 -0.2991004397630794	 -0.0170827639585453	 
0.6445891557083191	 0.24944304671799328	 0.7226914879720681	 -0.040355914322589226	 
0.0	 0.0	 0.0	 1.0	 
28	 29	  37
0.6468504886290518	 0.4337160923731575	 -0.6272756942341347	 -0.13181381851071564	 
-0.5486310060300272	 0.8359746369396998	 0.01226481210686496	 -0.1969542705261462	 
0.5297060171291593	 0.336209395481588	 0.7787006984760366	 0.15141345190260955	 
0.0	 0.0	 0.0	 1.0	 
28	 30	  37
0.34146154300759335	 0.043509629295634976	 -0.9388881332754344	 0.004897216171784444	 
-0.6547720769766323	 0.7276603519803952	 -0.20441120166829016	 -0.24381665445314363	 
0.6742978139209562	 0.68455629740316	 0.27695691691506036	 0.11434090922014971	 
0.0	 0.0	 0.0	 1.0	 
29	 30	  37
0.9484944087923124	 -0.016567085864614525	 -0.31636037703175807	 0.07020019239217146	 
-0.1472058113337592	 0.8612212513678774	 -0.4864446580053251	 -0.009917573085889763	 
0.28051525020806156	 0.5079601242797533	 0.8144247703394141	 -0.11611760566323219	 
0.0	 0.0	 0.0	 1.0	 
30	 31	  37
0.9488115222177007	 0.21277879906784192	 -0.23341353425664313	 -0.05242032472701726	 
0.0884185203125304	 0.5305283403746467	 0.8430432048982226	 0.2289559732796168	 
0.30321421565070594	 -0.8205271858546614	 0.4845578156430429	 0.562371310293449	 
0.0	 0.0	 0.0	 1.0	 
31	 32	  37
0.7758023078551085	 0.36060690516425925	 -0.5177774030165306	 0.013492120103511716	 
-0.5351679568654022	 0.8107582442441336	 -0.2372052430590049	 -0.37301514940928476	 
0.3342544495907256	 0.4611222498839379	 0.8219733776654671	 0.11025659371061865	 
0.0	 0.0	 0.0	 1.0	 
31	 33	  37
0.8734267998432561	 -0.10021821932993528	 0.476531146757383	 -0.7192542466939149	 
0.3669617307247509	 0.7787412553467548	 -0.5088232948720572	 -0.0381748139719429	 
-0.3201010988720053	 0.6192885964841415	 0.7169497337789015	 -0.23846899751617615	 
0.0	 0.0	 0.0	 1.0	 
31	 34	  37
0.9999479824800963	 -0.010142310272051317	 0.0010797575334583875	 -0.4208746722572081	 
0.010199341289362987	 0.995089957409785	 -0.09844770235742673	 -0.06285876153923763	 
-7.596873510242156e-05	 0.09845359416770326	 0.9951416401820461	 -0.02783557063946499	 
0.0	 0.0	 0.0	 1.0	 
32	 33	  37
0.9068187357504851	 0.08830691449254803	 -0.41216704058512127	 0.22778872794936658	 
-0.1681168325958902	 0.9724423839056737	 -0.16153185624444294	 -0.02529722537193213	 
0.38654431969674113	 0.21577233102660695	 0.896674851924334	 -0.031552119806665585	 
0.0	 0.0	 0.0	 1.0	 
32	 34	  37
-0.6554363387107772	 -0.48089274768230805	 0.5823618901713693	 -1.2862897617149112	 
0.4221488235384132	 0.40611134074306304	 0.8104714366990385	 -0.8704790993202696	 
-0.6262536041273885	 0.7770558179091323	 -0.063171822603317	 2.016974193158754	 
0.0	 0.0	 0.0	 1.0	 
32	 35	  37
-0.5181171501567629	 -0.057806822901478705	 0.8533539652099063	 -1.4400562332107287	 
0.4261033962712988	 0.8476423600300872	 0.31613023450579086	 -0.9748034105357356	 
-0.7416134534914377	 0.5274095189780509	 -0.4145463603649681	 2.0829992469441345	 
0.0	 0.0	 0.0	 1.0	 
32	 36	  37
-0.5003603172587251	 -0.11787978339842238	 0.8577551571274229	 -1.4638543979358911	 
0.5176818156571017	 0.7533668633539112	 0.4055168392782932	 -0.8663510026296216	 
-0.694006549429265	 0.6469487814860088	 -0.315930662461012	 2.1091356524761786	 
0.0	 0.0	 0.0	 1.0	 
33	 34	  37
0.9206710466383607	 0.22273565430902606	 -0.3205521052517888	 0.09331707072440035	 
-0.007786801847718775	 0.8315306295323949	 0.5554243223576387	 0.052387075082394145	 
0.3902616937374305	 -0.5088670164679455	 0.7673005734079716	 0.26398201963401713	 
0.0	 0.0	 0.0	 1.0	 
33	 35	  37
0.856396892631316	 0.06716057708749211	 -0.5119314594520449	 0.14487123862273046	 
-0.10603746874016265	 0.9932468334784295	 -0.04708272515744458	 -0.01951973014663976	 
0.5053121980663092	 0.09460541565020195	 0.8577350394003079	 0.058867611290301464	 
0.0	 0.0	 0.0	 1.0	 
33	 36	  37
0.8625588142622994	 0.1594895336976319	 -0.4801618274908228	 0.06697730005150798	 
-0.12340475730013523	 0.9866737334054236	 0.10604814794939957	 0.0745487349062081	 
0.49067663263508837	 -0.032218510963652865	 0.8707458927478066	 0.04565306404270444	 
0.0	 0.0	 0.0	 1.0	 
34	 35	  37
0.982745524802788	 0.08664866260000421	 -0.16341126873542922	 0.010351700706160516	 
-0.16685174290699883	 0.7965810506188721	 -0.5810500199499443	 0.004956909837242932	 
0.07982311299986264	 0.5982897617915283	 0.7972939430137713	 -0.20729125641129398	 
0.0	 0.0	 0.0	 1.0	 
34	 36	  37
0.9844842033830679	 0.10094852507833621	 -0.14352786688902636	 -0.044018240523263606	 
-0.1534365806421714	 0.8920895738558599	 -0.42500989157725244	 0.03177030425134366	 
0.08513559191104496	 0.44043794966167266	 0.8937372899727175	 -0.152094501709139	 
0.0	 0.0	 0.0	 1.0	 
35	 36	  37
0.999922253136309	 0.002822143969543275	 0.01214591232571786	 -0.06095775184519336	 
-0.00523894743498928	 0.9789926105823062	 0.20382841277656835	 0.005292356386701133	 
-0.01131552528971987	 -0.20387619755296768	 0.9789312820411662	 0.03593431450584078	 
0.0	 0.0	 0.0	 1.0	 
