0	 1	  37
0.9969495795145664	 0.07025494808823919	 -0.03399673770890687	 -0.13401600236353983	 
-0.069594172814971	 0.9973699209594113	 0.0202457866139611	 -0.0417019359519097	 
0.03532969028917981	 -0.017818053612471515	 0.9992168583193208	 0.12059763625272892	 
0.0	 0.0	 0.0	 1.0	 
0	 2	  37
0.9628105048796449	 0.10871418219885066	 -0.24734016714281998	 -0.397998140595161	 
-0.09616452454640471	 0.9934136935576288	 0.06230262972744004	 -0.205876367262185	 
0.25248428844616616	 -0.03620027680868854	 0.9669235874911771	 0.35529663938634487	 
0.0	 0.0	 0.0	 1.0	 
0	 3	  37
0.9404894959587222	 0.10186402147500113	 -0.32419628178041904	 -0.3417125621756739	 
-0.131928537630496	 0.9886343983789078	 -0.07208943959176034	 -0.5184689489271067	 
0.31316827577196715	 0.11057010206613642	 0.9432390384091919	 0.6043237931399038	 
0.0	 0.0	 0.0	 1.0	 
0	 4	  37
0.9832027411149505	 -0.08338607476771105	 0.16235495803602257	 -0.05732556075207979	 
0.09165319776268839	 0.9948139409219237	 -0.04410118237941889	 -0.5225455659578044	 
-0.15783555114079448	 0.05824075447848332	 0.9857463940151425	 0.5042858482230317	 
0.0	 0.0	 0.0	 1.0	 
0	 5	  37
0.9516352291493887	 -0.1612331796374727	 0.26152294818195226	 0.09579274786078917	 
0.19017823820275623	 0.9776827775647392	 -0.08926715055041937	 -0.2557130751376575	 
-0.24129365585502952	 0.13468573880439538	 0.9610604161065153	 0.32284919466906015	 
0.0	 0.0	 0.0	 1.0	 
0	 6	  37
0.9624424474404395	 -0.16681887074659021	 0.21418683369359895	 0.4619504998159252	 
0.1808973276879459	 0.9823415250153564	 -0.04776280002117866	 -0.026290266031041738	 
-0.20243688448555222	 0.0847147719901061	 0.9756242694841326	 0.30084347859615745	 
0.0	 0.0	 0.0	 1.0	 
0	 10	  37
0.9991554725456792	 -0.03288913000577703	 -0.02463020116609319	 0.7343421993876991	 
0.03136540147503086	 0.9977123822925492	 -0.05988500488799674	 -0.17765266245292338	 
0.0265434223929254	 0.05906189420928175	 0.9979013675609838	 0.19226767495557123	 
0.0	 0.0	 0.0	 1.0	 
0	 11	  37
0.9718974083076222	 -0.23011993595418484	 0.049600834684193254	 0.47578926793774495	 
0.23162453777969635	 0.9724302271354399	 -0.0270097547500317	 -0.22401478797677768	 
-0.04201786790484214	 0.03773948104779372	 0.9984038413122088	 0.3713046057333976	 
0.0	 0.0	 0.0	 1.0	 
0	 12	  37
0.9847788911156831	 -0.16153518416847967	 -0.06416322847723101	 0.16308717095502887	 
0.1609949324910535	 0.9868623903255415	 -0.013537144202567167	 -0.3673829265810166	 
0.06550700210792108	 0.0030011392195778215	 0.9978475964986933	 0.6601728196191936	 
0.0	 0.0	 0.0	 1.0	 
0	 13	  37
0.9764099270747004	 -0.11362622003323262	 -0.18361028410995378	 -0.08637362454247172	 
0.11234343049809827	 0.9935169382094418	 -0.017408248471775578	 -0.43640542394767795	 
0.18439796076393417	 -0.003629822570818152	 0.9828449605376259	 0.6932614583658727	 
0.0	 0.0	 0.0	 1.0	 
0	 14	  37
0.9732257353296601	 -0.2219542609587965	 -0.059732521579774316	 -0.26451463161467126	 
0.2255795075298382	 0.9721914880741405	 0.06290942933126348	 -0.6016241822804637	 
0.04410843314650126	 -0.07469950842156903	 0.9962301087434258	 0.951930709234372	 
0.0	 0.0	 0.0	 1.0	 
0	 15	  37
0.8825464671491116	 -0.4118342437540201	 0.22694556394469756	 -0.10964548778324357	 
0.372020100178543	 0.9067119248098693	 0.19868198325648087	 -0.6408612925333576	 
-0.2875982934333396	 -0.09091777097540377	 0.9534260225812462	 1.0624489665588208	 
0.0	 0.0	 0.0	 1.0	 
0	 19	  37
0.8116561213730866	 -0.3528527319437278	 0.46552045089066174	 0.09219409245602353	 
0.39377156896957294	 0.9191524467035921	 0.01013563959705362	 -0.16279355968526027	 
-0.4314606495485283	 0.1750820644116596	 0.884979083714702	 0.285717082258516	 
0.0	 0.0	 0.0	 1.0	 
0	 26	  37
0.8049505588139659	 0.09822757405860642	 -0.5851546304692856	 2.3855244030938625	 
-0.09610744352975095	 0.9947631578522242	 0.034779578462750954	 -0.26836666702849127	 
0.5855065816566545	 0.02824187448509412	 0.8101755608275947	 0.6545222840492563	 
0.0	 0.0	 0.0	 1.0	 
0	 27	  37
-0.7987053521936187	 0.5197061793820041	 0.30327421171182334	 -1.6711885412300762	 
0.596832012901324	 0.748360437155664	 0.2893928203607295	 -0.8400473524302667	 
-0.07655918464444206	 0.4121433527455509	 -0.9078967716840028	 5.208985762347478	 
0.0	 0.0	 0.0	 1.0	 
0	 28	  37
0.1915909749223193	 0.3460768548284401	 -0.9184354679999943	 1.5399029440581895	 
-0.28854387484514066	 0.9142786117097177	 0.28431857564974755	 -0.9867825245743992	 
0.9381019830581678	 0.21053605563466804	 0.27502588725450655	 1.6700864131609896	 
0.0	 0.0	 0.0	 1.0	 
0	 29	  37
-0.5126370954075671	 0.3458598324158835	 0.7858652459126496	 -1.0091346094299658	 
0.44021139650739155	 -0.6799552999199103	 0.5864083189176598	 -2.283878849612186	 
0.7371683218893118	 0.6465614947026158	 0.19631887013431554	 2.872745416943693	 
0.0	 0.0	 0.0	 1.0	 
0	 31	  37
0.878630245458282	 -0.4455020359325624	 0.17186281664706343	 0.17559840465108925	 
0.3862585908046106	 0.8747116503367401	 0.29271800387884167	 -0.601417304177762	 
-0.2807368746630127	 -0.19080740222831913	 0.9406271006404852	 0.7745402738811398	 
0.0	 0.0	 0.0	 1.0	 
0	 32	  37
-0.6270790684731261	 0.5930592934022042	 -0.5050272432177839	 0.07087291151904707	 
-0.4462423496431218	 0.2579020476933945	 0.8569447468655963	 -1.338181776608824	 
0.6384666062276572	 0.7627366572447094	 0.10292319674060373	 1.761020449597582	 
0.0	 0.0	 0.0	 1.0	 
0	 37	  37
0.6346385635541061	 -0.5021394336897393	 0.5874435145473381	 0.09537749523184456	 
0.4252344942602423	 0.8616198924331487	 0.2771042869656212	 -0.8450666805591696	 
-0.6452980075447441	 0.07394017918044968	 0.7603442189965972	 1.0691654352327638	 
0.0	 0.0	 0.0	 1.0	 
0	 38	  37
0.6470552189273645	 -0.6067741050488391	 0.46167600013542137	 -0.4111110280789567	 
0.455992222674445	 0.7932648257552202	 0.40348730968886776	 -0.808898918486386	 
-0.6110569830378182	 -0.05055790404794531	 0.7899704183189384	 0.6717433478095245	 
0.0	 0.0	 0.0	 1.0	 
0	 39	  37
0.7011309414700329	 -0.48074055260527326	 0.5265965476473636	 -0.33629744077647655	 
0.3175868487190079	 0.8717782420896858	 0.373016474354347	 -0.6597843128685288	 
-0.6383995586104954	 -0.0942932537342602	 0.7639075767827749	 0.36671903541182965	 
0.0	 0.0	 0.0	 1.0	 
0	 41	  37
0.9687259127397119	 -0.06608193332312215	 -0.23917208046695365	 -0.5361834289696474	 
-0.027260568183128938	 0.9297078894723872	 -0.36728749185771636	 -0.26269932945698393	 
0.24663123769901005	 0.3623208775948159	 0.8988306927614215	 -0.0003327042431716872	 
0.0	 0.0	 0.0	 1.0	 
1	 2	  37
0.9707408067564339	 0.059509400678691066	 -0.23263902795690047	 -0.2139814035366597	 
-0.052152930262215194	 0.9979290778312302	 0.037651394183710246	 -0.18506600060773143	 
0.23439786253917333	 -0.02441693776409367	 0.9718340677231334	 0.2430531322486452	 
0.0	 0.0	 0.0	 1.0	 
1	 3	  37
0.953429830396486	 0.06683422703890876	 -0.29411688935904423	 -0.14659547199962492	 
-0.10187923010125505	 0.9891890135158102	 -0.10547851920459717	 -0.4586255339600507	 
0.28388762034316334	 0.13053076892338736	 0.9499313329815822	 0.4855407908561471	 
0.0	 0.0	 0.0	 1.0	 
1	 4	  37
0.9684161500935103	 -0.15861404430386675	 0.19238436835573663	 0.1262544841731924	 
0.17194571434781847	 0.9835923609596045	 -0.05459614253159734	 -0.48473287231655426	 
-0.18056808011241407	 0.08595145380668721	 0.9797997326153105	 0.3610688324653233	 
0.0	 0.0	 0.0	 1.0	 
1	 5	  37
0.9210477331283979	 -0.23871799186087853	 0.30770894309549834	 0.22008193500005685	 
0.27872593222942854	 0.9558835389262835	 -0.0927281764761937	 -0.1831368616602897	 
-0.27199802940807283	 0.1711735387601527	 0.9469512614841655	 0.1915298992284923	 
0.0	 0.0	 0.0	 1.0	 
1	 10	  37
0.9980221458783092	 -0.06205149443429617	 0.010070172537063998	 0.8889606584126879	 
0.06264666213603089	 0.9950265778284312	 -0.07744356098641007	 -0.09170931603587916	 
-0.005214600624176381	 0.07792125161669554	 0.9969458794171419	 0.05521767049665044	 
0.0	 0.0	 0.0	 1.0	 
1	 11	  37
0.9585143864441488	 -0.2681163270947211	 0.09676676146711423	 0.6132242598300365	 
0.2734607299223955	 0.9607461795338745	 -0.046754761269580704	 -0.14417364531785323	 
-0.08043258151960458	 0.07127702053467823	 0.994208321315906	 0.23276068093346003	 
0.0	 0.0	 0.0	 1.0	 
1	 12	  37
0.9782568617433703	 -0.20584337328819607	 -0.025338076591363203	 0.3356040207990716	 
0.2053635756393445	 0.9784752356463131	 -0.020298153303104787	 -0.32436744420221686	 
0.028970920810990102	 0.014653289740855247	 0.9994728444770948	 0.5214238641948639	 
0.0	 0.0	 0.0	 1.0	 
1	 13	  37
0.9744918296041698	 -0.1744415632362127	 -0.14119424581201487	 0.056726859464078946	 
0.17252427783511448	 0.9846672141030496	 -0.025804089366036263	 -0.4210661659387163	 
0.14353065035799606	 0.0007864389643867004	 0.9896455597442777	 0.5540765311001176	 
0.0	 0.0	 0.0	 1.0	 
1	 14	  37
0.9591610138280089	 -0.2828588947829661	 0.0009975943993566312	 -0.12451494048356719	 
0.28274539894047235	 0.9588648982664162	 0.02516239755127601	 -0.5539133942707057	 
-0.008073966213693664	 -0.023852725519198776	 0.999682878994577	 0.847252075272106	 
0.0	 0.0	 0.0	 1.0	 
1	 26	  37
0.8348413148332674	 0.02623265349665718	 -0.5498652807169997	 2.5256633788549636	 
-0.04280576174557506	 0.998933030719419	 -0.01733398105161122	 -0.07289189649471532	 
0.5488238750353719	 0.03800852573095816	 0.835073473511713	 0.4390261456721424	 
0.0	 0.0	 0.0	 1.0	 
1	 27	  37
0.19268498548273164	 -0.2641284733520979	 -0.9450442560717514	 2.333678860620599	 
0.15737921432781174	 0.9589427626867615	 -0.23592490497665278	 0.42279128876232686	 
0.9685578347559225	 -0.10327113563514229	 0.22634220392482665	 1.4893090959538076	 
0.0	 0.0	 0.0	 1.0	 
1	 28	  37
0.15792950141738607	 0.3145954214688582	 -0.9359957229458302	 1.796017857721572	 
-0.35381635429524055	 0.9029814660599271	 0.24380003975694678	 -0.9097382754146812	 
0.9218851663929081	 0.2926673756042781	 0.25391641782607066	 1.5734034005278696	 
0.0	 0.0	 0.0	 1.0	 
1	 29	  37
0.8154833095385683	 0.007395752334271051	 -0.5787333364438532	 2.095725098354857	 
-0.008403465302967345	 -0.9996616583916496	 -0.02461606208469981	 -1.2885507807094116	 
-0.5787195811746184	 0.0249373532891142	 -0.8151452476559058	 4.2289589382690265	 
0.0	 0.0	 0.0	 1.0	 
1	 31	  37
-0.4489064283270391	 0.4302326725964947	 -0.7831876314377908	 0.1844968963294867	 
-0.4745622229893822	 0.6278593998877512	 0.6169143137291986	 -1.3084700020042992	 
0.7571484102327866	 0.6486080645529084	 -0.07767794718511328	 1.8526048002918751	 
0.0	 0.0	 0.0	 1.0	 
1	 32	  37
-0.1986868747862713	 -0.0799121037375729	 -0.9767996629114383	 1.3739395927678644	 
0.006132867445245843	 0.9965493661105669	 -0.08277529125001949	 0.17019895914003444	 
0.9800438325526887	 -0.022436946781185976	 -0.19751118878325544	 2.463968940532958	 
0.0	 0.0	 0.0	 1.0	 
1	 40	  37
0.9789935775991149	 -0.13738290355077626	 -0.15065693754900505	 -0.3405538366544803	 
0.05865907296869452	 0.8974490376949227	 -0.4372005694174135	 0.09716607294566633	 
0.1952708072860357	 0.4191791532893966	 0.8866555978898712	 -0.34213255714999885	 
0.0	 0.0	 0.0	 1.0	 
1	 41	  37
0.9747014812990029	 -0.11699744199064788	 -0.19044322230306368	 -0.3642876805020975	 
0.008065074843529254	 0.869909630541747	 -0.4931452009890076	 -0.023988550099449685	 
0.22336512019851593	 0.4791334190581629	 0.8488457986114655	 -0.06978826168658664	 
0.0	 0.0	 0.0	 1.0	 
2	 3	  37
0.9968377951412329	 0.02378436587510185	 -0.07582027511084093	 0.17487994958713698	 
-0.03483018878881862	 0.9883928958382583	 -0.1478727202880811	 -0.29621034458290696	 
0.07142316239777972	 0.1500459509496383	 0.9860958089743198	 0.20836011621811817	 
0.0	 0.0	 0.0	 1.0	 
2	 11	  37
0.8902330540791346	 -0.3132176468569856	 0.33072619358361915	 0.7674881505805112	 
0.3540640189301969	 0.9326118188311093	 -0.0698130781123945	 0.14229042008328963	 
-0.2865724688869012	 0.17924815500836475	 0.941140966594358	 -0.19451642780339376	 
0.0	 0.0	 0.0	 1.0	 
2	 12	  37
0.9405594354992574	 -0.28349684786223095	 0.18702268724809043	 0.6386637968624678	 
0.2989676447057344	 0.9523824981609289	 -0.05988259025671857	 -0.08573414625633666	 
-0.1611406085145015	 0.11223686760119121	 0.9805287297364867	 0.16186681836526798	 
0.0	 0.0	 0.0	 1.0	 
2	 13	  37
0.9682558278714626	 -0.2182854947897162	 0.12178708698937103	 0.2902559827482728	 
0.22963301189785718	 0.9692514199946596	 -0.08843282583438078	 -0.1855048735968645	 
-0.0987387038585506	 0.11359193458491594	 0.988608891704697	 0.23940847989202452	 
0.0	 0.0	 0.0	 1.0	 
2	 14	  37
0.9309687380040594	 -0.29559999025955735	 0.2142845179141006	 0.2834801425701058	 
0.308421265653049	 0.9508286229473659	 -0.028306406995375104	 -0.3255912582679051	 
-0.1953804794550885	 0.09244228222283404	 0.9763610462863282	 0.5540996577686121	 
0.0	 0.0	 0.0	 1.0	 
2	 26	  37
-0.7258062435548378	 0.39626451343145885	 -0.5622986148051098	 1.0241668072566832	 
-0.37965053199819265	 0.45090174138991185	 0.8078075842457998	 -1.8013105596683727	 
0.5736469039141631	 0.7997887564891588	 -0.17682526579428795	 1.9064180194882152	 
0.0	 0.0	 0.0	 1.0	 
2	 27	  37
0.9887298137311131	 -0.14454296703183034	 0.038995975701020216	 -0.3137788920660981	 
0.14700421587463128	 0.9866470261330355	 -0.07012422076516484	 -0.04063540661963985	 
-0.028339300526375705	 0.07506648056537545	 0.9967757558955797	 -0.39403380716369746	 
0.0	 0.0	 0.0	 1.0	 
2	 28	  37
0.42374569597600104	 0.25665610454303395	 -0.8686582925078249	 2.379783243521596	 
-0.3162399839335224	 0.9405876091601725	 0.12364150620271507	 -0.5194165858626539	 
0.8487825738689148	 0.22231192836900443	 0.47973487344710986	 0.8872466408686994	 
0.0	 0.0	 0.0	 1.0	 
2	 29	  37
0.4971832221042274	 0.20585276271757622	 -0.8428721633436477	 1.9214390943164616	 
-0.23395791929217738	 0.9672716774272185	 0.09823031124663599	 -0.7927774964539077	 
0.8355073522468451	 0.1483581549112723	 0.5290721332793754	 1.0716185857550238	 
0.0	 0.0	 0.0	 1.0	 
2	 30	  37
0.31735443002696095	 0.3871041852078326	 -0.865700014749245	 1.4221887500994455	 
-0.41178494122831644	 0.8785853751580325	 0.24191093554449236	 -1.111153226309494	 
0.8542361078295948	 0.27971072262785907	 0.43822663511834403	 1.282655898375023	 
0.0	 0.0	 0.0	 1.0	 
2	 31	  37
-0.011779143392539847	 0.5595158126352748	 -0.8287359695295149	 0.9171213039460568	 
-0.5434871081069964	 0.6921011052864345	 0.47499244560602094	 -1.0695437273624775	 
0.8393348647008723	 0.45600231959101084	 0.29593727278797777	 1.3273260092968222	 
0.0	 0.0	 0.0	 1.0	 
2	 40	  37
0.9952928139004038	 -0.06747197995792731	 0.06956828673161632	 -0.2277148808317826	 
0.09122092850339454	 0.8946281877482645	 -0.43740044340310785	 0.23321243903767677	 
-0.03272547633257398	 0.4416876018260119	 0.8965718630383145	 -0.5335806766242189	 
0.0	 0.0	 0.0	 1.0	 
2	 41	  37
0.9944898736113851	 -0.09816547675220405	 0.036788999149516916	 -0.2051694417501187	 
0.10417599595211915	 0.8861903155343992	 -0.4514577350322237	 -0.008855274875304941	 
0.011715509028403417	 0.45280267647956074	 0.8915337812002141	 -0.31267459000626235	 
0.0	 0.0	 0.0	 1.0	 
2	 42	  37
0.9873783128772404	 -0.07724549120892248	 0.13826496789710344	 -0.10671913281619108	 
0.12627277470230344	 0.9108947250392759	 -0.3928434627998839	 -0.32006781270177054	 
-0.09559944366300538	 0.4053442166646944	 0.9091516993262508	 0.12280426742535898	 
0.0	 0.0	 0.0	 1.0	 
3	 4	  37
0.8525304269089437	 -0.21446027111417926	 0.4766536093517883	 0.2074885404965539	 
0.20952413770305597	 0.9756908278372398	 0.06424207495149371	 0.03573694276432944	 
-0.47884392751108934	 0.045102112898569205	 0.8767407213639841	 -0.17835648097878767	 
0.0	 0.0	 0.0	 1.0	 
3	 5	  37
0.7657163313821778	 -0.2506313911508926	 0.5923363956607655	 0.20606480573880998	 
0.29150386516124493	 0.9561671079648363	 0.02774812141777037	 0.2778926289927932	 
-0.5733271286540288	 0.15142115907603168	 0.8052127893503663	 -0.4004375039085288	 
0.0	 0.0	 0.0	 1.0	 
3	 10	  37
0.9413051417936046	 -0.1645065638864525	 0.2947579014567604	 0.8511442548201616	 
0.15958282104604718	 0.9863386800512648	 0.040857452951863216	 0.40869840421095227	 
-0.29745243865180543	 0.008578966895903466	 0.9546980926277646	 -0.7548217814941502	 
0.0	 0.0	 0.0	 1.0	 
3	 11	  37
0.862222282289393	 -0.33666798229989925	 0.3784539676338255	 0.5945964894453488	 
0.3275252306238056	 0.940501532881226	 0.09046596018883228	 0.33443722468662884	 
-0.38639352896819185	 0.045951456366246465	 0.9211886367239495	 -0.5000767337984557	 
0.0	 0.0	 0.0	 1.0	 
3	 12	  37
0.9209646242447552	 -0.28231696268861883	 0.2685540792242618	 0.4369516081272148	 
0.2710673102090598	 0.959321174273971	 0.07890119090125265	 0.22174106434771887	 
-0.2799047592052402	 0.00013102627015516095	 0.9600277644976598	 -0.11649316836905602	 
0.0	 0.0	 0.0	 1.0	 
3	 13	  37
0.9542591907000056	 -0.24647745140440802	 0.16922843411719327	 0.1782115181175968	 
0.23955666300638143	 0.9689961874640683	 0.06048961802943249	 0.1291164121216142	 
-0.17889103435839518	 -0.01718297498360852	 0.9837188334056102	 0.009563318607951742	 
0.0	 0.0	 0.0	 1.0	 
3	 14	  37
0.8847979517323137	 -0.3641280648505094	 0.2907633694235315	 0.08775552218224426	 
0.3391056880289374	 0.931131706044044	 0.1341680973478001	 0.006252142598800384	 
-0.31959336187837684	 -0.020112145279176805	 0.9473413242625625	 0.33765654714938353	 
0.0	 0.0	 0.0	 1.0	 
3	 26	  37
0.03681745605432375	 -0.9135060964765483	 0.40515563260291365	 -0.5841673181698751	 
-0.8268238118935892	 -0.25555045649311003	 -0.5010552347515371	 0.8950250320811339	 
0.5612547184794463	 -0.31654474547264605	 -0.76471731057837	 3.9779798277106266	 
0.0	 0.0	 0.0	 1.0	 
3	 27	  37
0.5434939618456828	 0.14046162075607377	 -0.827577698184201	 2.7463578652602094	 
-0.06830063097295586	 0.9900312580375655	 0.12317926740020642	 0.21655414643295587	 
0.8366297491997161	 -0.010423109091459597	 0.5476696281070261	 0.12131199756982282	 
0.0	 0.0	 0.0	 1.0	 
3	 28	  37
0.5224052156873134	 0.2783408604932136	 -0.8059895508023583	 2.158801148956976	 
-0.18814875342755308	 0.9595530031960621	 0.2094232094135549	 -0.1797161647749014	 
0.8316807303324684	 0.04224215237547908	 0.5536449795277993	 0.44291712202394784	 
0.0	 0.0	 0.0	 1.0	 
3	 29	  37
0.6047738111360199	 0.20340037780894532	 -0.7699850152250971	 1.7302203393880105	 
-0.16387760932268267	 0.9779283768117433	 0.12961565873393346	 -0.2524602959926659	 
0.7793540700648817	 0.04779514759395159	 0.6247582391131599	 0.7031910035976479	 
0.0	 0.0	 0.0	 1.0	 
3	 30	  37
0.51492384166141	 0.1999014682806533	 -0.8336023274127146	 1.352388014413931	 
-0.19933092840536745	 0.9736970935874129	 0.11036825141534255	 -0.2974528950558742	 
0.833738938918958	 0.10933148182781076	 0.5412263933065576	 0.9470061299705608	 
0.0	 0.0	 0.0	 1.0	 
3	 40	  37
0.9855864976661733	 -0.04072559808539876	 0.164197080603496	 -0.5519864240336024	 
0.08743501134478718	 0.9535333356267195	 -0.28832151608875434	 0.38602192884412395	 
-0.1448253237844175	 0.29852236684906375	 0.9433504237989037	 -0.7861920203132289	 
0.0	 0.0	 0.0	 1.0	 
3	 41	  37
0.9905058074216188	 -0.0947839885039758	 0.09957028164731338	 -0.389459086578449	 
0.12394217794576987	 0.929057705444488	 -0.3485543235713506	 0.303307835192918	 
-0.059469168399316936	 0.3575860392653781	 0.9319847866421389	 -0.5035503525546474	 
0.0	 0.0	 0.0	 1.0	 
3	 42	  37
0.9753079466019617	 -0.0833601575305663	 0.20451281972420138	 -0.26309415918583373	 
0.1439585785832901	 0.9422232472117309	 -0.30247525529546976	 0.08929959847095989	 
-0.16748234816643556	 0.3244478949696854	 0.9309582302672857	 -0.05899660548453016	 
0.0	 0.0	 0.0	 1.0	 
3	 43	  37
0.9852778473183151	 -0.12453645627911855	 0.1171248677319441	 -0.11119754835032641	 
0.15459373481867575	 0.9415325777315787	 -0.2993612904584384	 -0.09378199586637087	 
-0.07299548437128967	 0.31306081857614776	 0.9469237472647061	 0.3352780452397858	 
0.0	 0.0	 0.0	 1.0	 
3	 44	  37
0.9133689431396009	 -0.1418079819768521	 0.3816381400694928	 -0.0841757605006145	 
0.22225428002636177	 0.9590533030511809	 -0.17555568038825595	 -0.3091826535739221	 
-0.34111612204352454	 0.24516781631011952	 0.9074869327586569	 0.6825427874156357	 
0.0	 0.0	 0.0	 1.0	 
3	 45	  37
0.8191219116879163	 -0.14557568025082437	 0.5548396300844445	 0.027705006913827962	 
0.2787744806487866	 0.9463786011730937	 -0.16325542006517704	 -0.29031384740542643	 
-0.5013223341640913	 0.2884012214973578	 0.8157822336304587	 0.9517749770859848	 
0.0	 0.0	 0.0	 1.0	 
4	 5	  37
0.9857289364445158	 -0.15368704246117332	 0.06869320807401662	 0.2468113458401614	 
0.15716697987982922	 0.9863815778451904	 -0.04847600770573368	 0.24390588880125774	 
-0.06030758071267695	 0.058580507570099125	 0.996459391968089	 -0.15733428858225618	 
0.0	 0.0	 0.0	 1.0	 
4	 6	  37
0.9942279042744578	 -0.0891569943277737	 0.05968169505347595	 0.5603354551061326	 
0.089246760999759	 0.9960088644881144	 0.0011651232332303867	 0.42754447069403845	 
-0.0595473762064345	 0.004167999944101608	 0.9982167789430287	 -0.1616325319174674	 
0.0	 0.0	 0.0	 1.0	 
4	 7	  37
0.999694164088253	 -0.024546666190562273	 -0.0030065706074292823	 0.9823995660235938	 
0.024621098863179026	 0.9993072275538745	 0.027908178897187462	 0.489848341717688	 
0.0023194349867796536	 -0.027973668646014475	 0.9996059694118601	 -0.3137455884360861	 
0.0	 0.0	 0.0	 1.0	 
4	 9	  37
0.9871231095441872	 0.12317440334150491	 0.10205896807865619	 1.3734663630104325	 
-0.1256749285848498	 0.9919004653757296	 0.018419530737908755	 0.22242597286268764	 
-0.09896352322451334	 -0.031008597983077747	 0.9946078060834413	 -0.2752695878331646	 
0.0	 0.0	 0.0	 1.0	 
4	 10	  37
0.9783379252814657	 0.06872755742529572	 -0.19527269856872298	 0.8887827158720987	 
-0.06884035089420233	 0.997608315946742	 0.006217237543181198	 0.24850309875504098	 
0.1952329635197953	 0.007360081810550464	 0.9807292792361306	 -0.17755730819849316	 
0.0	 0.0	 0.0	 1.0	 
4	 11	  37
0.982370152734538	 -0.13246763805302103	 -0.13191363797945566	 0.6058285154458805	 
0.14015831438495394	 0.9888255519549463	 0.05079049822323141	 0.1928893159528609	 
0.12371147855025234	 -0.06838386264060733	 0.989959149361862	 -0.04568839530863487	 
0.0	 0.0	 0.0	 1.0	 
4	 12	  37
0.9714864419319246	 -0.05806885006762109	 -0.22987409987702423	 0.22738277433385312	 
0.07554183687058146	 0.9948248441125309	 0.0679482186572744	 0.1262585840545593	 
0.22473879065409794	 -0.08337588493265012	 0.9708454757514347	 0.181517070335141	 
0.0	 0.0	 0.0	 1.0	 
4	 13	  37
0.9401578605988886	 -0.014196789348151969	 -0.34044331147244644	 -0.0375874533362703	 
0.03855778584751561	 0.997146696253573	 0.06489809936448371	 0.09981526715427677	 
0.3385505786506027	 -0.07414119855242012	 0.9380227014164166	 0.158240347041988	 
0.0	 0.0	 0.0	 1.0	 
4	 14	  37
0.9674690146283874	 -0.10110941322968812	 -0.2319064300322976	 -0.2301404053927474	 
0.12391073165037465	 0.9885661886291385	 0.08592450919922254	 0.07517187762678137	 
0.22056707894843633	 -0.11186499566712815	 0.9689356977780039	 0.404007214719971	 
0.0	 0.0	 0.0	 1.0	 
4	 15	  37
0.9531572884457248	 -0.29192589679163755	 0.0791861999668565	 -0.08728287851145024	 
0.265704484340811	 0.933186389403472	 0.24200059841515983	 -0.07376207850285181	 
-0.1445417257541108	 -0.20962450575853436	 0.9670394284110203	 0.5393175598418227	 
0.0	 0.0	 0.0	 1.0	 
4	 18	  37
0.7374747169016802	 -0.36131698616929453	 0.5705971235787332	 0.0235681199926366	 
0.3269221445810101	 0.9302627895861277	 0.16653244036519935	 0.006710788481241536	 
-0.5909762713623444	 0.06372737101884451	 0.8041678113862087	 0.13992672557689473	 
0.0	 0.0	 0.0	 1.0	 
4	 19	  37
0.9017590317308692	 -0.31580699297012754	 0.29512131722898616	 0.24625894226250497	 
0.31472344768065486	 0.9477301635769055	 0.052504176276697394	 0.27555777863482234	 
-0.2962765602807768	 0.0455354832812609	 0.9540161002784666	 -0.21192702317388207	 
0.0	 0.0	 0.0	 1.0	 
4	 20	  37
0.9225599469147532	 -0.18440580745830235	 0.338936044887967	 0.3845123261640953	 
0.13958960387739494	 0.9784152186929315	 0.15237585871591688	 0.2503323657483191	 
-0.3597191777456386	 -0.09326391588236381	 0.9283878258337341	 -0.871566716252257	 
0.0	 0.0	 0.0	 1.0	 
4	 25	  37
0.9099350880176617	 -0.007547886181973416	 -0.4146820046836784	 2.300443667350674	 
0.0728674292692066	 0.9871919036201593	 0.14192421632161217	 0.2613643099480741	 
0.40829948976944286	 -0.1593586359159444	 0.8988305467734297	 0.030574829042853816	 
0.0	 0.0	 0.0	 1.0	 
4	 26	  37
0.6242379543565818	 0.22711879865760745	 -0.7474918244616701	 2.453678321233697	 
-0.16592863498596755	 0.9735230518850371	 0.1572277187398502	 -0.04073151341600116	 
0.7634098928049106	 0.02588278858177918	 0.6453955506686013	 0.7146607748337803	 
0.0	 0.0	 0.0	 1.0	 
4	 27	  37
0.154229129325154	 0.3224934101885661	 -0.9339225749774737	 1.9614610788954374	 
-0.21110144428324537	 0.9341609771467334	 0.2877141793478189	 -0.25441020687059807	 
0.9652199520778324	 0.15277849705115676	 0.21215365881751103	 1.1472172312873323	 
0.0	 0.0	 0.0	 1.0	 
4	 37	  37
0.5387833145677352	 -0.6202362903634778	 0.5701048009441381	 -0.35483519269170394	 
0.4192388377928342	 0.7843811193344802	 0.4571488340985913	 -0.5437422822604611	 
-0.7307197389078245	 -0.007294089918479456	 0.6826386008883044	 0.6586411646426412	 
0.0	 0.0	 0.0	 1.0	 
4	 38	  37
0.7699186076748968	 -0.5172167356972639	 0.3737809329950045	 -0.41956779977807124	 
0.3223253872582512	 0.8207167648250561	 0.4717312123062374	 -0.33197097812236903	 
-0.5507555558364957	 -0.24271555419824403	 0.7985971934996215	 0.16403876923604668	 
0.0	 0.0	 0.0	 1.0	 
4	 39	  37
0.827215349450286	 -0.35853716018852266	 0.4326267102223221	 -0.27744139148343283	 
0.19653822170053195	 0.90594932384902	 0.375004733341187	 -0.137651949032825	 
-0.5263910077543424	 -0.22518198724909436	 0.8198814423890292	 -0.18627471301989043	 
0.0	 0.0	 0.0	 1.0	 
4	 41	  37
0.8897524641522547	 -0.06624202979808143	 -0.4516110561348338	 -0.21203627776621822	 
-0.07925139581062773	 0.9519651851915909	 -0.2957727209280918	 0.2846495483019784	 
0.4495105880811455	 0.2989553138369844	 0.8417635959885487	 -0.5558084420672756	 
0.0	 0.0	 0.0	 1.0	 
5	 6	  37
0.9971027212129775	 0.07536418549627139	 0.010315177853963138	 0.33349943535816917	 
-0.07569288831089992	 0.9964655028527837	 0.03642922293300584	 0.15509066907399005	 
-0.007533260172657131	 -0.037104462923381404	 0.9992829973647797	 0.01933854179565439	 
0.0	 0.0	 0.0	 1.0	 
5	 7	  37
0.9938698246516547	 0.09817645194559736	 -0.05083459383396159	 0.768611965905608	 
-0.09427984778300261	 0.9927851239510582	 0.07408783951159684	 0.19205571130488241	 
0.05774150975601452	 -0.06884099029543371	 0.9959552380033149	 -0.1003899521613231	 
0.0	 0.0	 0.0	 1.0	 
5	 8	  37
0.9845880421112687	 0.14937342448844496	 0.09096135106786822	 1.114061149281044	 
-0.16467805679849554	 0.9669574833153866	 0.19461336816736102	 0.1088220991067086	 
-0.05888569385316452	 -0.20659333367020422	 0.9766533005844307	 -0.09818972979222775	 
0.0	 0.0	 0.0	 1.0	 
5	 9	  37
0.965287838213073	 0.2589504886710031	 0.034117939782188536	 1.1393119520985882	 
-0.2603475832409442	 0.9644091460540384	 0.046196698019667824	 -0.15166960570499693	 
-0.020940995643283684	 -0.053475633931440135	 0.9983495536519749	 -0.032990335249805075	 
0.0	 0.0	 0.0	 1.0	 
5	 10	  37
0.9437632665855157	 0.20777778242758926	 -0.25717560104588183	 0.6478890055198915	 
-0.19113331022265675	 0.9775754758949158	 0.08839822765281614	 -0.09226414927745892	 
0.2697757482932202	 -0.034272176153590725	 0.9623130798105837	 0.021312697075650023	 
0.0	 0.0	 0.0	 1.0	 
5	 11	  37
0.9843998298273132	 0.007860891383589884	 -0.17577025181358738	 0.3249951788006061	 
0.012122675885742023	 0.9935971054073732	 0.11232912736890394	 -0.06559712713657755	 
0.17552782048816626	 -0.11270757965969037	 0.9780015264415125	 0.14123345799973733	 
0.0	 0.0	 0.0	 1.0	 
5	 12	  37
0.9516044321803819	 0.0724740448378353	 -0.29865786023390467	 -0.023302658579695962	 
-0.024967510162341246	 0.98681529462001	 0.1599130943366282	 -0.10615220805045197	 
0.30630969310641226	 -0.14471726617396174	 0.9408673045547862	 0.3446384040126623	 
0.0	 0.0	 0.0	 1.0	 
5	 15	  37
0.9774853798028218	 -0.20906712277460304	 0.028517896950533948	 -0.4139384912203321	 
0.1886106444287485	 0.9263250993789997	 0.32611015787408026	 -0.33435440878524403	 
-0.0945957561410884	 -0.3133891326055106	 0.944901526342751	 0.6788285599438103	 
0.0	 0.0	 0.0	 1.0	 
5	 16	  37
0.8439076488094546	 -0.364968844103097	 0.39321447470171844	 -0.34814571972061936	 
0.25584467186011933	 0.9180120014436939	 0.3029809714918281	 -0.26537076336377347	 
-0.471554221868161	 -0.15508613103496272	 0.868092683875933	 0.6208963607749295	 
0.0	 0.0	 0.0	 1.0	 
5	 17	  37
0.6537914799126168	 -0.3008309754257502	 0.6943035539431305	 -0.2770020620783126	 
0.2294930945250487	 0.9531861913106549	 0.1968984618020261	 -0.24003692133654944	 
-0.7210337165202378	 0.030607334400084146	 0.6922236421287085	 0.5019119512427155	 
0.0	 0.0	 0.0	 1.0	 
5	 18	  37
0.8127287673485524	 -0.21257310104922386	 0.5424800710020776	 -0.2951440834850104	 
0.17832752715733696	 0.9771414894433992	 0.11573159752757456	 -0.16546373281953147	 
-0.5546812091481477	 0.0026807309920726928	 0.8320586336907376	 0.29846534867066926	 
0.0	 0.0	 0.0	 1.0	 
5	 19	  37
0.9565099195483154	 -0.16212307179533	 0.24249718224614547	 0.004127870701767975	 
0.1525372665640314	 0.9865986574333233	 0.05792643144487875	 0.04868839359146298	 
-0.2486386054393969	 -0.01841734895175542	 0.968421212666649	 -0.050105502415558605	 
0.0	 0.0	 0.0	 1.0	 
5	 20	  37
0.9616574061342636	 -0.04126508349516081	 0.2711313816422902	 0.27424351356795057	 
-0.004671311688118808	 0.9860076392688415	 0.1666346727142884	 -0.08871802368298466	 
-0.27421380722755767	 -0.1615120063265359	 0.9480087867410005	 -0.7077549515238662	 
0.0	 0.0	 0.0	 1.0	 
5	 21	  37
0.8430130840881475	 -0.21580337156597737	 0.49270462234177004	 0.2831581260759947	 
0.10413581899807987	 0.964138807022255	 0.24411491555269954	 -0.1488715023087608	 
-0.5277164686247616	 -0.15448386846029918	 0.8352544900374691	 -0.5631771520295267	 
0.0	 0.0	 0.0	 1.0	 
5	 25	  37
0.8311047969617954	 0.24470716085746616	 -0.4993828410069486	 2.2303162380382573	 
-0.11905698361062324	 0.9554571607123394	 0.27005008553424714	 -0.4089511204033775	 
0.543222101097362	 -0.16498490679026517	 0.8232191259991324	 0.5087262277664456	 
0.0	 0.0	 0.0	 1.0	 
5	 26	  37
0.5856154318233922	 0.33822321284328105	 -0.7366543452015127	 2.033807651978258	 
-0.19350035935803137	 0.9408459688522293	 0.278148294660999	 -0.4788565961467438	 
0.7871544809874448	 -0.020345053169693417	 0.6164202315570994	 0.9375351161393151	 
0.0	 0.0	 0.0	 1.0	 
5	 36	  37
0.4766371622996436	 -0.5482037492961985	 0.687233340847585	 -0.4396319406915375	 
0.4272703990492149	 0.8276632241366435	 0.3638867866631866	 -0.7838898865859556	 
-0.7682818633882142	 0.12019249839039624	 0.6287262852143264	 1.2579538381525357	 
0.0	 0.0	 0.0	 1.0	 
5	 37	  37
0.6274808106465875	 -0.4690378581363311	 0.6215072967433161	 -0.7865593834412549	 
0.26895124010651844	 0.8796368466046448	 0.3923063197816239	 -0.6274005069816506	 
-0.7307072346127871	 -0.07900952936398761	 0.6781035551847622	 0.844243532643396	 
0.0	 0.0	 0.0	 1.0	 
5	 38	  37
0.837029960052481	 -0.37894041669623596	 0.39469609393636607	 -0.7480426134137838	 
0.18590364743852408	 0.8754041862545285	 0.446214460273419	 -0.42664710241353637	 
-0.5146073064421008	 -0.3001194283649906	 0.8031859366761074	 0.2896664387256289	 
0.0	 0.0	 0.0	 1.0	 
5	 39	  37
0.8653581714754928	 -0.22479863097653216	 0.44790714503306184	 -0.6124097844111444	 
0.05374417234932372	 0.930224825315448	 0.3630335222886863	 -0.31306814193738375	 
-0.49826378455500614	 -0.29008162623289485	 0.8170592702631806	 -0.034930206455264755	 
0.0	 0.0	 0.0	 1.0	 
6	 7	  37
0.9977821248265331	 0.014590391139719524	 -0.06494576093201354	 0.44405360519328313	 
-0.012903750405698826	 0.999570437244097	 0.026314144734574798	 0.08159199749150188	 
0.06530179631614792	 -0.025417739357282542	 0.9975417855527905	 -0.11039183604724215	 
0.0	 0.0	 0.0	 1.0	 
6	 8	  37
0.9948427507038707	 0.07514516868939256	 0.06812565592050482	 0.7942535519430927	 
-0.08514959895983512	 0.9836985725931582	 0.15838770178003742	 0.049617761294677334	 
-0.055113039917387155	 -0.16337172919702328	 0.9850239747997194	 -0.0946507017056623	 
0.0	 0.0	 0.0	 1.0	 
6	 9	  37
0.9810612124372359	 0.1913668525167196	 0.029960394006509412	 0.8132864868209633	 
-0.19253129060436783	 0.980367390345903	 0.0425615094255392	 -0.31979640745324445	 
-0.021227331188770404	 -0.04752375936526711	 0.9986445277006203	 -0.06485888664043335	 
0.0	 0.0	 0.0	 1.0	 
6	 10	  37
0.9590812134344444	 0.1492797935561767	 -0.24058006832017112	 0.2671910940139416	 
-0.14083012028407124	 0.988665030042254	 0.05204167169031766	 -0.25269231231349937	 
0.2456218704795785	 -0.016031269674427015	 0.9692331479756242	 -0.0261992712671265	 
0.0	 0.0	 0.0	 1.0	 
6	 11	  37
0.979489394777693	 -0.04977843054298625	 -0.19525018148699788	 0.024972860556035266	 
0.0671151718122823	 0.994269991408724	 0.08320299211389158	 -0.2655068146821426	 
0.18998968190571938	 -0.09460069786620813	 0.9772178000489915	 0.10939592167866125	 
0.0	 0.0	 0.0	 1.0	 
6	 12	  37
0.9520551203147352	 -0.010537973286778125	 -0.30574499014947504	 -0.35739459383735106	 
0.04060274584627672	 0.9949178166290928	 0.09214095280460965	 -0.27464262369568054	 
0.3032201591455261	 -0.10013735203711865	 0.9476444722651823	 0.30544844918469916	 
0.0	 0.0	 0.0	 1.0	 
6	 15	  37
0.9765418893686427	 -0.21061119892885227	 0.044820321217861045	 -0.7388448511214292	 
0.1894408902987423	 0.9392747265181142	 0.2861383183132593	 -0.503474100101909	 
-0.10236252923380192	 -0.2709352524314095	 0.9571394891021819	 0.6418511763700555	 
0.0	 0.0	 0.0	 1.0	 
6	 16	  37
0.8290889337119995	 -0.3957393088216417	 0.39497080835128473	 -0.663732798242056	 
0.3072721977300548	 0.912676751030157	 0.26945304717367274	 -0.44028224305815644	 
-0.46711383676620044	 -0.10203699124535394	 0.8782898814851245	 0.5847749098236226	 
0.0	 0.0	 0.0	 1.0	 
6	 17	  37
0.6314575594669186	 -0.4030473314822831	 0.6624305240378753	 -0.5503610463196666	 
0.32399435093738976	 0.913290932620846	 0.24683462673054007	 -0.503406243389991	 
-0.704477828716236	 0.058758156689571864	 0.7072895219566748	 0.4521278361529169	 
0.0	 0.0	 0.0	 1.0	 
6	 18	  37
0.7967731310000715	 -0.2901944317172104	 0.530037517084091	 -0.5734604307541911	 
0.26184325317272206	 0.9563189884350161	 0.12996962386093436	 -0.37870052194426473	 
-0.5446014033072892	 0.03523044363831212	 0.8379547287036325	 0.2682801330775067	 
0.0	 0.0	 0.0	 1.0	 
6	 19	  37
0.9395496026791024	 -0.23933521854183212	 0.24487792320067242	 -0.34522207162240404	 
0.23723817146449966	 0.9706890810672436	 0.038480617159962656	 -0.13030282185233782	 
-0.24691009316291992	 0.021939942168662324	 0.9687899900555921	 -0.06787187925304587	 
0.0	 0.0	 0.0	 1.0	 
6	 20	  37
0.9593242768410679	 -0.13006177199602517	 0.2505611049796366	 -0.02716777396241725	 
0.09458975006151601	 0.9843338639335102	 0.14879389603416382	 -0.19883263510116178	 
-0.26598817839645106	 -0.11904108441617768	 0.9565978826938508	 -0.7397715962555418	 
0.0	 0.0	 0.0	 1.0	 
6	 21	  37
0.8532885699156336	 -0.2335438030916091	 0.4662144447449489	 0.04751870084803842	 
0.13818202884631217	 0.9634030339990316	 0.22969614926110252	 -0.23110312633528207	 
-0.5027965228153928	 -0.13157464086582008	 0.8543323536690981	 -0.6280384631156394	 
0.0	 0.0	 0.0	 1.0	 
6	 24	  37
0.9946752428743576	 -0.07262504940352998	 0.07312156598413365	 1.4687300098764566	 
0.06297132361343137	 0.9899496681456296	 0.12662648593690956	 -0.2710534410521304	 
-0.08158292477724523	 -0.1213476688589144	 0.9892517220845753	 -0.10720294476456835	 
0.0	 0.0	 0.0	 1.0	 
6	 25	  37
0.8603113636946561	 0.15681421655310476	 -0.48505016130775247	 1.80109041119897	 
-0.04819719571249538	 0.9722691285349571	 0.22884442755576467	 -0.4691822767832266	 
0.5074853572501302	 -0.17349940398949507	 0.8440121853338362	 0.3941170492717088	 
0.0	 0.0	 0.0	 1.0	 
6	 26	  37
0.5928194903464606	 0.31223582321419524	 -0.7423434801809178	 1.7076342947311407	 
-0.2134529609143176	 0.9497334870135834	 0.22900684950876724	 -0.6223585642564328	 
0.7765326041720813	 0.022695690048420508	 0.6296681827049486	 0.8716744456873645	 
0.0	 0.0	 0.0	 1.0	 
6	 35	  37
0.33852918186653885	 -0.6050627989878723	 0.7206226490374364	 -0.10753497177626457	 
-0.6154940945504098	 -0.7216687101449626	 -0.3167985043703263	 -0.8607354795781672	 
0.7117338074015754	 -0.33629344638078495	 -0.6167184976332319	 4.220839068125322	 
0.0	 0.0	 0.0	 1.0	 
6	 36	  37
0.3756325035306059	 -0.622868399557342	 0.6862471705764659	 -0.8123011850941956	 
0.42503595452372683	 0.7737901673147302	 0.46967351887150943	 -1.161963325786137	 
-0.8235561059535859	 0.11525508144944102	 0.555402202504319	 1.3064700716456703	 
0.0	 0.0	 0.0	 1.0	 
6	 37	  37
0.5772986229865322	 -0.583540532553672	 0.5711451188313085	 -1.0802927433047926	 
0.3559651908462646	 0.8093675501377309	 0.4671326917373995	 -0.979857633505663	 
-0.7348571853112922	 -0.0663672784662938	 0.6749668892214944	 0.8129189688269292	 
0.0	 0.0	 0.0	 1.0	 
6	 38	  37
0.8283687178219592	 -0.42773881807124736	 0.3617247169451028	 -1.0584547012843288	 
0.2682657033438507	 0.869772260742031	 0.41416147437095774	 -0.6208496215854203	 
-0.4917710643616918	 -0.2460400738877895	 0.8352397873053338	 0.220594667557007	 
0.0	 0.0	 0.0	 1.0	 
6	 39	  37
0.8636056423522847	 -0.29840914982466654	 0.4063708574666949	 -0.8765291366595368	 
0.1479905421747129	 0.9205577828270762	 0.3614860549223599	 -0.511425259161337	 
-0.48195860187793277	 -0.2520423531421191	 0.83916062723322	 -0.07553228974527582	 
0.0	 0.0	 0.0	 1.0	 
6	 53	  37
0.7385060618859828	 -0.25489970596921296	 0.6242074466509241	 -0.9406223960279351	 
0.14340772852976214	 0.9639843577515036	 0.22398299356950366	 -0.8933287836675089	 
-0.6588194137664677	 -0.0758966264548757	 0.7484628795987001	 1.6018973807786154	 
0.0	 0.0	 0.0	 1.0	 
6	 54	  37
0.37596810399720126	 -0.378096685183206	 0.845985154379331	 -0.8448565502429646	 
0.30153079518589476	 0.9131982489327038	 0.27413160653380375	 -0.8482551747648951	 
-0.8762004133366467	 0.1520258359612408	 0.45734120836523645	 1.4943362323011982	 
0.0	 0.0	 0.0	 1.0	 
6	 59	  37
0.33444597976490553	 -0.5046553146541827	 0.795907595145555	 -0.9816283103227061	 
0.31130521608509515	 0.8562928043999848	 0.4121306777843903	 -0.41043952383530896	 
-0.8895138835663582	 0.1099347375677806	 0.4434855177101031	 1.0406018130092138	 
0.0	 0.0	 0.0	 1.0	 
7	 8	  37
0.9910091950639598	 0.030864180996558792	 0.13018516670532468	 0.34356582591679513	 
-0.04837760553395147	 0.989855045392156	 0.13359115387814174	 -0.025953475382841616	 
-0.12474126254565043	 -0.13868810851368485	 0.9824485869374602	 -0.0067120380908050215	 
0.0	 0.0	 0.0	 1.0	 
7	 9	  37
0.9753333811570799	 0.19178974484385622	 0.10927712191225342	 0.3645440449826292	 
-0.1916146584349709	 0.9813944040246213	 -0.012200263194174213	 -0.3296464147896177	 
-0.10958384129764039	 -0.009039774437792598	 0.9939364487755579	 -8.863149798889677e-06	 
0.0	 0.0	 0.0	 1.0	 
7	 10	  37
0.9795418651276019	 0.13304609422969435	 -0.15098500346909285	 -0.2136543030602325	 
-0.1333540400753738	 0.9910351181522743	 0.008129857593057604	 -0.299081618924422	 
0.15071308655161414	 0.012170924333472204	 0.988502622223611	 0.11014731339779234	 
0.0	 0.0	 0.0	 1.0	 
7	 11	  37
0.9926701971513674	 -0.03794501557463723	 -0.11474343327836115	 -0.3949771051875013	 
0.043306538143783144	 0.9980658492222095	 0.0445993763448545	 -0.3043117365937478	 
0.11282917814761488	 -0.04924161257909268	 0.9923934905818075	 0.2592199074707149	 
0.0	 0.0	 0.0	 1.0	 
7	 15	  37
0.9561010341901758	 -0.27774085249684427	 0.09343891734604856	 -1.110106734031641	 
0.2363903500553274	 0.9194575756785232	 0.3141932031857014	 -0.7384407820911274	 
