1	 2	  37
0.8942960837245624	 -0.147455894350132	 0.42248227638128444	 -0.04522014330983934	 
0.12583260286573536	 0.9889172300072325	 0.07879637206658222	 -0.02657677638146678	 
-0.4294189920007536	 -0.017305242449149848	 0.9029395649171834	 0.17418034918501446	 
0.0	 0.0	 0.0	 1.0	 
2	 3	  37
0.8321532849375439	 -0.13295330864713137	 0.5383719235690474	 -0.6077740160500796	 
0.12936394404768675	 0.9905902974708072	 0.04467474160109306	 0.013471870089223865	 
-0.539245658627014	 0.03246968242034661	 0.8415223344483724	 0.14658962738124054	 
0.0	 0.0	 0.0	 1.0	 
2	 5	  37
0.7118585158632582	 -0.14804084454894975	 0.6865430516276391	 -1.0230579955349342	 
0.09972203442014156	 0.9889333639817689	 0.10984679082617961	 -0.11339532124389642	 
-0.6952071412493299	 -0.009731903664545486	 0.7187435709674188	 0.24268844950924046	 
0.0	 0.0	 0.0	 1.0	 
2	 7	  37
0.8408781880429267	 -0.10183866045849911	 0.5315569208557643	 -0.9158864228749478	 
0.10364554432086134	 0.9942604753100154	 0.02652750230860089	 -0.14950835449371522	 
-0.5312075620847987	 0.03278710832505591	 0.8466070703175141	 0.3422218070847093	 
0.0	 0.0	 0.0	 1.0	 
3	 4	  37
0.9594787869079703	 -0.018069614285023638	 0.2812009006265816	 -0.3555874659325851	 
-0.004380095132589894	 0.9968647960914175	 0.07900248781048756	 0.1051118404171009	 
-0.28174682294613335	 -0.0770328978632325	 0.9563914786354764	 -0.3685049059158463	 
0.0	 0.0	 0.0	 1.0	 
3	 5	  37
0.974639893732169	 0.005484869206188616	 0.22371185430266544	 -0.4801070037863727	 
-0.016997804286445456	 0.9986259990397837	 0.04957003824118274	 -0.05018946592652495	 
-0.22313258882374284	 -0.052115547119680625	 0.9733939683156199	 -0.1482669379096447	 
0.0	 0.0	 0.0	 1.0	 
3	 6	  37
0.984371092451161	 0.03705796686079432	 0.1721634672009479	 -0.5048881755754414	 
9.441542442896091e-05	 0.9774979237703703	 -0.2109450167942883	 -0.12329111237174711	 
-0.1761066251798473	 0.20766443151574931	 0.9622172002469116	 -0.00568442424058569	 
0.0	 0.0	 0.0	 1.0	 
3	 7	  37
0.999452470679254	 0.021018824142275818	 -0.025553236288406365	 -0.35511050034691005	 
-0.021304718191397766	 0.9997128662980866	 -0.010967859447022917	 -0.11942929126585863	 
0.025315367584140745	 0.011506258720392532	 0.9996132943165268	 -0.020134708064445613	 
0.0	 0.0	 0.0	 1.0	 
3	 38	  37
0.24554607333675235	 -0.3697827595256582	 0.8960847262544377	 -2.2977568264964665	 
0.5181837791858188	 0.8313014889438222	 0.20105572727104126	 -0.23334063258021542	 
-0.8192635088038555	 0.414968125567945	 0.39573824417791786	 1.8575180554368798	 
0.0	 0.0	 0.0	 1.0	 
3	 39	  37
-0.023112724726794112	 -0.32945611865115837	 0.9438879530108526	 -2.192885453568946	 
0.2880862959162194	 0.9018961152887062	 0.3218535122263135	 -0.6901473341259448	 
-0.9573254870006214	 0.27936009577327753	 0.07406651624431398	 1.7487673197148588	 
0.0	 0.0	 0.0	 1.0	 
3	 40	  37
0.044162131666257196	 -0.44081286821389126	 0.8965119750141295	 -1.9296799917739254	 
0.2644932552096919	 0.8705247155886879	 0.415006069230096	 -0.5831236936743267	 
-0.9633758477745195	 0.21879381793432154	 0.15503625756077147	 1.7910229285007027	 
0.0	 0.0	 0.0	 1.0	 
3	 41	  37
-0.2932986329083196	 -0.9424655289603422	 0.1604201940393198	 -0.4502901119757093	 
0.2918645837748741	 0.07151713242807835	 0.9537821368148931	 -2.165371507931322	 
-0.910379578347422	 0.3265639699825546	 0.2540964321614985	 1.1629176269529473	 
0.0	 0.0	 0.0	 1.0	 
3	 45	  37
0.06575695448674188	 -0.14212380195224564	 0.9876623146882073	 -1.857725057656354	 
0.4459339180157866	 0.8896483181768196	 0.09833011099477988	 -0.6891784065495945	 
-0.8926471664099529	 0.43396623703209297	 0.1218783878154241	 0.9082232478099755	 
0.0	 0.0	 0.0	 1.0	 
3	 46	  37
0.08546672126214024	 -0.2096653660436123	 0.9740307355717767	 -2.4410138299637314	 
0.21053701502788247	 0.9593329264034822	 0.1880279277694609	 -0.6910881360766578	 
-0.9738427002652162	 0.1889993931205244	 0.12613336014007084	 1.5779635062434172	 
0.0	 0.0	 0.0	 1.0	 
3	 47	  37
-0.1272273890482569	 -0.48112532877962527	 0.8673705145338183	 -1.72833133385526	 
0.21151336787894567	 0.8412023344185489	 0.4976351351917276	 -0.6954041649714036	 
-0.9690589696630788	 0.24677327767706173	 -0.0052595380073267636	 1.7467427276538015	 
0.0	 0.0	 0.0	 1.0	 
4	 5	  37
0.9959099612762194	 0.025045068384854517	 -0.08681067664980846	 -0.0995686837293801	 
-0.03053857749125371	 0.997574987390793	 -0.06254230421937923	 -0.08621697997505808	 
0.08503378337819824	 0.06493757834918581	 0.9942597078241344	 0.16009307960425126	 
0.0	 0.0	 0.0	 1.0	 
4	 6	  37
0.9887174141858973	 -0.007521976163568242	 -0.1496037925994742	 -0.1582099956081834	 
-0.03419937486000073	 0.9610244063505102	 -0.2743401049023559	 -0.29286970476884894	 
0.1458364757004803	 0.2763611953101322	 0.9499243191339082	 0.2961594603169841	 
0.0	 0.0	 0.0	 1.0	 
4	 7	  37
0.9386350503256221	 0.009004980573034987	 -0.34479436280933334	 -0.009239983748391554	 
-0.04708479315997477	 0.993646032047762	 -0.10222810400677138	 -0.20825711082828016	 
0.34168298838733174	 0.11218945280469099	 0.933094990944698	 0.34299843866317653	 
0.0	 0.0	 0.0	 1.0	 
4	 38	  37
0.6348534847156413	 -0.5054820601502537	 0.5843363242266068	 -2.289971954070268	 
0.39334540596382717	 0.8623975574304293	 0.3186688634698738	 -0.7510258661010945	 
-0.6650116123433927	 0.027537970228103198	 0.746325140702199	 1.1761028123577997	 
0.0	 0.0	 0.0	 1.0	 
4	 39	  37
0.293680656317596	 -0.40244073668754354	 0.8670600472627331	 -2.3172978371658997	 
0.37879644292860043	 0.8817960069618518	 0.28097874818351215	 -0.8843450227018245	 
-0.8776473818849484	 0.24592123853079723	 0.4114095496095991	 1.332353738097097	 
0.0	 0.0	 0.0	 1.0	 
4	 40	  37
0.5588483787569822	 -0.09988229620463684	 0.8232326624142055	 -2.075787589134801	 
-0.2657945291647814	 0.918772635863206	 0.2919077111949032	 -0.3018730173352727	 
-0.785520055648972	 -0.3819428890473862	 0.4869064301068235	 1.15175541699671	 
0.0	 0.0	 0.0	 1.0	 
4	 41	  37
0.5637832351011862	 -0.24739155543095342	 -0.7880011942378596	 1.5397727758863444	 
0.08389481355353674	 0.9663044559320964	 -0.24334617051556923	 0.6312016543509549	 
0.8216508529038701	 0.07108527799220346	 0.5655411206756886	 0.5209606167931634	 
0.0	 0.0	 0.0	 1.0	 
4	 46	  37
0.07486702445517782	 -0.2600966722351971	 0.962675776022958	 -2.3652669729587226	 
0.17759443461694244	 0.9534296406845363	 0.24378707319553505	 -0.955118352196864	 
-0.9812518257013929	 0.15271424739143658	 0.11757216167677842	 1.6786356131297655	 
0.0	 0.0	 0.0	 1.0	 
4	 47	  37
0.12433408584151137	 -0.550127579347309	 0.8257727783957437	 -1.8701269814043975	 
0.2975116562289694	 0.8146088609069904	 0.49789478621462885	 -0.9507986090747407	 
-0.946587475886857	 0.18377173388006512	 0.26495301530811743	 1.5829308486576477	 
0.0	 0.0	 0.0	 1.0	 
5	 6	  37
0.9991590454403866	 -0.02185012821441383	 -0.0346954436730133	 -0.08574124951204753	 
0.011471788537234108	 0.9613562498362623	 -0.2750682805568716	 -0.043672528023828795	 
0.03936495881377918	 0.2744389418391105	 0.9607984529649379	 0.1354006464468886	 
0.0	 0.0	 0.0	 1.0	 
5	 7	  37
0.9708692840753658	 -0.00020472370589343783	 -0.23960966451124344	 0.07850280545378147	 
-0.010303248547986836	 0.9990390330812333	 -0.042601096810684635	 -0.1212078513129916	 
0.23938812900464557	 0.04382885428937384	 0.969934201491697	 0.1573089244956642	 
0.0	 0.0	 0.0	 1.0	 
5	 38	  37
0.552276181074293	 -0.5261895681365769	 0.6466185569578395	 -2.0728479653973655	 
0.3650202861249081	 0.8499629756759661	 0.3798988427165155	 -0.6482642557043299	 
-0.7495006407837728	 0.026219808624405084	 0.6614841729780195	 1.2518381055197705	 
0.0	 0.0	 0.0	 1.0	 
5	 39	  37
0.22682410235241646	 -0.3488007152680874	 0.9093343101524819	 -2.1186501672476417	 
0.28533462779775465	 0.9165007153438939	 0.28037579951494973	 -0.650504173884153	 
-0.9312008251561725	 0.1958685778847669	 0.30740937432983684	 1.4457576048526695	 
0.0	 0.0	 0.0	 1.0	 
5	 40	  37
0.28259163804126675	 -0.4974571890953227	 0.8201696843498505	 -1.776724106546761	 
0.2793924736566247	 0.8606335681272104	 0.42573431512700205	 -0.6970749238769673	 
-0.9176501576162809	 0.10884027944656122	 0.3821936443699826	 1.49306370790394	 
0.0	 0.0	 0.0	 1.0	 
5	 45	  37
-0.23563216532053735	 -0.1092030801956569	 0.9656874079856974	 -2.0714322016733284	 
0.33575857557648686	 0.9233328421564537	 0.18634012322131002	 -1.0475974800186678	 
-0.9119998144699384	 0.36814555527816095	 -0.18090104625383222	 2.0940064451989033	 
0.0	 0.0	 0.0	 1.0	 
5	 46	  37
0.219000435574625	 -0.2728245781298768	 0.9368060411773499	 -2.377351163960596	 
0.31445408905690275	 0.9286211562485583	 0.19692987087535532	 -0.7380724772921095	 
-0.9236652180814855	 0.2514547628020693	 0.28915924189041065	 1.3976214704197618	 
0.0	 0.0	 0.0	 1.0	 
6	 7	  37
0.9790341523411467	 0.0289568804096537	 -0.20162744760224033	 0.15175815489124805	 
0.008941721649614104	 0.9827804368548344	 0.18456071778512928	 0.03467679730164274	 
0.20349981366967831	 -0.1824941424056183	 0.9619166875691698	 0.011630680932598414	 
0.0	 0.0	 0.0	 1.0	 
6	 46	  37
0.7956930485791006	 0.5562022747268298	 0.23981576685363415	 -0.3321749890234708	 
-0.03284540012952298	 0.4349710995713124	 -0.8998451656968848	 3.2496040279279717	 
-0.6048088558654113	 0.7081236983228442	 0.36437216652805493	 0.797173550544702	 
0.0	 0.0	 0.0	 1.0	 
7	 38	  37
0.44345321867745807	 -0.5156351894812492	 0.73312317806303	 -1.720605060778561	 
0.35025724772504624	 0.8526006283783532	 0.3878041115110973	 -0.42150429047366594	 
-0.825026728815908	 0.08480872512584828	 0.5586934551986894	 1.3184446679042683	 
0.0	 0.0	 0.0	 1.0	 
7	 46	  37
0.023097724720609294	 -0.29964527911914124	 0.9537710426587406	 -1.9415902956119329	 
0.190233119787113	 0.9379119977769543	 0.29005593350611497	 -0.812509476236311	 
-0.9814671951974716	 0.1747392089018758	 0.07866608941312328	 1.7267681326724982	 
0.0	 0.0	 0.0	 1.0	 
8	 9	  37
-0.6597362735260639	 -0.6267214472240831	 -0.41469057981016866	 0.605147932963294	 
-0.3877274802469031	 0.7565701690582203	 -0.526563367841519	 1.1154985150086465	 
0.643751078022655	 -0.18660602048317396	 -0.7421339115443407	 4.185270060520294	 
0.0	 0.0	 0.0	 1.0	 
8	 35	  37
0.9099190379461809	 0.0627021478548265	 -0.41001924959383096	 -0.8329124356624673	 
0.0403901856976728	 0.9704163569350258	 0.23803513835620868	 -0.6720327168447489	 
0.4128147009039336	 -0.23315345772118273	 0.8804677665140563	 0.05714662201891216	 
0.0	 0.0	 0.0	 1.0	 
8	 36	  37
0.9059519264824281	 -0.38165674144381284	 0.18327367135861927	 -1.4699860441223533	 
0.3565588357756014	 0.9211910232410736	 0.1557976101562869	 -0.7606167239533382	 
-0.22829126906897698	 -0.07579729817449707	 0.9706378655586867	 0.4551799289815544	 
0.0	 0.0	 0.0	 1.0	 
8	 37	  37
0.8095193975866443	 -0.41972730496081884	 0.41049644870727336	 -1.424432577322134	 
0.30529054612798184	 0.8981825162579923	 0.31633186676864894	 -0.6051598628298638	 
-0.5014738551268983	 -0.13075609721457507	 0.8552349476403416	 0.9819018353855357	 
0.0	 0.0	 0.0	 1.0	 
8	 38	  37
-0.08750540239806577	 -0.5950028571928964	 0.7989458082269679	 -0.9503164881031887	 
0.49295781910877684	 0.671072946395194	 0.5537632067914872	 -0.7994000420930862	 
-0.8656416077861965	 0.44230385545319756	 0.2345888026325341	 1.3086944699533538	 
0.0	 0.0	 0.0	 1.0	 
9	 10	  37
0.8348103690727579	 0.16264658063966872	 -0.5259636275398034	 0.2988249108265425	 
-0.21892943121822306	 0.9746516127019529	 -0.046088371678188925	 -0.2565541442972523	 
0.5051351817435317	 0.15362396838939377	 0.849257395906108	 0.44085040581233703	 
0.0	 0.0	 0.0	 1.0	 
9	 11	  37
0.9767683780348009	 -0.21392785441170595	 0.012586054904898746	 -0.5950480101610471	 
0.03942870835432781	 0.23713462323344417	 0.9706763350476008	 -2.212728044904701	 
-0.21063929507282042	 -0.9476296974930326	 0.24006050029209092	 1.6413856830837852	 
0.0	 0.0	 0.0	 1.0	 
9	 32	  37
-0.8249967724454597	 -0.5635447578479043	 0.042398482953057114	 -1.0255248691847054	 
0.013287007895860629	 0.05566064951009445	 0.9983613311408297	 -1.9511909162283956	 
-0.5649812217018798	 0.824208224903307	 -0.038432032550849725	 1.6304987067370098	 
0.0	 0.0	 0.0	 1.0	 
9	 33	  37
-0.9486202660125022	 -0.10416505557967946	 -0.2987795710995849	 1.0875389821272554	 
-0.26120733893602643	 0.7907177776678928	 0.553657043814949	 -1.8175943927958158	 
0.17857860173136497	 0.6032537088788028	 -0.7772995855702224	 3.835172128499207	 
0.0	 0.0	 0.0	 1.0	 
9	 35	  37
0.9187984992268559	 -0.20046682065503987	 0.34003289787156926	 -1.4869728034271747	 
0.24590545522058074	 0.9645472242469525	 -0.09580792916172703	 0.24121823912968585	 
-0.3087714768420745	 0.17164412606890928	 0.9355204268613295	 -0.0019886459743800053	 
0.0	 0.0	 0.0	 1.0	 
9	 36	  37
0.5786282043100074	 -0.5022950325474687	 0.6425644726057562	 -1.3273034388999234	 
0.3690127067598373	 0.8638314047275881	 0.3429649055751037	 -0.8852453661244445	 
-0.7273369394075582	 0.03866528784968387	 0.6851904640964778	 0.5889927607097498	 
0.0	 0.0	 0.0	 1.0	 
9	 37	  37
-0.2625390652496637	 0.20362703569656232	 0.9431910037480552	 -2.323725458514863	 
0.15556883989344006	 0.9736244511129261	 -0.1668944703975009	 0.15121275234821818	 
-0.9522980496000407	 0.1029148119975168	 -0.28729247501365857	 3.803091826327258	 
0.0	 0.0	 0.0	 1.0	 
10	 11	  37
0.9970125317955651	 -0.006443409167161886	 -0.07697073418450326	 0.15884215121921821	 
-0.02067284551573277	 0.9378989574855463	 -0.3462920429432478	 -0.08067738385550882	 
0.07442207267255878	 0.34684871057253475	 0.9349638105687782	 -0.03448944997520884	 
0.0	 0.0	 0.0	 1.0	 
10	 12	  37
0.9510751112823486	 -0.08542449906963838	 -0.29691545540434466	 0.09426402610366241	 
-0.020273874741285614	 0.9416897095523432	 -0.3358711969285229	 0.0021692451556409283	 
0.308293857710858	 0.32545836274695	 0.8938857597119623	 0.3517331885287573	 
0.0	 0.0	 0.0	 1.0	 
10	 32	  37
0.5238887502794258	 0.850591623053497	 0.0451050786705623	 -0.09258753498597076	 
0.8229934702826246	 -0.4918176519381696	 -0.28424838630005805	 1.2766898799095736	 
-0.21959582237106134	 0.18603571709013786	 -0.9576890866893779	 3.2009624492979767	 
0.0	 0.0	 0.0	 1.0	 
10	 33	  37
0.8098351924376541	 -0.5858190409215134	 0.0313530282949989	 -0.014402566337030676	 
0.39370063470071553	 0.582318224737528	 0.7112701985706896	 -0.7314292496091882	 
-0.43493306533962567	 -0.5636679309951318	 0.7022191198208325	 1.6942547480870485	 
0.0	 0.0	 0.0	 1.0	 
10	 35	  37
-0.3338313751052396	 0.6716986851509467	 -0.6613452119444381	 0.5096973737724223	 
-0.005488131353058821	 -0.7029667508883519	 -0.7112015379340264	 0.8151946532636712	 
-0.9426168327637675	 -0.2337918379926102	 0.2383587277161064	 1.8427242429563127	 
0.0	 0.0	 0.0	 1.0	 
10	 36	  37
0.5009124917727101	 0.24478879857091063	 0.830159695287759	 -1.5152390466734278	 
-0.7758362215348218	 0.5521360247778564	 0.305326001999629	 -0.7612422544045575	 
-0.3836206888850312	 -0.7970095697271875	 0.46648784852625874	 1.548053209992627	 
0.0	 0.0	 0.0	 1.0	 
11	 12	  37
0.9582600621115769	 -0.010885480580327093	 -0.2856906713115626	 0.07537657758213326	 
0.03228324427053327	 0.9970036509962034	 0.07029588920846493	 0.09358552865136102	 
0.28406943781632876	 -0.07658476488685596	 0.9557401991576678	 0.3678811524431842	 
0.0	 0.0	 0.0	 1.0	 
11	 32	  37
0.19945029131707862	 -0.9535092934853767	 -0.22591947355319075	 -0.22218077260395763	 
-0.10275659629358977	 -0.2496322221436864	 0.9628732188537398	 -1.3658477380278375	 
-0.9745053428338338	 -0.16883062786302624	 -0.1477685889615506	 1.8109648159014526	 
0.0	 0.0	 0.0	 1.0	 
11	 33	  37
0.1879333316310303	 0.04510222397666085	 0.9811456835019046	 -2.5404942727251343	 
-0.15161637313892753	 -0.9856391514041715	 0.07435010837559052	 0.41880898771314284	 
0.9704089541313283	 -0.16273061362762545	 -0.17839621388952617	 1.844950185867927	 
0.0	 0.0	 0.0	 1.0	 
13	 14	  37
0.9081247610219353	 0.08526163958825514	 -0.4099266656776237	 0.031005291724584137	 
-0.058023762864675824	 0.9952274268193663	 0.07845770739402351	 -0.1443462176818338	 
0.41465969343773434	 -0.04746389913634113	 0.9087378702997361	 0.46558743658098956	 
0.0	 0.0	 0.0	 1.0	 
13	 15	  37
0.8899915270896942	 0.20082083671892778	 -0.409372780296961	 0.004420266364585546	 
-0.09283705615476989	 0.9587923953916335	 0.2685114961108548	 -0.09831624835424022	 
0.4464262119466889	 -0.20096799267217516	 0.8719607234321091	 0.5785758402115494	 
0.0	 0.0	 0.0	 1.0	 
13	 16	  37
0.8836131498612326	 0.16723797306118973	 -0.4373319811752803	 -0.22960026424047755	 
-0.07883844021230269	 0.973841785845937	 0.2131118872453791	 -0.125146034916513	 
0.4615325576134386	 -0.15382989471094652	 0.8736841887982274	 0.9387801459156315	 
0.0	 0.0	 0.0	 1.0	 
14	 15	  37
0.9995183770463212	 0.027709733159452556	 -0.013970849470221453	 0.002448939371849966	 
-0.024590531558493497	 0.9818422436100906	 0.18809868266517363	 0.04986119419647906	 
0.018929334493277727	 -0.18766453940724906	 0.9820507629164112	 0.12311824926241462	 
0.0	 0.0	 0.0	 1.0	 
14	 16	  37
0.999927786737834	 -0.004450060220528493	 -0.01116325551126413	 -0.12212906640378504	 
0.0061868193621252374	 0.9869792336746497	 0.16072870173426157	 -0.08713374871517413	 
0.010302648967936858	 -0.1607861600357272	 0.9869354924032311	 0.5550888251693129	 
0.0	 0.0	 0.0	 1.0	 
15	 16	  37
0.9992201681251752	 -0.02285552868389088	 0.032197521961723166	 -0.1629572974821252	 
0.024315754065579204	 0.9986585222809987	 -0.04571542387152885	 -0.18330892419618283	 
-0.03110947952181211	 0.04646268055236498	 0.9984354859477758	 0.3922551157029807	 
0.0	 0.0	 0.0	 1.0	 
15	 57	  37
0.38225091097036773	 -0.8986280143673651	 -0.21529499031907423	 0.7507384559143653	 
0.6225272820152387	 0.4226130291639507	 -0.6586789891347601	 0.9688617245172335	 
0.6828938601342402	 0.11775363847897297	 0.7209646707127328	 0.6368742241558758	 
0.0	 0.0	 0.0	 1.0	 
16	 24	  37
0.9803998990027875	 0.07076681192899009	 -0.18386978099929963	 -0.22194218175845074	 
0.026922959995476028	 0.8763875346695714	 0.48085345304039556	 -0.4244698384664025	 
0.1951696499469258	 -0.4763789955541664	 0.8573049984307787	 1.3441839111496883	 
0.0	 0.0	 0.0	 1.0	 
16	 55	  37
0.45189662339582615	 0.16735161096966084	 0.8762322067062537	 -2.1715915911572754	 
0.06109288029378312	 0.9741337573009001	 -0.21755707955440054	 0.4272453165606044	 
-0.8899758995281053	 0.15184485896035402	 0.4299837637242246	 0.9355506961576135	 
0.0	 0.0	 0.0	 1.0	 
16	 56	  37
0.7683945119805966	 -0.061041979189435575	 0.6370586713441211	 -1.6941249065337378	 
0.2128153223462267	 0.9631625550530877	 -0.16440052043189968	 -0.43491505407798037	 
-0.6035557244635922	 0.26190030416218385	 0.753079489925853	 0.001417628121538136	 
0.0	 0.0	 0.0	 1.0	 
16	 57	  37
0.7594006469470069	 0.3413743306335136	 0.5538720283612343	 -2.1008151527749006	 
-0.016806786820144727	 0.8613030860530071	 -0.5078134754733755	 0.7979292272995963	 
-0.6504061725823715	 0.37632507269658116	 0.6598115263669341	 0.3131951241367653	 
0.0	 0.0	 0.0	 1.0	 
16	 58	  37
-0.933438930321986	 0.33853036768418054	 0.11869689766358951	 -0.20581263824206097	 
0.3136636621770693	 0.6096203860861072	 0.7279959422262569	 -1.506120918971894	 
0.17408868541354536	 0.7167706572006413	 -0.675228075976662	 2.754175547105885	 
0.0	 0.0	 0.0	 1.0	 
17	 18	  37
0.9940766000549495	 0.06368505236689244	 -0.08806774283594153	 -0.28321891957101397	 
-0.06537261020042766	 0.997725989025292	 -0.016409529520534552	 -0.15658363357511992	 
0.08682243407538336	 0.022069547537919842	 0.9959793170606992	 0.3121904631680721	 
0.0	 0.0	 0.0	 1.0	 
17	 19	  37
0.9989539154609486	 0.011646649875151087	 0.04422024798580152	 -0.6278660388483297	 
-0.010346723924611063	 0.9995108574863564	 -0.029512557851123566	 -0.2518917339202503	 
-0.04454234041076023	 0.029024150522860198	 0.9985857893026309	 0.5061918720248302	 
0.0	 0.0	 0.0	 1.0	 
17	 20	  37
0.8565631558880048	 -0.2944348008523798	 0.4238014960122279	 -0.528850845994418	 
0.2064694498694822	 0.9481940184543546	 0.24145076027624449	 -0.24070566089000187	 
-0.4729375500483932	 -0.11931576347826968	 0.872979852195812	 0.47964606491610784	 
0.0	 0.0	 0.0	 1.0	 
17	 21	  37
0.8035355520638395	 -0.3889585186717312	 0.4506016947617394	 -0.4758154588471728	 
0.22504996956006465	 0.8993089091806663	 0.37496132743163363	 -0.2564004836929947	 
-0.5510745210681344	 -0.19988685955052538	 0.8101617836016177	 0.48101585409430764	 
0.0	 0.0	 0.0	 1.0	 
17	 22	  37
0.7813336252112013	 -0.41961588439401093	 0.461995969331503	 -0.6022393883797372	 
0.159094241027225	 0.8496996638706654	 0.5026922554506364	 -0.3654875389434941	 
-0.603495475199519	 -0.31926946421840835	 0.7306573893634396	 0.663985522092124	 
0.0	 0.0	 0.0	 1.0	 
17	 54	  37
0.9468264413538983	 -0.2777122672111498	 0.1624671862055728	 -1.2434689397250605	 
0.3182582587910404	 0.8825281860918036	 -0.3462017929832336	 1.6965359221832996	 
-0.04723738629950457	 0.3794995354331193	 0.9239852444393463	 -0.5345457381041836	 
0.0	 0.0	 0.0	 1.0	 
17	 55	  37
0.8974589210835415	 0.02330978804603728	 0.44048171216159854	 -1.7548345097567628	 
0.06527683669042687	 0.9805889435105655	 -0.18488985493131654	 0.5050815717398903	 
-0.43624124009457904	 0.194684302515844	 0.8785167060418726	 -0.8574163984030863	 
0.0	 0.0	 0.0	 1.0	 
17	 56	  37
0.9283774629857628	 -0.3029765233806768	 0.21522200747199866	 -1.2606403945414704	 
0.321314233542367	 0.9453630160594276	 -0.055189955518221104	 -0.6260657513484449	 
-0.18674166525764824	 0.12039100525861812	 0.9750043878412137	 -1.2781645852328056	 
0.0	 0.0	 0.0	 1.0	 
17	 57	  37
0.9862430347518786	 0.024212477345074184	 0.16351890515845488	 -1.742222467289123	 
0.03424889402189913	 0.9378186479063433	 -0.34543189907331223	 0.41851237008222536	 
-0.1617148405734055	 0.3462801460955171	 0.9240878587874563	 -1.436228966776132	 
0.0	 0.0	 0.0	 1.0	 
17	 58	  37
-0.49400655420665746	 -0.5491248425299893	 0.6741063949535562	 -1.6027609920881023	 
0.45549935770165323	 -0.8238588637089416	 -0.33730832753075324	 0.6795767668196715	 
0.7405929108047464	 0.14042250533524334	 0.6571176914838979	 0.3724401174678196	 
0.0	 0.0	 0.0	 1.0	 
18	 19	  37
0.9923103820282193	 -0.02954735104536271	 0.12019592241507795	 -0.3205520841808673	 
0.03910784817467879	 0.9961878850336089	 -0.0779761112354977	 -0.053686969284950634	 
-0.117433734208513	 0.08207710861419618	 0.9896831140882305	 0.23447218513573542	 
0.0	 0.0	 0.0	 1.0	 
18	 20	  37
0.8458227701726488	 -0.32121059837379995	 0.42591970246727356	 -0.1633665291528164	 
0.28166495208746883	 0.9469443431424476	 0.15479426913190766	 0.00799752660502341	 
-0.45304381269699345	 -0.010961864935447277	 0.8914208553170084	 0.17491218576753295	 
0.0	 0.0	 0.0	 1.0	 
18	 21	  37
0.7201132489925077	 -0.4718330877885518	 0.5087341603365892	 -0.18523372561889334	 
0.2572531295169065	 0.8624983589650975	 0.43579514469102454	 -0.1477397075341036	 
-0.6444049472026203	 -0.18294840269987048	 0.7424770339682931	 0.23924967216395346	 
0.0	 0.0	 0.0	 1.0	 
18	 22	  37
0.7937994551771727	 -0.41578276803241687	 0.4438548352420243	 -0.22584881557182113	 
0.1835376466148449	 0.8595545734784925	 0.4769484956337435	 -0.207210546634292	 
-0.5798244193163195	 -0.29713738408269713	 0.7586257428699511	 0.36834196889993537	 
0.0	 0.0	 0.0	 1.0	 
18	 23	  37
0.9766463385185594	 -0.15209516449209382	 0.15175305728852279	 -0.34045414121791406	 
0.09200727292285811	 0.9343377906891392	 0.3443073548727007	 -0.2056162855525355	 
-0.194156100052482	 -0.3223041325026103	 0.9265114435257394	 0.4807979941820235	 
0.0	 0.0	 0.0	 1.0	 
18	 54	  37
0.8992782450856419	 -0.25866365439390593	 0.35269214878031974	 -1.4539613768261979	 
0.16308592668311245	 0.9465312908180539	 0.2783549820287393	 0.33784597101096553	 
-0.405834471716733	 -0.19279945383195315	 0.8933793999015767	 -1.0889410010531169	 
0.0	 0.0	 0.0	 1.0	 
18	 55	  37
0.8992179332598816	 -0.044831253104567405	 0.43519796328671057	 -1.3716059292758147	 
0.08948562775963814	 0.9925528088391581	 -0.08265134052125679	 0.3959642349707011	 
-0.4282515976949655	 0.11326553054911041	 0.8965330382429516	 -1.2082968278763706	 
0.0	 0.0	 0.0	 1.0	 
18	 56	  37
0.902370475947538	 0.02160584675487236	 0.43041922764232843	 -1.5649395498256506	 
0.14957187263562152	 0.9209603582499272	 -0.359805883009769	 0.43905439359114184	 
-0.4041729568569465	 0.3890568157970906	 0.8278158098437979	 -1.1868354644999188	 
0.0	 0.0	 0.0	 1.0	 
18	 57	  37
0.9772943201357113	 0.042016045119990186	 0.2076787513997322	 -1.536377650164382	 
0.012010807286070293	 0.9675811985511253	 -0.2522743837941225	 0.2911819187416966	 
-0.21154562708506536	 0.24904071185820667	 0.9451069629932601	 -1.718542047721522	 
0.0	 0.0	 0.0	 1.0	 
18	 58	  37
0.5582488524737438	 0.5673342966691277	 0.6053841875492728	 -0.8993437558488426	 
-0.04343516970872098	 0.7486494448917344	 -0.6615416802406874	 1.152235656935142	 
-0.8285358198316602	 0.34300991893273747	 0.44257495497331756	 -0.40166969469144864	 
0.0	 0.0	 0.0	 1.0	 
19	 20	  37
0.8786426210294376	 -0.18658575893865	 0.43951439006226795	 0.05501760195832154	 
0.11145705063319582	 0.9752054374409816	 0.191184938344242	 0.04298825307574543	 
-0.4642892098408802	 -0.11899625770094818	 0.8776533599767623	 -0.018511684569593647	 
0.0	 0.0	 0.0	 1.0	 
19	 22	  37
0.8478780941956827	 -0.326598762558397	 0.4176553431699627	 0.04496668210102433	 
0.1793743152037463	 0.9179949733982256	 0.35370903842109674	 0.004027433867843442	 
-0.4989264398969882	 -0.22498550422396962	 0.836931257906408	 0.12260097128476308	 
0.0	 0.0	 0.0	 1.0	 
19	 23	  37
0.9898529035181229	 -0.11304743070327249	 0.08609011446229206	 -0.09290354132888555	 
0.07218488143483107	 0.9219113815131024	 0.3806162733368642	 -0.11560559812257018	 
-0.12239514814313969	 -0.3705397185835707	 0.9207169731589763	 0.2744179933263663	 
0.0	 0.0	 0.0	 1.0	 
19	 54	  37
0.9365300384558556	 -0.15848308957326654	 0.3127212774807383	 -1.0227371535352787	 
0.03839316291875532	 0.9329900881802656	 0.35784837626915894	 0.3237223289824767	 
-0.3484787685225125	 -0.32312939463424195	 0.8798579102402507	 -1.4526530664800779	 
0.0	 0.0	 0.0	 1.0	 
19	 55	  37
0.9559014515549068	 -0.054358193191033265	 0.2886132390383855	 -0.8041952230705547	 
0.07463082380113846	 0.9954225717603502	 -0.05970045032303924	 0.46630091128324436	 
-0.2840469240354231	 0.07860719091162444	 0.9555826779944253	 -1.6203209247383603	 
0.0	 0.0	 0.0	 1.0	 
19	 56	  37
0.9793094906062841	 -0.05213375487077048	 0.19553770278781216	 -0.7004589640216001	 
0.11082292368622129	 0.9466390951198831	 -0.3026428640762013	 0.41111796911650955	 
-0.16932572513973845	 0.31805108896792433	 0.9328302651673661	 -1.7456541278406168	 
0.0	 0.0	 0.0	 1.0	 
19	 57	  37
0.9801693956528564	 -5.529959577736053e-05	 0.19816143107948408	 -1.2880042168760493	 
0.06403806181865854	 0.9464323355434184	 -0.3164884845872604	 0.5990179858723216	 
-0.18752888434591664	 0.3229022006425256	 0.9276675516348462	 -1.961417972990292	 
0.0	 0.0	 0.0	 1.0	 
19	 58	  37
-0.04625537261802966	 -0.4352777143228966	 -0.8991071971226803	 1.420692558844554	 
-0.3656877654858666	 0.8449693964353046	 -0.390255271920459	 0.5793567069064642	 
0.9295874884473871	 0.3107410988292223	 -0.19826010899948207	 1.6009202789076051	 
0.0	 0.0	 0.0	 1.0	 
20	 21	  37
0.9936249779453546	 -0.055803478442409356	 0.09795598499744879	 0.007695373862200501	 
0.03666882274067259	 0.981626028387258	 0.1872584786637722	 -0.07485137518548611	 
-0.10660581898707994	 -0.1824727710821118	 0.9774143886661931	 0.032050074324976745	 
0.0	 0.0	 0.0	 1.0	 
20	 22	  37
0.9950526042043539	 -0.06577385829051294	 0.07445881030283102	 -0.1250507395377638	 
0.04666637571063908	 0.9710754528680994	 0.23416813236443734	 -0.1138463207561743	 
-0.0877072644891342	 -0.2295348871143438	 0.9693405858382482	 0.10164204037095047	 
0.0	 0.0	 0.0	 1.0	 
20	 23	  37
0.18734820132506935	 -0.21167788098874504	 -0.959214848801026	 0.5367577167085341	 
-0.5033450269999774	 -0.8592478259064514	 0.09130694097070505	 -0.205571622394245	 
-0.8435309331937108	 0.46570983280917566	 -0.26752554339762835	 0.888153424746387	 
0.0	 0.0	 0.0	 1.0	 
20	 54	  37
0.3437095462637358	 -0.03667863352731625	 -0.9383594330797482	 2.1104514637193104	 
-0.8963125810766949	 0.2852907803739923	 -0.3394597584946291	 1.5442450518060975	 
0.2801562150137141	 0.957738925008359	 0.06518164398833702	 1.7214110235672024	 
0.0	 0.0	 0.0	 1.0	 
20	 55	  37
0.985427569000525	 -0.0007153279069725873	 -0.17009407561611728	 -0.04664836608449585	 
-0.0028903376258309615	 0.9997763571328694	 -0.020949502775417947	 0.1873148517786482	 
0.17007102105333707	 0.021135846898434365	 0.9852051176144799	 -1.8075134562544528	 
0.0	 0.0	 0.0	 1.0	 
20	 56	  37
0.9271799118952686	 0.25288472864383704	 -0.2763814845401467	 -0.02842958158326672	 
-0.3521822496537072	 0.8398869700711349	 -0.4129861263209483	 0.7774329318774226	 
0.12769132314584392	 0.4802490932042052	 0.8677878395493923	 -1.7904462450338103	 
0.0	 0.0	 0.0	 1.0	 
20	 57	  37
-0.763205625890476	 -0.6366992998387989	 0.1101416097299705	 0.5641714673708277	 
-0.6298903551398113	 0.771110709803503	 0.09287848904983009	 0.0009346309457432861	 
-0.14406704380589036	 0.0015082476985557032	 -0.9895667799991628	 3.957486606385589	 
0.0	 0.0	 0.0	 1.0	 
20	 58	  37
0.35808840201469366	 -0.5112110483683646	 0.7813040127688331	 -1.6353910608999818	 
0.8723530810959168	 0.4814669522615215	 -0.0847919558829896	 0.2503413491618067	 
-0.3328254771573596	 0.7119359787973351	 0.6183642646926295	 -0.7234748795113146	 
0.0	 0.0	 0.0	 1.0	 
21	 22	  37
0.9985302669090176	 0.04962789995115669	 -0.021780211501360648	 -0.12967678496012436	 
-0.04850588810160279	 0.9976040434970652	 0.04932900990067418	 -0.037878035779781945	 
0.02417612223001863	 -0.04820004092056366	 0.9985450771843879	 0.044525696213194174	 
0.0	 0.0	 0.0	 1.0	 
21	 54	  37
0.5856735098250054	 -0.6139334613066003	 -0.5292185228970707	 0.2709756238811744	 
-0.19056625654347714	 0.5303177959918325	 -0.8261038295041193	 2.7138569765421803	 
0.7878267841069292	 0.5846783221075185	 0.1935980834132189	 0.9077232410915702	 
0.0	 0.0	 0.0	 1.0	 
21	 55	  37
-0.36405533616972	 -0.042425343187590954	 -0.9304105558632533	 2.4189715597248083	 
0.37552316198786617	 0.9074796839105239	 -0.18831616526546713	 0.9600348650485859	 
0.8523180550809583	 -0.41794821873656907	 -0.3144411223710124	 1.5423524243927025	 
0.0	 0.0	 0.0	 1.0	 
21	 56	  37
0.15840816295984295	 0.017242419034707374	 -0.9872231525311383	 2.265694048429904	 
0.9528525021571952	 0.2594029282619289	 0.15742372737903526	 -1.0913228469761862	 
0.2588029424880254	 -0.9656152545372141	 0.02466205921191198	 1.0356256523765248	 
0.0	 0.0	 0.0	 1.0	 
21	 57	  37
-0.943521435476522	 -0.29435263056239497	 0.15206521521150562	 0.21193981150506855	 
0.29993703653453685	 -0.563926627770995	 0.7694313046696978	 -2.3320106459436447	 
-0.14073050455108635	 0.7715849190930522	 0.6203641170449535	 -1.341245250660471	 
0.0	 0.0	 0.0	 1.0	 
21	 58	  37
-0.3081698695765411	 0.3810209951907107	 -0.8716962387833601	 1.170360276839028	 
0.7915640128601598	 -0.4055565849152657	 -0.457110785233281	 1.2962381675718953	 
-0.5276909559864538	 -0.8308711438338355	 -0.17662218805788593	 1.3040520918387162	 
0.0	 0.0	 0.0	 1.0	 
22	 23	  37
0.8899711376441092	 0.21163415569886568	 -0.4039336063044008	 -0.15097104345439588	 
-0.23295924157090261	 0.9724792461464495	 -0.0037560060094337516	 -0.01563370832023523	 
0.3920221497915141	 0.0974428035108865	 0.9147805934303473	 0.03187955736408483	 
0.0	 0.0	 0.0	 1.0	 
22	 54	  37
0.8748236561686614	 0.360628241254044	 -0.32346691054528437	 0.6336384179556347	 
-0.324045754384205	 0.9319571232026277	 0.1626353884536047	 0.6135551589119472	 
0.3601082055067167	 -0.03745920610341832	 0.9321581884019655	 -1.6660849269972675	 
0.0	 0.0	 0.0	 1.0	 
22	 55	  37
0.936263417522888	 0.21867881155319047	 -0.2749370662279747	 0.34898265145670493	 
-0.2695603514921807	 0.9490741321644999	 -0.16308129432774676	 0.5212301163220888	 
0.225273233900021	 0.22679918217199355	 0.9475305277690743	 -1.8571513353535745	 
0.0	 0.0	 0.0	 1.0	 
22	 56	  37
0.8976827072704882	 0.040189716623108704	 -0.4388058155326582	 0.572762190586806	 
-0.27590483054071674	 0.827724419992754	 -0.4886192884362598	 0.8633008025351284	 
0.3435728184123786	 0.5596937298428605	 0.754122435167368	 -1.7142636230297776	 
0.0	 0.0	 0.0	 1.0	 
22	 57	  37
0.45372539424511255	 -0.4817781336687724	 -0.74968199693987	 1.9028095582432836	 
0.23326922030241581	 0.8761372639976089	 -0.4218636811747209	 0.5805039080700138	 
0.8600690306461569	 0.016532530157773288	 0.5099097351198172	 -1.5343252194456514	 
0.0	 0.0	 0.0	 1.0	 
22	 58	  37
0.9199724831785915	 -0.2243408274905356	 -0.3214371218684585	 0.5516589785165276	 
-0.33374292298173536	 -0.8783812999840266	 -0.3421431764597668	 1.1978252328808705	 
-0.20558767364271607	 0.42203967225751826	 -0.8829587892347767	 2.0490860666427166	 
0.0	 0.0	 0.0	 1.0	 
23	 24	  37
-0.933195027330385	 0.3591869763302464	 -0.011478545229112642	 -0.1394744523921805	 
-0.2245656801685625	 -0.6077800659357004	 -0.7616913067257801	 0.41943519936410495	 
-0.28056602833606326	 -0.7082288524805596	 0.6478384028890201	 0.16301987070418703	 
0.0	 0.0	 0.0	 1.0	 
23	 54	  37
0.9908414498812304	 -0.02857079099379961	 0.13197322114448082	 -0.4712043535046009	 
0.037155056518050726	 0.9973186598752599	 -0.06304754110792644	 1.194724550940421	 
-0.12981803793156727	 0.0673735895333162	 0.9892462162985481	 -1.5362221890206633	 
0.0	 0.0	 0.0	 1.0	 
23	 55	  37
0.9866580486223411	 -0.063572385293863	 0.14988144287002933	 -0.41979777986649613	 
0.10954988463102878	 0.9402618181600624	 -0.3223453677155314	 0.9942177225869038	 
-0.12043553406732399	 0.3344641462674014	 0.934681238174564	 -1.7443216377878576	 
0.0	 0.0	 0.0	 1.0	 
23	 56	  37
0.9546255750903041	 0.06233563445111473	 0.2912117443735469	 -0.9569163854453275	 
0.1405996054027167	 0.7676738149167572	 -0.6252268906978921	 1.2205104248116396	 
-0.26252954565935527	 0.6378018364419551	 0.7240766914403213	 -1.5076418019337545	 
0.0	 0.0	 0.0	 1.0	 
23	 57	  37
-0.5969554494940514	 -0.5258520750246073	 0.605907407539856	 -1.1289425961878907	 
-0.3178652377534669	 -0.5384047068172123	 -0.7804370969559326	 3.0350899740870574	 
0.7366178669753315	 -0.6584830801694047	 0.15425352891693148	 -0.12944290538550715	 
0.0	 0.0	 0.0	 1.0	 
23	 58	  37
-0.23334170370845764	 -0.9595085291072558	 -0.1577815955074098	 0.8031389038294016	 
0.3034121240810592	 -0.2260034821764115	 0.925669222241269	 -1.6163843968468976	 
-0.9238467038806025	 0.1681243843544591	 0.3438625584654133	 -0.3031935756352464	 
0.0	 0.0	 0.0	 1.0	 
24	 25	  37
0.9090301472084201	 0.1537665783027921	 -0.38732419349078684	 -0.12974039179253066	 
-0.23589824800338965	 0.9560569650029899	 -0.17408933413107847	 -0.07905582611357775	 
0.34353487167268515	 0.2496215516863928	 0.9053578700594083	 -0.08940229648678061	 
0.0	 0.0	 0.0	 1.0	 
25	 26	  37
0.9038447013587212	 0.24206787846241623	 -0.35280008225972626	 -0.04958334834073606	 
-0.2382046875222277	 0.9696535139070864	 0.05505079300135169	 0.009467765987030115	 
0.3554198681393636	 0.03428126579262657	 0.9340778940470931	 -0.12302834588567839	 
0.0	 0.0	 0.0	 1.0	 
26	 27	  37
0.9750144742745211	 0.11696207012691555	 -0.18885615983283346	 -0.15106412255179436	 
-0.13036978577119906	 0.9896383442362748	 -0.06016366490877088	 0.10526584192198342	 
0.17986243052163461	 0.0832815812104315	 0.9801600299532417	 -0.08756010149559675	 
0.0	 0.0	 0.0	 1.0	 
26	 28	  37
0.9000525523971361	 0.14966968960104007	 -0.40927299805646544	 -0.21154691505172307	 
-0.22964787474439632	 0.9610824454018886	 -0.1535655780626193	 0.22103714421659118	 
0.37036098140703355	 0.23220576468953694	 0.8993960341785844	 -0.20319923407276724	 
0.0	 0.0	 0.0	 1.0	 
26	 50	  37
0.9820114217369524	 -0.18296528307254126	 0.04666125553769883	 -2.06321416514339	 
0.18829342674213964	 0.9673624863275113	 -0.16957418875512115	 0.7416729134438936	 
-0.014112158724734411	 0.17530979789059084	 0.9844121706580471	 -0.2426963170472694	 
0.0	 0.0	 0.0	 1.0	 
26	 51	  37
0.8363545257737894	 -0.2256089715192119	 0.49961154829301385	 -1.9038907105180587	 
0.26184971018383935	 0.9651053523115056	 -0.00252749210149069	 0.23488816511678207	 
-0.4816075544406861	 0.1329370185829644	 0.8662458730614153	 -0.3878879663975747	 
0.0	 0.0	 0.0	 1.0	 
27	 28	  37
0.9816158791250199	 -0.006322904982991172	 -0.19076238288035355	 -0.15458735746849578	 
-0.014919349210683755	 0.9938513413085791	 -0.10971291810114397	 0.008614809301047119	 
0.19028315445342023	 0.11054199315968008	 0.9754859244907333	 -0.09638616827700829	 
0.0	 0.0	 0.0	 1.0	 
27	 50	  37
0.9409534690954261	 -0.26937919218656026	 0.20504004441620285	 -1.897191634984397	 
0.251165030835332	 0.9615929484006631	 0.11070288556133374	 -0.1028287321498071	 
-0.22698611473561273	 -0.05266737512953733	 0.9724728537672376	 0.06719255217075816	 
0.0	 0.0	 0.0	 1.0	 
27	 51	  37
0.00605827764603184	 -0.17485252714574193	 -0.9845759955547927	 3.081724423709345	 
0.6822504081854106	 -0.7191207741116172	 0.13190789503266612	 0.13097742451908997	 
-0.7310934808920159	 -0.6725265095086257	 0.11493657470683499	 -0.14690124029088383	 
0.0	 0.0	 0.0	 1.0	 
28	 50	  37
0.821833821166471	 0.5555023352662989	 0.1265161092533472	 -0.29059291540833	 
-0.09402337057112962	 0.35126212190334816	 -0.9315441629372173	 2.676886485694575	 
-0.5619152749066008	 0.7536790279884706	 0.3409092937967428	 2.72693289617684	 
0.0	 0.0	 0.0	 1.0	 
28	 51	  37
0.4019626679094843	 -0.6227628848767583	 0.6712617990226067	 -1.45708283792803	 
0.747419392314961	 0.646646058740671	 0.1523585465495478	 0.03314204351198516	 
-0.528952044705967	 0.4404716380598567	 0.7253926319354526	 0.28349924589205033	 
0.0	 0.0	 0.0	 1.0	 
29	 41	  37
0.07087940481123162	 -0.28669570900991886	 -0.9553960856152307	 3.3863753219074826	 
0.5059228801270648	 -0.8151317374263491	 0.2821387779165373	 -0.6683315655742886	 
-0.8596616481718496	 -0.5033545679494735	 0.08726986643084425	 3.415879846035906	 
0.0	 0.0	 0.0	 1.0	 
29	 42	  37
-0.9259077710581989	 0.35279441112854976	 0.13502186108366815	 1.3751775305646488	 
0.3600006107934587	 0.7158312709459203	 0.5983186038928461	 -1.6649822615601293	 
0.11443058910262704	 0.6025957973736686	 -0.7897999400260917	 5.689942693725409	 
0.0	 0.0	 0.0	 1.0	 
29	 43	  37
1.0	 0.0	 0.0	 0.1780000925064087	 
0.0	 1.0	 0.0	 -0.2946666479110718	 
0.0	 0.0	 1.0	 -0.02333354949951172	 
0.0	 0.0	 0.0	 1.0	 
29	 45	  37
0.33870817183903845	 -0.799874983965652	 -0.49545613767053537	 3.31169361242894	 
-0.6301926281350221	 0.19815709493631742	 -0.7507269924351152	 1.140404068867945	 
0.698665889945781	 0.5665101726821393	 -0.43695789096195786	 4.127251170793352	 
0.0	 0.0	 0.0	 1.0	 
29	 47	  37
0.773577378386199	 -0.48562204824825356	 -0.4071231581527963	 1.4963253286914904	 
0.048050791546821306	 0.6855529721586752	 -0.726435299112131	 2.6026388192920042	 
0.6318774889809414	 0.5423913242480728	 0.5536627947582919	 1.4742800875035493	 
0.0	 0.0	 0.0	 1.0	 
29	 48	  37
1.0	 0.0	 0.0	 -0.04999983310699463	 
0.0	 1.0	 0.0	 1.5720000863075256	 
0.0	 0.0	 1.0	 0.13199996948242188	 
0.0	 0.0	 0.0	 1.0	 
29	 49	  37
-0.30712459001019266	 0.5609849766092584	 -0.7687459542851467	 2.2896115272430393	 
0.2560867689673669	 0.8267081974971204	 0.5009721778212004	 -0.41461562151170267	 
0.916566447657193	 -0.04300479286976881	 -0.3975632463134674	 3.4607494761020723	 
0.0	 0.0	 0.0	 1.0	 
29	 50	  37
-0.2656832497193183	 -0.9640491327504966	 -0.004656228258776985	 0.9471443327534053	 
-0.6814446855974545	 0.18437919306185996	 0.708263689339531	 -1.303602003374448	 
-0.6819424838573769	 0.19134676064379255	 -0.7059326213609611	 5.779670291427492	 
0.0	 0.0	 0.0	 1.0	 
31	 32	  37
0.8994990301511345	 0.250710191746219	 -0.35783501018170644	 -0.07267253611025824	 
