0	 1	  37
0.9955095376268499	 -0.020528573072994546	 0.09240853954890704	 0.03273536524363308	 
0.029432580667164924	 0.9949414249914971	 -0.09604834215726624	 -0.09359331844864957	 
-0.0899693486096575	 0.09833686248541365	 0.9910778868420372	 -0.01726428421406692	 
0.0	 0.0	 0.0	 1.0	 
0	 2	  37
0.9466451461413995	 -0.1409520119631666	 0.28981976745981863	 0.09143219361329122	 
0.13419941549757164	 0.9900145034779534	 0.043148577999868716	 -0.06264575796702326	 
-0.29300765206225954	 -0.0019527485337295378	 0.9561081019456563	 -0.1783670334452036	 
0.0	 0.0	 0.0	 1.0	 
1	 2	  37
0.97462726605863	 -0.12450806324659504	 0.18600923214094023	 0.12083185412293927	 
0.10014640874562955	 0.9857582339826629	 0.1350977459128556	 0.01228722168865842	 
-0.20018089087231522	 -0.11304179015728276	 0.9732158879753264	 -0.1622974931452795	 
0.0	 0.0	 0.0	 1.0	 
1	 34	  37
-0.6700608886503088	 -0.12329991257550475	 -0.7319942192804747	 1.3246007289699573	 
-0.6833628981846415	 -0.28263314812431756	 0.6731520281229388	 -0.5707537992180114	 
-0.2898854168216249	 0.9512705373027225	 0.1051228327907048	 0.7938033907001549	 
0.0	 0.0	 0.0	 1.0	 
1	 37	  37
0.12686676276725248	 -0.6523706239195075	 0.7472063928740367	 -1.629030850074319	 
0.2498263885719797	 0.7500243926395288	 0.6124134110376642	 -0.8332505657499746	 
-0.959943540047038	 0.10897696771601716	 0.25813256367491155	 1.9797822419179514	 
0.0	 0.0	 0.0	 1.0	 
1	 38	  37
-0.34341781539203875	 -0.5175225029560628	 0.7837312441171727	 -1.5973531855400847	 
0.1551582736350515	 0.7917529481872808	 0.5908072267324929	 -0.9706984821728936	 
-0.9262775578593869	 0.3244961139533735	 -0.19160416967072863	 2.293043051661247	 
0.0	 0.0	 0.0	 1.0	 
1	 50	  37
-0.748445410140118	 -0.6440154481336271	 0.1583463627793029	 0.12036784639209712	 
0.4932522190326657	 -0.380953908011396	 0.7820334829086262	 -1.4497202617996463	 
-0.44331897823073413	 0.663414065675494	 0.602785252809298	 1.0270554392734579	 
0.0	 0.0	 0.0	 1.0	 
2	 34	  37
-0.6035791824457022	 0.27733620123871566	 -0.7475137470312218	 0.6981798030668331	 
-0.2254132637657244	 0.8399458964110709	 0.4936392930274972	 -1.1851246732831366	 
0.764775150640149	 0.46644991433666466	 -0.44445859917281005	 3.182589908502898	 
0.0	 0.0	 0.0	 1.0	 
2	 36	  37
-0.04811817609909216	 0.3068962293531231	 0.950525825813129	 -2.703443658933324	 
-0.8337027079845116	 0.5117701244269094	 -0.207439471758288	 0.46899285943301905	 
-0.5501131118489989	 -0.8024375640215882	 0.231234772512506	 1.9329860103035827	 
0.0	 0.0	 0.0	 1.0	 
2	 37	  37
0.2893270459782363	 -0.596572532865899	 0.7485927287220158	 -2.196825173363588	 
0.3593052369288193	 0.7925406263827733	 0.4927261939945209	 -0.9203347197340869	 
-0.8872370636876217	 0.1264142735721213	 0.4436550735156765	 1.7432453369512417	 
0.0	 0.0	 0.0	 1.0	 
2	 38	  37
-0.0887230996547484	 -0.5261113334291793	 0.8457748379001492	 -2.2105722184940255	 
0.2772461583627502	 0.8025233688147765	 0.5282904600494679	 -1.0825179861656118	 
-0.9566936705449397	 0.28135939178131597	 0.07465998523772596	 1.783987945513642	 
0.0	 0.0	 0.0	 1.0	 
3	 4	  37
0.7077767938566994	 0.15416251650185103	 -0.6894098407941001	 0.12988774040657347	 
-0.09647886703220024	 0.9878485287658332	 0.12184872765589559	 -0.0314652144176237	 
0.6998170034331215	 -0.019728221435143536	 0.714049689436871	 0.21850414174767072	 
0.0	 0.0	 0.0	 1.0	 
3	 6	  37
0.7005486267066816	 0.1077557543616536	 -0.7054220857198428	 0.21045595833263292	 
-0.09032188234793438	 0.9939724358711545	 0.06213496839534206	 -0.03683176696017729	 
0.7078655092519398	 0.020186483852201856	 0.7060587275015985	 0.25559260640034	 
0.0	 0.0	 0.0	 1.0	 
3	 31	  37
0.9125973209579824	 -0.19156238209245502	 -0.3612062894626516	 1.132340213988273	 
0.37358939263400126	 0.03173911045814961	 0.9270510204830599	 -1.0637790605697206	 
-0.1661237354855429	 -0.9809671159801376	 0.10053070115113968	 2.642245937359165	 
0.0	 0.0	 0.0	 1.0	 
3	 47	  37
0.06006607944203503	 -0.96177743006321	 0.2671633229346253	 0.2105056940002616	 
0.9963152901286746	 0.07418075540468168	 0.04304716231536578	 1.1241327309398297	 
-0.061220166254901814	 0.26359322932996315	 0.9626893064198463	 0.14452201964022254	 
0.0	 0.0	 0.0	 1.0	 
4	 6	  37
0.9963974361745218	 0.017876066285711513	 -0.0829011184423148	 0.22087629060277916	 
-0.021916681140063034	 0.9986025729913585	 -0.048089087149191474	 -0.007236425231436098	 
0.08192562647085908	 0.049732760522482364	 0.9953968275306937	 -0.04661116113540671	 
0.0	 0.0	 0.0	 1.0	 
4	 7	  37
0.9998428515863514	 -0.01772200294821294	 -0.0004502701147816039	 0.5140542910716154	 
0.017718994090284657	 0.9998251060759424	 -0.005982851214866802	 -0.020046693623522453	 
0.0005562194721426033	 0.005973932685786676	 0.9999820012121043	 0.496223242566204	 
0.0	 0.0	 0.0	 1.0	 
6	 7	  37
0.9961717166397647	 -0.03491537103381099	 0.08014254695575557	 0.35228459949719887	 
0.0281215633153883	 0.9960360717794848	 0.08438792206703771	 -0.09194875317889324	 
-0.08277130326195589	 -0.08181112748071093	 0.9932048382769043	 0.5355363421759723	 
0.0	 0.0	 0.0	 1.0	 
8	 9	  37
0.9651275101810126	 0.14128030610317888	 -0.2203832212288213	 0.2998059269985564	 
-0.11765102761085607	 0.9861441124063254	 0.11695309003378582	 -0.13446694697626455	 
0.23385278444762886	 -0.08694633214652207	 0.9683765850805962	 0.5774302286362633	 
0.0	 0.0	 0.0	 1.0	 
8	 10	  37
0.6873390845752643	 0.24690344820673077	 -0.6830839407268068	 0.5927021726926377	 
-0.19634664686960465	 0.9685976660152416	 0.1525337852834238	 -0.11505723908579843	 
0.699294628234981	 0.029278808948675843	 0.7142336972365889	 0.6461111234640283	 
0.0	 0.0	 0.0	 1.0	 
8	 24	  37
-0.6160714037857673	 -0.19731521521288972	 0.7625763773438857	 -2.122246370294328	 
0.2536875048089798	 0.8668306811639394	 0.4292402824720148	 -0.6872336557192217	 
-0.7457202393265367	 0.45789876177857497	 -0.4839731899810361	 2.5718948573014715	 
0.0	 0.0	 0.0	 1.0	 
8	 26	  37
-0.1477583536619772	 -0.3610912229302994	 0.9207500190854206	 -1.856866361068815	 
0.18445123318178228	 0.9045743040138409	 0.3843475915048695	 -0.7338526041470104	 
-0.9716713495317342	 0.22662404382716037	 -0.06705468856540261	 2.803663841532703	 
0.0	 0.0	 0.0	 1.0	 
8	 28	  37
0.9976011327918847	 0.06547793036786716	 0.022463759415763944	 -1.1015428975574173	 
-0.06725924002386653	 0.9935973573278379	 0.09077712345381357	 -0.005443543199227724	 
-0.0163760338226473	 -0.09207025657549643	 0.9956178450441524	 -0.0323030800165421	 
0.0	 0.0	 0.0	 1.0	 
8	 29	  37
-0.3195760491376306	 -0.3881281454209467	 0.864423328901805	 -2.157680519548107	 
0.311991277570048	 0.8182942034007558	 0.48275877972433645	 -0.4822246937633509	 
-0.8947248691848186	 0.4239706822562353	 -0.14041463260426407	 2.4616694690832333	 
0.0	 0.0	 0.0	 1.0	 
9	 10	  37
0.8715297790359314	 0.16628440842986458	 -0.46128661347009614	 0.222663859763781	 
-0.17743717323964822	 0.9839399076945102	 0.019450131075151894	 -0.0024069511893046024	 
0.45711256141819434	 0.06489802430927713	 0.8870379657232541	 -0.017702882761673606	 
0.0	 0.0	 0.0	 1.0	 
9	 29	  37
-0.5092983763260404	 -0.43624594410082496	 0.7418252086086303	 -1.8946802293449556	 
0.34022399995846614	 0.6897093414243518	 0.6391781083581071	 -0.90754238129088	 
-0.7904826334107031	 0.5779191125127853	 -0.20284650765668538	 2.1267110629769843	 
0.0	 0.0	 0.0	 1.0	 
10	 11	  37
0.880348193881378	 0.13303070186548221	 -0.4552909947395997	 0.2640827079724185	 
-0.13081040886663284	 0.9907335631745733	 0.036546459904605436	 -0.22318305601381383	 
0.4559338707114676	 0.02738319120540553	 0.8895923034612361	 0.6982521426450258	 
0.0	 0.0	 0.0	 1.0	 
11	 12	  37
0.9940584584417913	 0.05831796016900799	 -0.09190645636762909	 0.1642059407314089	 
-0.04326778954431364	 0.986493556968831	 0.15798215230503934	 -0.26356774230140534	 
0.09987832391604307	 -0.1530669055697856	 0.9831555537304424	 0.8616114092541565	 
0.0	 0.0	 0.0	 1.0	 
11	 15	  37
0.3193014677748232	 0.4469548699116175	 -0.8356302513307736	 1.3609609009541623	 
-0.3060965498791968	 0.8831662630045264	 0.35541842107953736	 -0.7940284110464033	 
0.8968564404791295	 0.14229791338212955	 0.41880762769820273	 2.25577803846734	 
0.0	 0.0	 0.0	 1.0	 
11	 17	  37
0.3687715749300202	 0.5754637974444388	 -0.7299650288571758	 1.1415169096634914	 
-0.30209824704509974	 0.8168815257613457	 0.4913666879247038	 -1.010208257446279	 
0.879058686696121	 0.03931908824783783	 0.4750892912321311	 2.1346583417154252	 
0.0	 0.0	 0.0	 1.0	 
12	 13	  37
0.974381123570116	 0.14855069187559425	 -0.1688612388131765	 0.5397445301283346	 
-0.13285219896317735	 0.9859964392043645	 0.10080334868922446	 -0.21661757351081515	 
0.1814709873805912	 -0.07578729325945975	 0.9804716043412562	 0.4250128729247757	 
0.0	 0.0	 0.0	 1.0	 
12	 14	  37
0.8307342403747735	 0.2567157341486812	 -0.4939409415197846	 1.0406240955387152	 
-0.265302565764813	 0.9626452990645629	 0.054116326441336425	 -0.4428248288546525	 
0.489382437841362	 0.08608751378336942	 0.8678097542105893	 0.793791566178308	 
0.0	 0.0	 0.0	 1.0	 
12	 15	  37
0.48558235434188823	 0.411526420985236	 -0.7712689427060259	 1.2514033327902216	 
-0.4180183292869552	 0.884167679416352	 0.20858617177475144	 -0.6127458653639499	 
0.7677697920157645	 0.22111879048734423	 0.6013618103616846	 1.0699941792950158	 
0.0	 0.0	 0.0	 1.0	 
12	 16	  37
0.6764083030083498	 0.32341992588092494	 -0.6617184893627662	 1.1057816171554666	 
-0.302797788562469	 0.9411044762170309	 0.1504521986743508	 -0.9169473515202861	 
0.671405471278752	 0.09859977884075055	 0.7345017200453052	 1.1151072054474023	 
0.0	 0.0	 0.0	 1.0	 
12	 17	  37
0.5023045185878735	 0.5542187184416584	 -0.6637256833474887	 1.0388999937554275	 
-0.3886869311049078	 0.8303862175984378	 0.3992257496840711	 -0.9294420647556606	 
0.7724070430766756	 0.057448600952903196	 0.6325243221047715	 0.9994758630577788	 
0.0	 0.0	 0.0	 1.0	 
12	 18	  37
0.6502735517975748	 0.5379750966253075	 -0.536401997799744	 0.9283045529493663	 
-0.40966577917567804	 0.8429312446039848	 0.34877050655518577	 -0.9063415288724668	 
0.6397798505774858	 -0.0070506936798577485	 0.7685258814859018	 1.2153364021710658	 
0.0	 0.0	 0.0	 1.0	 
12	 21	  37
0.17933076276023885	 0.6916398314401425	 -0.6996247716406866	 0.5190103554641019	 
-0.48214933483283273	 0.6816798547872841	 0.5503131785605765	 -1.137544753502001	 
0.8575386267965356	 0.2386355362108494	 0.455719852990049	 1.7479777278596973	 
0.0	 0.0	 0.0	 1.0	 
13	 14	  37
0.9384820187156229	 0.14834564314845294	 -0.3118414191641658	 0.549961075590407	 
-0.18107702049607483	 0.9803229441037105	 -0.07860049562246728	 -0.19334418010129895	 
0.2940452570535922	 0.1302324668533359	 0.9468774426405888	 0.26333608494372535	 
0.0	 0.0	 0.0	 1.0	 
13	 15	  37
0.6319701274120637	 0.33448340296395357	 -0.699095566571862	 0.9357425630332037	 
-0.41270150305623254	 0.9087722728865363	 0.06172864333326054	 -0.3591316777566456	 
0.6559658736808696	 0.24950713251186124	 0.7123587322352424	 0.5464457632992623	 
0.0	 0.0	 0.0	 1.0	 
13	 16	  37
0.8164002503581155	 0.24738186695292896	 -0.5218168674143162	 0.7503944500663987	 
-0.2730368913052005	 0.9615757636911724	 0.028686349857215753	 -0.7266017079221812	 
0.5088629355745993	 0.1190557121041314	 0.8525750701338739	 0.5255243859825887	 
0.0	 0.0	 0.0	 1.0	 
13	 17	  37
0.6990248330827133	 0.42045269851891665	 -0.578432200903308	 0.6658560785749472	 
-0.3455925693082537	 0.9067812926450124	 0.24148180748859824	 -0.6590000233448218	 
0.6260431764444078	 0.031100090308572786	 0.7791679700874478	 0.4099144220863411	 
0.0	 0.0	 0.0	 1.0	 
13	 18	  37
0.8190502486085647	 0.3917616551960138	 -0.41914137921747496	 0.61471637573027	 
-0.31823163348066985	 0.9180998233462099	 0.23626540547418656	 -0.7210542030593362	 
0.4773733525307756	 -0.06012919332351819	 0.8766408400273114	 0.6491451697200672	 
0.0	 0.0	 0.0	 1.0	 
14	 15	  37
0.8632391779929853	 0.22719804843509647	 -0.45077618433683747	 0.47520050882437626	 
-0.22651215970269786	 0.9723785993456273	 0.05632140837599158	 -0.0883810990772898	 
0.45112122881196176	 0.053487440786781075	 0.8908584234283615	 0.17066670449213642	 
0.0	 0.0	 0.0	 1.0	 
14	 16	  37
0.9706876570034376	 0.0733123120517762	 -0.22889031749464403	 0.33466198816078696	 
-0.05963915660018213	 0.9960289395304276	 0.06610236469227926	 -0.45830415835598215	 
0.23282749739065384	 -0.05051392401620651	 0.9712052820795867	 0.22596094351070947	 
0.0	 0.0	 0.0	 1.0	 
14	 17	  37
0.8921022053179448	 0.26657520439950066	 -0.36481682481243155	 0.27897116141640155	 
-0.17875055169540136	 0.9497645838687018	 0.25689584562094825	 -0.4305508614183853	 
0.4149721623620669	 -0.16396614171247895	 0.894937544656874	 0.15864059245985565	 
0.0	 0.0	 0.0	 1.0	 
14	 18	  37
0.9669601796778111	 0.1823386373374936	 -0.17815900833626735	 0.27476270507848255	 
-0.1235415543842942	 0.946485182095642	 0.29816653805162624	 -0.49036130470912065	 
0.2229921416951027	 -0.26630512839088444	 0.9377398804225753	 0.39698891443811163	 
0.0	 0.0	 0.0	 1.0	 
14	 20	  37
0.9857819104914121	 0.11801163482759029	 -0.11961303855860063	 0.35079806812805897	 
-0.10581188394618499	 0.9889657981325716	 0.1036845954795809	 -0.7964431090720673	 
0.1305291927641515	 -0.08955391766597735	 0.9873916273024673	 0.9082665747015034	 
0.0	 0.0	 0.0	 1.0	 
14	 21	  37
0.6871037479026563	 0.5044063248282714	 -0.5229366109686328	 0.23948131608772696	 
-0.3658792764895215	 0.8620366537389854	 0.35074943000095726	 -0.6925783497869422	 
0.6277107571593995	 -0.049669579057292496	 0.776860436798428	 1.032440017077512	 
0.0	 0.0	 0.0	 1.0	 
15	 16	  37
0.9582637992997	 -0.17141201903504416	 0.22879775060527532	 -0.004696452092332734	 
0.1602459566266726	 0.9848233806658978	 0.06666440038426494	 -0.3937552382028363	 
-0.2367524537074678	 -0.02721816717048894	 0.9711886773636587	 0.09472308171413416	 
0.0	 0.0	 0.0	 1.0	 
15	 17	  37
0.9973759098471584	 -0.06437824429410316	 0.033117006479480696	 -0.09164306578079634	 
0.05608293015905241	 0.9763259685474692	 0.20890741510205246	 -0.37265645866063285	 
-0.04578208603076129	 -0.20650192444976187	 0.9773745217659486	 0.06294700843147445	 
0.0	 0.0	 0.0	 1.0	 
15	 18	  37
0.9610725082085438	 -0.17398280355202217	 0.21463834241327334	 0.01224324615910168	 
0.10667280818303262	 0.950258869727291	 0.2926243197325846	 -0.40868055006967957	 
-0.25487358819635464	 -0.2583371141992389	 0.9318269096066738	 0.2819476342944953	 
0.0	 0.0	 0.0	 1.0	 
15	 21	  37
0.9562809985425357	 0.24006712497288252	 -0.16701624871175005	 0.3211473131737335	 
-0.19056100508874063	 0.9447154456433255	 0.2668318386221966	 -0.596982674553209	 
0.22184038218065644	 -0.22333943285991253	 0.9491608623219525	 0.8338140745701003	 
0.0	 0.0	 0.0	 1.0	 
16	 17	  37
0.9769137218945055	 0.14467688336554196	 -0.15718835641948228	 -0.08507244713894299	 
-0.11515050962544016	 0.9763488684524095	 0.18298428130498182	 0.03127897623946255	 
0.17994426944814404	 -0.16065953594895227	 0.9704682237978949	 -0.04786171941308133	 
0.0	 0.0	 0.0	 1.0	 
16	 18	  37
0.9981529967349468	 0.050361752079494726	 0.03397482945547498	 -0.04261151820993664	 
-0.05713766547821741	 0.9682378266722704	 0.24341486845436952	 -0.04822601180432399	 
-0.020636915775968153	 -0.24490652283767791	 0.9693270411882735	 0.1919832995606855	 
0.0	 0.0	 0.0	 1.0	 
16	 19	  37
0.9513032446077067	 -0.09758800655147798	 0.29240163777954437	 0.2609937031243657	 
0.035198892811168135	 0.976750374377563	 0.2114704331535685	 -0.4528899869314954	 
-0.30624038718581664	 -0.19088029529157452	 0.9326207900994286	 0.7655276239312864	 
0.0	 0.0	 0.0	 1.0	 
16	 20	  37
0.9926350637482928	 0.021954770193726353	 0.1191369727799147	 0.1817510023914504	 
-0.028206680825885726	 0.9982978640444787	 0.051046623796470236	 -0.3718039825827942	 
-0.11781346856029688	 -0.054031127232109365	 0.9915647351110362	 0.6322849459286006	 
0.0	 0.0	 0.0	 1.0	 
16	 21	  37
0.8301040083417262	 0.44466242204876294	 -0.336456038365678	 0.08286233414289479	 
-0.35855327423397976	 0.8877618449168924	 0.28864936557326404	 -0.29313528986345005	 
0.4270443593715889	 -0.11897158117585518	 0.8963698332727544	 0.783140720733914	 
0.0	 0.0	 0.0	 1.0	 
17	 18	  37
0.9797102007002341	 -0.09317873475083298	 0.17744195116753247	 0.10131269140638118	 
0.08022001580620215	 0.9936519786475801	 0.07887011090268796	 -0.08440966199876329	 
-0.18366456301627623	 -0.06303545605437968	 0.9809657790015186	 0.2015592756719004	 
0.0	 0.0	 0.0	 1.0	 
17	 21	  37
0.9349108078513345	 0.29598346008133186	 -0.19579472087123978	 0.3661476112905736	 
-0.2838194159592275	 0.9548152559737574	 0.08817236576349545	 -0.4261211231887701	 
0.21304534842921977	 -0.026862954380538172	 0.9766729550850789	 0.7279596885821374	 
0.0	 0.0	 0.0	 1.0	 
17	 22	  37
0.6002482526364183	 0.656352775192434	 -0.45705915339714775	 0.31514220018849654	 
-0.5837750439330834	 0.7501592844864914	 0.31059257231885395	 -0.2755237429529101	 
0.5467254642760423	 0.0803870785381956	 0.8334441698855665	 0.7581258428019829	 
0.0	 0.0	 0.0	 1.0	 
18	 19	  37
0.9596816839383673	 -0.16088321547842946	 0.23049437409737775	 0.35554641990217023	 
0.16661690403759552	 0.9860063775610558	 -0.005498244979291722	 -0.521016494769421	 
-0.2263843475202016	 0.04368082401062014	 0.9730581240663921	 0.4779409936216475	 
0.0	 0.0	 0.0	 1.0	 
18	 20	  37
0.9961911312799958	 -0.03319721514380921	 0.08062986336201029	 0.2422154314578403	 
0.049485113810606586	 0.9765972443965006	 -0.20930610537753774	 -0.38267460400280606	 
-0.0717945225642747	 0.2124988638648623	 0.9745202816698636	 0.3700036468914651	 
0.0	 0.0	 0.0	 1.0	 
18	 21	  37
0.8569061460597223	 0.36724936566467925	 -0.3617177909143614	 0.12233042520806559	 
-0.3744291228715563	 0.9257462440996703	 0.052884056964189574	 -0.3903676551040454	 
0.3542805227368726	 0.09012100173791533	 0.9307865041216713	 0.5295541957332697	 
0.0	 0.0	 0.0	 1.0	 
19	 20	  37
0.9799632554212765	 0.09858460842004685	 -0.17306961895953904	 -0.05961529921841308	 
-0.12173412479777616	 0.9841870940485044	 -0.12867232324039252	 0.09167357240568817	 
0.15764777475071878	 0.14716262735839838	 0.9764682996519238	 -0.12551109932884377	 
0.0	 0.0	 0.0	 1.0	 
20	 21	  37
0.8154506874678067	 0.4057326513237169	 -0.41282101685610467	 -0.16110906790805052	 
-0.3277090597881428	 0.9115050981807474	 0.24852611155224136	 0.03732936052697697	 
0.4771236196637652	 -0.06737560122427727	 0.876249724632547	 0.1370926743232707	 
0.0	 0.0	 0.0	 1.0	 
21	 22	  37
0.8374843795403285	 0.4272468326838732	 -0.34070523621974136	 -0.0726647733921936	 
-0.40590438399189344	 0.9037971502877765	 0.13561836965491234	 0.12788908284574846	 
0.36587094047233765	 0.02471548286587102	 0.9303373580721103	 0.04874190016703565	 
0.0	 0.0	 0.0	 1.0	 
22	 23	  37
0.9815189854128362	 0.002192269038754409	 -0.19135222818305295	 -0.16095544626694663	 
-0.0883960127916323	 0.8920552309990745	 -0.4431970326725232	 -0.09425030133337625	 
0.16972514898122518	 0.4519210758568908	 0.8757629331044168	 -0.1437998807888368	 
0.0	 0.0	 0.0	 1.0	 
23	 31	  37
0.9923561683496536	 0.08958030239653914	 -0.0848799420413244	 -0.8583618050713997	 
-0.07747034108596251	 0.9875980257439123	 0.1365594588402861	 -0.32264237560854436	 
0.09606030080329006	 -0.12893994326535047	 0.986988809278155	 0.7286971770332532	 
0.0	 0.0	 0.0	 1.0	 
23	 32	  37
0.9617228911472535	 -0.12889676922762805	 0.2418154327706326	 -0.7867931949056206	 
0.061768141990434906	 0.9617215804262617	 0.26697621313042574	 -0.48082450414939976	 
-0.26697149150877164	 -0.24182064557248326	 0.9328713727500106	 0.6581594752533536	 
0.0	 0.0	 0.0	 1.0	 
23	 42	  37
-0.47890484457669324	 -0.15309061799460422	 0.8644150695834746	 -2.2172976337058237	 
0.24677751096226722	 0.9214929200523535	 0.29991941980581066	 -0.6070918947893504	 
-0.8424672159343897	 0.35695106243771857	 -0.4035281019958119	 3.715620537744283	 
0.0	 0.0	 0.0	 1.0	 
24	 25	  37
0.8328793886263786	 0.13682306796063626	 -0.53627546286884	 -0.016661666717919073	 
-0.16514904986111417	 0.9862566433911623	 -0.004860524330667874	 -0.008155227792247309	 
0.5282402060912444	 0.09261361368954867	 0.844029029849118	 0.07397382762402865	 
0.0	 0.0	 0.0	 1.0	 
24	 26	  37
0.7962202435391224	 0.24686284742098172	 -0.5523513902776982	 0.0036043930920746205	 
-0.21309703812166775	 0.9688923445850995	 0.12584624328187446	 -0.035188670916833496	 
0.5662357955147953	 0.017503118796184877	 0.8240574401764316	 0.1128495875144777	 
0.0	 0.0	 0.0	 1.0	 
24	 28	  37
0.6634845869611006	 0.22118160991513414	 -0.7147495353621485	 -0.03722644271671624	 
-0.22443494886163062	 0.970148121442458	 0.09187805064947312	 0.01961468372055527	 
0.7137346541919729	 0.09945510493192154	 0.6933192089567732	 0.07537836485115172	 
0.0	 0.0	 0.0	 1.0	 
24	 29	  37
0.9598236879614981	 0.11118879274351673	 -0.25763450932712423	 0.055416477212309107	 
-0.057495217280311636	 0.9765920232717032	 0.2072735392469832	 0.07858161999991811	 
0.27465030132493695	 -0.18413330076420217	 0.9437489812083516	 0.05018653940913601	 
0.0	 0.0	 0.0	 1.0	 
24	 30	  37
0.9968467535109576	 -0.001687330056271742	 -0.07933286161449442	 -0.14494039520153162	 
-0.008692997584263496	 0.9914341991759721	 -0.1303175371824491	 -0.06185299579492307	 
0.07887320082045178	 0.1305962542402355	 0.9882932948122012	 0.4174726582801976	 
0.0	 0.0	 0.0	 1.0	 
24	 31	  37
0.9382175282318866	 -0.129995954104038	 0.3207006729569328	 -0.26360442532256567	 
0.05830920481546119	 0.9728944571643164	 0.22377759461737648	 -0.34777404404097084	 
-0.3410980890480586	 -0.19125226047168997	 0.9203665935442417	 0.9244921562468199	 
0.0	 0.0	 0.0	 1.0	 
25	 26	  37
0.998036451965411	 0.04706580116535305	 -0.041328572549244866	 0.02366488621571311	 
-0.04256370659966745	 0.9936900922392264	 0.10377057129116887	 0.02940401627638182	 
0.04595183814377989	 -0.10180771555369275	 0.9937422289632994	 0.008721630299454684	 
0.0	 0.0	 0.0	 1.0	 
25	 27	  37
0.8951704019542785	 0.16784789373287948	 -0.412912867363626	 0.05167614520475414	 
-0.16311174192088554	 0.9854883467108234	 0.046981678819526536	 -0.005977614645119274	 
0.4148065948276979	 0.025294328743866504	 0.9095579617709068	 0.06124978962714494	 
0.0	 0.0	 0.0	 1.0	 
25	 28	  37
0.9621686527477482	 0.06705031750183506	 -0.26407525176071656	 0.00654704420575892	 
-0.05542961781348512	 0.9971478690390037	 0.05122191659851854	 0.041346574866267014	 
0.2667565203301201	 -0.03464653220565802	 0.9631409952169456	 -0.012219849482051223	 
0.0	 0.0	 0.0	 1.0	 
25	 29	  37
0.9547039081678048	 -0.13871162307447812	 0.26324804529789786	 0.006186885793978752	 
0.06877906381448978	 0.9636099318256933	 0.2583124845370161	 0.09898314214889385	 
-0.2894993749732849	 -0.22850598440944145	 0.9295026234385516	 -0.07404442997462876	 
0.0	 0.0	 0.0	 1.0	 
26	 27	  37
0.9340151972770234	 0.058463008419420426	 -0.352416923404813	 -0.022775954120039316	 
-0.10932587680577328	 0.985964142787724	 -0.12618463376147657	 0.06024663601849596	 
0.3400933164827145	 0.15638665474847827	 0.9272970129901039	 0.02510260872723861	 
0.0	 0.0	 0.0	 1.0	 
26	 28	  37
0.9760422520758772	 0.021096533238354333	 -0.21655590143880374	 -0.022981775492014838	 
-0.03520813220480851	 0.9974850655952364	 -0.06151366792116389	 0.004604616810749708	 
0.21471355241180864	 0.06766446777880906	 0.9743303393669481	 -0.013937710715566175	 
0.0	 0.0	 0.0	 1.0	 
26	 29	  37
0.93308814247777	 -0.2112070658824	 0.2910980825919907	 -0.01742003534179219	 
0.16671480293563992	 0.971193392451344	 0.17026323426089926	 0.09272096787357184	 
-0.31867333250448865	 -0.11034024551449365	 0.9414203829163064	 -0.07099296443804176	 
0.0	 0.0	 0.0	 1.0	 
27	 28	  37
0.985200664313591	 -0.050334103349101336	 0.16384788395368965	 -0.06711404620167691	 
0.049003041528518185	 0.9987246279301277	 0.012158103749499933	 0.06404544320432329	 
-0.16425088418944364	 -0.0039491272290583645	 0.9864106910598215	 -0.04094310859029353	 
0.0	 0.0	 0.0	 1.0	 
28	 29	  37
0.8360770270063282	 -0.2570747601792845	 0.48465221818436127	 -0.020525621050141586	 
0.14130517014773492	 0.9545185067101717	 0.2625400335897414	 0.019514190768895257	 
-0.5301019277476537	 -0.1510198266008344	 0.8343769880405829	 -0.04227475449579904	 
0.0	 0.0	 0.0	 1.0	 
29	 30	  37
0.9743908983906602	 -0.038081794865993994	 0.2216126215566835	 -0.10188612703880513	 
0.10058811303700174	 0.9552663786210595	 -0.2781154030108013	 -0.32111135534026475	 
-0.2011079527246419	 0.2932847128235461	 0.9346334407535997	 0.35311288006095687	 
0.0	 0.0	 0.0	 1.0	 
29	 31	  37
0.8150553276807864	 -0.21945741387023254	 0.5362119509266399	 -0.030401930096835304	 
0.2106592450393395	 0.9743955743695966	 0.07858719443012091	 -0.603108093875972	 
-0.5397290943599573	 0.04890509325552195	 0.8404170372827099	 0.8091233571801529	 
0.0	 0.0	 0.0	 1.0	 
30	 31	  37
0.8949032622089375	 -0.1381323965734309	 0.42434371953014877	 -0.16244089651496585	 
0.004978444591242208	 0.9539196409772983	 0.3000208886847608	 -0.14475204941051767	 
-0.4462324129612875	 -0.2663771003194945	 0.8543534830783589	 0.5730541119460961	 
0.0	 0.0	 0.0	 1.0	 
30	 32	  37
0.6925288232381128	 -0.3280073810591652	 0.6425067991509055	 -0.05849214497904086	 
0.005580745311049513	 0.8930601740406361	 0.44990263482700665	 -0.3468857777631848	 
-0.7213686188532238	 -0.30798487546179454	 0.6203004370630215	 0.520593927264941	 
0.0	 0.0	 0.0	 1.0	 
31	 32	  37
0.9221137591664165	 -0.2189815829622033	 0.31898790177582886	 0.06584658955926254	 
0.15685641486725332	 0.9652155227333509	 0.20917710149434418	 -0.22226586929720415	 
-0.35369800716284866	 -0.14284978473190077	 0.9243871800988357	 -0.07217468069220406	 
0.0	 0.0	 0.0	 1.0	 
31	 33	  37
0.9696047227907381	 -0.060503027052447055	 0.23707818385373675	 -0.060473765970320836	 
0.07768133681751417	 0.9949352959661691	 -0.06379158840281449	 -0.5105538605079544	 
-0.2320178688207856	 0.08026917564171837	 0.969393917862939	 0.42731458626394125	 
0.0	 0.0	 0.0	 1.0	 
31	 47	  37
0.7549283966030857	 0.39778299408376994	 0.5213940981829827	 -1.2957194625386896	 
0.08060048924465413	 0.7327364610189916	 -0.6757224576902018	 1.6187559132328477	 
-0.6508353686884396	 0.552146690935584	 0.5211020577133314	 0.9408490684726005	 
0.0	 0.0	 0.0	 1.0	 
31	 48	  37
0.5052354774067119	 -0.2041372307969206	 0.8384897753533888	 -2.523091579151759	 
0.42866751304223755	 0.9026399120014766	 -0.03854027145920253	 -0.7359714389387763	 
-0.7489868327492777	 0.37890523916215607	 0.5435527059114641	 1.7673059562585745	 
0.0	 0.0	 0.0	 1.0	 
33	 34	  37
0.8898946251295683	 0.13468217439443447	 -0.4358305497161615	 -0.3788976168815157	 
-0.15105180170262789	 0.988521458618328	 -0.002946023333765384	 -0.299139126142332	 
0.4304310738874397	 0.0684546401018966	 0.9000239179491983	 0.6016325867062593	 
0.0	 0.0	 0.0	 1.0	 
33	 36	  37
0.8784558845462052	 0.11403597102592024	 -0.4640162240895448	 -0.5035412909522672	 
-0.09546597581313254	 0.9934111821896894	 0.06340718068586079	 -0.3339522785445304	 
0.4681896051475189	 -0.011402649370145316	 0.8835544540203231	 0.9478513039868042	 
0.0	 0.0	 0.0	 1.0	 
33	 38	  37
0.9740002328737742	 -0.16957351297524723	 0.15022772733109535	 -1.0083961824956007	 
0.15024595365790638	 0.9798141411671599	 0.13187267411517523	 -0.6932746542849675	 
-0.16955736424956186	 -0.10587290713914747	 0.9798169358419186	 1.1828503064060625	 
0.0	 0.0	 0.0	 1.0	 
33	 41	  37
0.45518063680703635	 -0.4626147140685957	 0.7607878904157007	 -1.6057293596996889	 
0.3957576252330564	 0.870510928882961	 0.2925519180679146	 -0.37561047324481944	 
-0.7976129950958872	 0.16792364045171146	 0.5793230195940882	 1.2121131563442071	 
0.0	 0.0	 0.0	 1.0	 
33	 42	  37
0.2826879196442796	 -0.48819235619597484	 0.8256850267741391	 -2.0352558668811365	 
0.4487100869443149	 0.8281078349592184	 0.3360009993341995	 -0.18374112180803978	 
-0.8477893594293421	 0.27550977665225906	 0.45315291569999644	 0.877657790521701	 
0.0	 0.0	 0.0	 1.0	 
33	 47	  37
0.8917825337970429	 -0.18317390206994502	 0.4137284544420371	 -0.22687955864591816	 
0.23906700760542432	 0.9670853850775784	 -0.0871368110728224	 0.10487969219303392	 
-0.3841495519834881	 0.17661590973019062	 0.9062206917418425	 0.8603199505357287	 
0.0	 0.0	 0.0	 1.0	 
33	 48	  37
-0.5147690993230449	 -0.2339600573749887	 0.8247881339684958	 -2.363761284448969	 
0.37677198335436773	 0.8024262320000976	 0.46276885672800244	 -0.8720711007100593	 
-0.7701010628101733	 0.5489761686550868	 -0.32491463387699826	 2.7519428083439044	 
0.0	 0.0	 0.0	 1.0	 
34	 35	  37
0.9462241097330559	 0.032356242206824606	 -0.3218897447110407	 -0.11627272395659516	 
-0.10141411095991737	 0.9745005591328116	 -0.20015953224377306	 -0.06283674993043957	 
0.30720532589474264	 0.22203993748893391	 0.9253773035372196	 0.0217268531826887	 
0.0	 0.0	 0.0	 1.0	 
34	 36	  37
0.9986916988638256	 -0.045573121469000166	 -0.023194422175547486	 0.0043171299280497675	 
0.04708598819805558	 0.9964696805186807	 0.06950601069268021	 -0.033569879358502905	 
0.019944932586960066	 -0.07050720818873855	 0.9973118535631329	 0.3724126179614236	 
0.0	 0.0	 0.0	 1.0	 
34	 37	  37
0.9577858107058405	 -0.2443267771766608	 0.15149510475596722	 -0.17661699246812235	 
0.19340280216692446	 0.9375111928287838	 0.28925441990526624	 -0.4182807645486193	 
-0.21270095656704663	 -0.2477442012948371	 0.9451884012196963	 0.7472342017752384	 
0.0	 0.0	 0.0	 1.0	 
35	 50	  37
0.7725700158284322	 -0.17329389521089134	 0.6108230484563372	 -1.6325926490670166	 
0.03496972176828068	 0.9721859880614296	 0.231584807741074	 0.09516943582384998	 
-0.6339658422993346	 -0.15755516652797477	 0.7571417834844651	 1.2470271399455664	 
0.0	 0.0	 0.0	 1.0	 
36	 37	  37
0.9645572211119262	 -0.19560390390402616	 0.17711149024934184	 -0.16149200432042743	 
0.1565429197081159	 0.9645032476337866	 0.2126682853486547	 -0.40029654564425643	 
-0.21242335438952226	 -0.1774051805370496	 0.9609389785145155	 0.35990709253775366	 
0.0	 0.0	 0.0	 1.0	 
36	 48	  37
0.34678557941375	 -0.22158933339563072	 0.911393399820269	 -1.9549156757165977	 
0.4277455913469274	 0.9021266740154431	 0.056578910497648065	 0.03390682261238119	 
-0.8347295795609115	 0.37022375849628214	 0.4076283818025302	 0.6567632588719222	 
0.0	 0.0	 0.0	 1.0	 
36	 49	  37
0.832619206280331	 -0.16538408567905327	 0.5285767319294479	 -1.9052686919596127	 
0.27285674379325797	 0.9530080326253071	 -0.13162403700761954	 0.13155074054866653	 
-0.4819693503737063	 0.2538184271398478	 0.8386189547968742	 0.39553251221559216	 
0.0	 0.0	 0.0	 1.0	 
37	 38	  37
0.9116622470048898	 -0.15250436119298802	 0.38159450625384034	 -0.1276926987860369	 
0.21293467146244763	 0.9695135642075446	 -0.12125293607480687	 -0.012467020547446871	 
-0.3514694482813169	 0.19179642497893531	 0.91634238049439	 0.007145903245188803	 
0.0	 0.0	 0.0	 1.0	 
37	 49	  37
0.9387188461997935	 -0.015584145435132798	 0.3443313261967107	 -1.6663411710324798	 
0.16076889488194565	 0.9034526196777282	 -0.397399957770365	 0.9269198932906096	 
-0.30489389995171545	 0.4284045966239236	 0.850593446579343	 -0.11820088901102281	 
0.0	 0.0	 0.0	 1.0	 
38	 39	  37
0.9375551001306219	 -0.13566989209666616	 0.3202875498634602	 0.18283238670514104	 
0.17926095438912457	 0.977558564746084	 -0.11065605597108655	 0.12211376535276643	 
-0.298087142377124	 0.16116120150350988	 0.9408353323931803	 0.04385643009408692	 
0.0	 0.0	 0.0	 1.0	 
39	 40	  37
0.9258943598921662	 -0.14331611397361851	 0.34954273815282705	 -0.059705645206194875	 
0.14479758432643047	 0.9892158389305731	 0.022038230013127415	 0.09050835278361323	 
-0.3489316464482769	 0.030207871232214318	 0.9366611930802473	 0.004554982971140211	 
0.0	 0.0	 0.0	 1.0	 
40	 41	  37
0.9985562521002498	 -0.008983948293151422	 0.05295941903540488	 -0.1998164212422495	 
0.004153140379801318	 0.9958759027062715	 0.09063077752041244	 0.27405469276344196	 
-0.05355523145769501	 -0.09027998162402784	 0.9944754205617543	 -0.4481316486214993	 
0.0	 0.0	 0.0	 1.0	 
41	 42	  37
0.9741167660977951	 -0.13388147892710547	 0.18213257700770047	 -0.023976692655035704	 
0.1342526440327889	 0.9908931182673102	 0.010346774410047721	 0.2122885282645706	 
-0.1818591586293635	 0.014372813599930229	 0.983219542448095	 -0.3720107001105576	 
0.0	 0.0	 0.0	 1.0	 
41	 43	  37
0.8376771858450401	 -0.17219072220605508	 0.5183119596352104	 -0.07908681003997028	 
0.243721208278842	 0.9671241326969103	 -0.07260085805519884	 0.17075072804459782	 
-0.4887708102473347	 0.18713969953328133	 0.8521043527108391	 -0.6501738755594695	 
0.0	 0.0	 0.0	 1.0	 
41	 44	  37
0.8774537731338065	 -0.08770381125449823	 0.47157493307499154	 -0.12111440558127125	 
0.25739156400060775	 0.9156970896568555	 -0.3086234319932412	 0.6578940942912266	 
-0.4047523425436452	 0.3921822044476277	 0.8260560875146622	 -0.4151690547037402	 
0.0	 0.0	 0.0	 1.0	 
41	 45	  37
0.6730177036426557	 -0.11943833544919465	 0.729918937011975	 -0.6767300913494871	 
0.4438303053404983	 0.854662886575032	 -0.26938079065255083	 0.5767415494059254	 
-0.5916602324349051	 0.50525818581826	 0.6282136062031085	 -0.05445989898352998	 
0.0	 0.0	 0.0	 1.0	 
41	 46	  37
0.9281894779909793	 -0.030299796972968324	 0.3708722357500364	 0.016063615434552526	 
0.13226209972559463	 0.9584593547015035	 -0.2527101152731233	 0.5112006656809702	 
-0.3478088985678926	 0.2836152106086263	 0.8936394028848627	 -0.5244442915359225	 
0.0	 0.0	 0.0	 1.0	 
41	 47	  37
0.9935686364565314	 -0.0773312559128317	 0.08271179788188396	 0.19361819999018698	 
0.09026138551587097	 0.9819558350146549	 -0.1661794823840393	 0.6248273613132528	 
-0.06836846447496667	 0.17257640319468934	 0.9826205463584194	 -0.8153352052130532	 
0.0	 0.0	 0.0	 1.0	 
41	 48	  37
0.9202894889552731	 0.046015631153917214	 -0.38852260964832996	 0.2873841797644819	 
-0.13080128447180817	 0.9721034922537753	 -0.19469418154772777	 0.7502363332595903	 
0.3687252100127778	 0.22999426522746408	 0.9006355297585763	 -0.9578184612123986	 
0.0	 0.0	 0.0	 1.0	 
42	 43	  37
0.933472388275973	 -0.09168844718126544	 0.3467312056620216	 -0.030040771880958696	 
0.13729957072385168	 0.9844800437550538	 -0.10930631878850212	 -0.082855627750672	 
-0.3313278258845718	 0.14964047614711687	 0.9315737220923889	 -0.2296958571916605	 
0.0	 0.0	 0.0	 1.0	 
42	 44	  37
0.9471380651994472	 -0.06258706187712094	 0.3146622715481415	 -0.11452593465661023	 
0.14144447695883655	 0.9617833035838005	 -0.23444900700423604	 0.20785359229530637	 
-0.28796344453435047	 0.26656281929973014	 0.9197941715290932	 -0.10615479439334524	 
0.0	 0.0	 0.0	 1.0	 
42	 45	  37
0.8852117098831555	 -0.08710151814039996	 0.4569612174171649	 -0.4628919163877089	 
0.23423706474454706	 0.9321553314299821	 -0.2760786764429997	 0.22568463651914233	 
-0.4019119632277684	 0.3514253315062776	 0.8455572187558351	 0.058986738659591614	 
0.0	 0.0	 0.0	 1.0	 
42	 46	  37
0.9855855204289816	 0.019501701331128593	 0.16805018764025265	 0.08893972112737561	 
0.028050621715136434	 0.9607471389853129	 -0.27600379988857104	 0.30108676665612377	 
-0.16683628065300138	 0.2767392609962084	 0.9463514341306539	 -0.16008544849354447	 
0.0	 0.0	 0.0	 1.0	 
42	 47	  37
0.9912650957351322	 0.012854422861519423	 -0.13125651903855198	 0.3665697698449754	 
-0.032646771091054946	 0.9881807826122411	 -0.14977626385108087	 0.35497738552008934	 
0.12777988227631437	 0.15275308405645227	 0.979968773480408	 -0.38797714946283024	 
0.0	 0.0	 0.0	 1.0	 
42	 48	  37
0.8360150080819435	 0.16777975551871394	 -0.5224259372387899	 0.32368967224503903	 
-0.26327061649179073	 0.9580064946108482	 -0.11363159233007286	 0.4283121186985264	 
0.4814223600475781	 0.23253711514834788	 0.8450792870048968	 -0.5553256040121746	 
0.0	 0.0	 0.0	 1.0	 
43	 44	  37
0.9980308691863259	 -0.056736256913859674	 -0.026746612918115028	 -0.1018775469519607	 
0.053535287757747324	 0.9926949952383659	 -0.1081231676996043	 0.28050365428154644	 
0.032685732604335604	 0.10647837141929861	 0.9937776407748422	 0.04176464205741346	 
0.0	 0.0	 0.0	 1.0	 
43	 45	  37
0.9920628941196079	 -0.08780260234587979	 0.09001065010496091	 -0.40294298433591147	 
0.10061347853098022	 0.9836430322195558	 -0.14940988288534587	 0.30516723831908094	 
-0.0754197722677708	 0.1572802854372031	 0.9846698785704113	 0.08655099427923083	 
0.0	 0.0	 0.0	 1.0	 
43	 46	  37
0.9778697218315563	 0.04580144599085988	 -0.20413974299538395	 0.1825764449550252	 
-0.07369421144258054	 0.9886128307425887	 -0.13120150186252535	 0.34923101366363796	 
0.19580595068825477	 0.1433418935143258	 0.9701098552425881	 0.08137374986237027	 
0.0	 0.0	 0.0	 1.0	 
43	 47	  37
0.8775269660811401	 0.07720886460204496	 -0.47327076291198544	 0.478037828430953	 
-0.09112745808835468	 0.9958179606834768	 -0.006509651492749282	 0.4044271044527409	 
0.4707889231734163	 0.04884035633638333	 0.8808929613807517	 -0.062372332182867224	 
0.0	 0.0	 0.0	 1.0	 
44	 45	  37
0.993621996432225	 -0.027633626469455722	 0.10932388071316436	 -0.2927260225211454	 
0.034228282850724025	 0.9976761594072636	 -0.058912694756421094	 0.076178304712788	 
-0.10744185804019939	 0.062278918090466456	 0.9922588288860673	 0.030647113731917072	 
0.0	 0.0	 0.0	 1.0	 
44	 46	  37
0.9783273288111624	 0.09962840908300225	 -0.18152084674991326	 0.285956369426527	 
-0.10093436018465156	 0.9948909701083303	 0.0020524451317517093	 0.0064118197945393345	 
0.18079793316111378	 0.016313727363600497	 0.9833849549714376	 0.014452710774465386	 
0.0	 0.0	 0.0	 1.0	 
44	 47	  37
0.8720849602689347	 0.13731418374174972	 -0.4696941952122324	 0.661850645359236	 
-0.07033377087249919	 0.9850299331305554	 0.15738231003409192	 -0.0354755118644437	 
0.484273665139438	 -0.10421538168691406	 0.8686876144347093	 -0.10917987096861793	 
0.0	 0.0	 0.0	 1.0	 
45	 46	  37
0.9363744245480039	 0.1169626660115347	 -0.3309420973703247	 0.6805109462234528	 
-0.10952523583342587	 0.9931337817479583	 0.041103701373864675	 -0.019176530059523238	 
0.3334773751966209	 -0.0022419434590519993	 0.9427554369620466	 0.06047439834068906	 
0.0	 0.0	 0.0	 1.0	 
45	 47	  37
0.8065046807615548	 0.1400788896103821	 -0.5743936843274162	 1.0069524367860065	 
-0.05174954585805538	 0.9845236663999206	 0.16743695769435937	 -0.013118400161483254	 
0.5889585591645525	 -0.10531407780529627	 0.801271964193702	 -0.03142616176444445	 
0.0	 0.0	 0.0	 1.0	 
46	 47	  37
0.9520532877799346	 0.012486661071411435	 -0.3056773143736791	 0.33463030721063847	 
0.021195946645153608	 0.9940735382869039	 0.10662331979248792	 0.027692220823926597	 
0.30519709873003903	 -0.10799020220854794	 0.9461463138192336	 -0.18669468360326627	 
0.0	 0.0	 0.0	 1.0	 
46	 48	  37
0.7649969475090366	 0.1572134787377447	 -0.6245507124365742	 0.19382089110818768	 
-0.11193364642457083	 0.9874452415072374	 0.11145740811095688	 0.01180179925442193	 
0.6342322359356664	 -0.015356338362061888	 0.7729900735275679	 -0.4582051522311701	 
0.0	 0.0	 0.0	 1.0	 
47	 48	  37
0.8619071065382146	 0.16458185029188144	 -0.4796133382772253	 0.15320166637825708	 
-0.17001227254988596	 0.9849075437412484	 0.03244930606352832	 -0.017050261568596573	 
0.47771536178078494	 0.05357186608736038	 0.8768797456222672	 -0.10778061647089361	 
0.0	 0.0	 0.0	 1.0	 
48	 49	  37
0.8447457650324038	 0.18546288976120962	 -0.5020040925941124	 0.11262039312101677	 
-0.17694888451594176	 0.9820673747458686	 0.06505969357690178	 0.034943064193803	 
0.5050680001033335	 0.03387016358357212	 0.8624147072554134	 -0.10714538140916564	 
0.0	 0.0	 0.0	 1.0	 
48	 50	  37
0.6873618557292166	 0.3045776317377903	 -0.6593679894667981	 0.17995086051900608	 
-0.25323257591523574	 0.9513585571084912	 0.17547124639605452	 -0.019696946038836587	 
0.6807399957280481	 0.04636121289881649	 0.7310565615290849	 -0.20052343182611065	 
0.0	 0.0	 0.0	 1.0	 
49	 50	  37
0.9649668762724741	 0.11606784622122984	 -0.23530232206782034	 0.06329527144747522	 
-0.10514913010508929	 0.99273578947857	 0.0584748897091967	 -0.0011370711372620359	 
0.24038009097070878	 -0.031684497185922124	 0.9701615868003584	 -0.12463645476536768	 
0.0	 0.0	 0.0	 1.0	 
49	 51	  37
