0	 1	  37
0.9979493848655875	 0.057140503484149625	 -0.028844204062068893	 -0.15272808448164293	 
-0.056626263558176064	 0.9982269559825446	 0.018341500082147848	 -0.03956911533254439	 
0.02984110456796666	 -0.016670549223147035	 0.9994156298891683	 0.11704553935360923	 
0.0	 0.0	 0.0	 1.0	 
0	 2	  37
0.9711269333055011	 0.10212832121260683	 -0.21559750790523133	 -0.4588269761539169	 
-0.09399846809518707	 0.9944309559262903	 0.04765880706943346	 -0.16863805506625265	 
0.21926414983852177	 -0.02601691568610509	 0.9753185903558754	 0.3363899548487917	 
0.0	 0.0	 0.0	 1.0	 
0	 3	  37
0.9299063757441681	 0.1133253144477512	 -0.34990213696927563	 -0.2858853420111221	 
-0.14803695234451703	 0.9862082860050194	 -0.07401538593826716	 -0.4810510476604194	 
0.3366885698845365	 0.12062582526292523	 0.9338577071421238	 0.6057716242044504	 
0.0	 0.0	 0.0	 1.0	 
0	 4	  37
0.9795005613080552	 -0.09518118748433813	 0.17753645244364827	 -0.08169561732775545	 
0.10663268430164391	 0.9927148459654915	 -0.05609550105254297	 -0.5113675762956194	 
-0.17090383563814626	 0.07387676325327998	 0.9825141743585115	 0.5030052581482798	 
0.0	 0.0	 0.0	 1.0	 
0	 5	  37
0.9448888059182907	 -0.21785826624128218	 0.24438273318843462	 0.13624887300258667	 
0.249327618032712	 0.9626145751222168	 -0.10587218071055794	 -0.20050230938472002	 
-0.2121812511426054	 0.16096880316576087	 0.9638818190374492	 0.33433065315042293	 
0.0	 0.0	 0.0	 1.0	 
0	 6	  37
0.9505293635347924	 -0.18009614769594404	 0.25309940071684056	 0.366703575145788	 
0.20233166070075595	 0.977188230380092	 -0.0645372875530051	 -0.00048545573102141564	 
-0.23570283862570973	 0.1125546089314242	 0.9652852593260074	 0.30611585305914474	 
0.0	 0.0	 0.0	 1.0	 
0	 10	  37
0.9997853880048864	 -0.01659829675567405	 -0.012396551001395587	 0.7167866645482606	 
0.015786571539791378	 0.997892953569767	 -0.06293200596537339	 -0.18684178527012435	 
0.013414995003304168	 0.06272280096278639	 0.9979408239712634	 0.18657728818700423	 
0.0	 0.0	 0.0	 1.0	 
0	 11	  37
0.9728987226417709	 -0.22784306841358307	 0.03944124310786291	 0.5033588090271748	 
0.22894524994557028	 0.9730897707424699	 -0.02608391465497605	 -0.2253826512345555	 
-0.03243683106240039	 0.03440689251081668	 0.9988813832174356	 0.3747810344607177	 
0.0	 0.0	 0.0	 1.0	 
0	 12	  37
0.9841804257046071	 -0.16449872328577	 -0.06579559025687294	 0.16578500194458493	 
0.16286306460625663	 0.9862066072793866	 -0.029532184909686864	 -0.3401408121004763	 
0.0697460525546578	 0.018349326849591764	 0.9973960047830601	 0.666538039560292	 
0.0	 0.0	 0.0	 1.0	 
0	 13	  37
0.9731035325035305	 -0.14095444588860082	 -0.18221240137100575	 -0.10488320596966438	 
0.13314778683570583	 0.9895992351885295	 -0.05445200248872089	 -0.3511403963940278	 
0.18799250487693514	 0.02872625799709663	 0.9817502840394705	 0.7066819199120183	 
0.0	 0.0	 0.0	 1.0	 
0	 14	  37
0.9785843866078658	 -0.2029665435262145	 -0.03431006406767479	 -0.30078281223378805	 
0.20370548696348437	 0.978836282949556	 0.019585856184163194	 -0.510438416426038	 
0.02960866204806274	 -0.026155561368823386	 0.9992193021260167	 0.9682540969836438	 
0.0	 0.0	 0.0	 1.0	 
0	 15	  37
0.8828013903883752	 -0.4222382285531675	 0.2058557346216863	 -0.052370136243758005	 
0.362973310236986	 0.8913260926076852	 0.27163978481128315	 -0.7804771011583922	 
-0.29818128912451247	 -0.16508384228930043	 0.9401251213700464	 1.0240885343639994	 
0.0	 0.0	 0.0	 1.0	 
0	 19	  37
0.8054681493924387	 -0.37840102465599795	 0.45610714185771106	 0.09781235739598364	 
0.4158061107329925	 0.9092326777239201	 0.02003037783198542	 -0.17908760442546806	 
-0.4222870334161608	 0.17351830536943558	 0.8896994206530073	 0.28265855367620396	 
0.0	 0.0	 0.0	 1.0	 
0	 26	  37
0.8026081452281952	 0.14197051980885406	 -0.5793656330147309	 2.3277490953412228	 
-0.15680165475658608	 0.9873207750538918	 0.02471696204186502	 -0.32744131909209906	 
0.5755288057768719	 0.07100745490571028	 0.8146929084439493	 0.6506361011289066	 
0.0	 0.0	 0.0	 1.0	 
0	 27	  37
0.4145452452309756	 0.2706794945364395	 -0.868841096457741	 2.0983259243490124	 
-0.2413957576547714	 0.9532455915786671	 0.1817991482986565	 -0.5974240767400951	 
0.8774282465493515	 0.13437058224676943	 0.46050430919155905	 1.168435663265886	 
0.0	 0.0	 0.0	 1.0	 
0	 28	  37
0.22303363358712688	 0.35309159973685583	 -0.9086156065598864	 1.5231530405952518	 
-0.31127975402285746	 0.9090922818002732	 0.2768684487380983	 -0.9830532465145417	 
0.9237753585284638	 0.221082666363602	 0.3126684211895531	 1.6198867343928383	 
0.0	 0.0	 0.0	 1.0	 
0	 29	  37
0.20837617982872375	 0.30756105476451534	 -0.9284317773924625	 1.0638507153943717	 
-0.3516650442590367	 0.9093456300323055	 0.22231109236257068	 -1.0870335414495338	 
0.9126396136078455	 0.2801726659281535	 0.2976444404661952	 1.807786354280163	 
0.0	 0.0	 0.0	 1.0	 
0	 31	  37
-0.22780675985870005	 0.5379510248438507	 -0.8116112216031338	 0.06357886031273528	 
-0.4770779652281052	 0.6649575877046746	 0.5746546977514339	 -1.296681812926236	 
0.8488231236579807	 0.5181120548910542	 0.10516274682641905	 1.951536809093911	 
0.0	 0.0	 0.0	 1.0	 
0	 32	  37
-0.989872419907629	 0.12813479137632955	 -0.061107017151541376	 -0.6604653366794409	 
-0.022283026029310777	 0.284871224433377	 0.9583067631196213	 -1.487922322549633	 
0.14020006796428908	 0.9499630838768276	 -0.2791309374004171	 2.3332776403813895	 
0.0	 0.0	 0.0	 1.0	 
0	 37	  37
0.3440300694041093	 -0.6785237806920086	 0.6490368174312046	 -0.2770448168479373	 
0.5126927921828048	 0.714837987149354	 0.47555520496789744	 -1.1371649747632193	 
-0.7866316877609261	 0.16915120798765473	 0.5938000140171052	 1.197083476898278	 
0.0	 0.0	 0.0	 1.0	 
0	 38	  37
0.6401872253411679	 -0.6179484661628593	 0.4563989588911735	 -0.39253984309459433	 
0.459670942442006	 0.7841412432254781	 0.4169234166454063	 -0.8313753212271716	 
-0.6155184328551464	 -0.057115705718925866	 0.7860501605977661	 0.6675672328842469	 
0.0	 0.0	 0.0	 1.0	 
0	 39	  37
0.677466104981703	 -0.4913540715294281	 0.5473672012391446	 -0.38329455544595586	 
0.3235832841992975	 0.8673660051464445	 0.37811383378963365	 -0.6649456138994467	 
-0.6605554744211247	 -0.07904042957722204	 0.7466050332702908	 0.3812183044026633	 
0.0	 0.0	 0.0	 1.0	 
0	 41	  37
0.9625541234734738	 -0.08602335404251714	 -0.25707886327640445	 -0.4707246512256499	 
-0.016832756354057	 0.9275213295531116	 -0.37339100355733346	 -0.24901387601265768	 
0.2705664755614367	 0.36373639601131935	 0.8913414702115899	 0.00048543846102240535	 
0.0	 0.0	 0.0	 1.0	 
1	 2	  37
0.9668556852241785	 0.06137936240900531	 -0.2478359494099849	 -0.1922192015644835	 
-0.059850504286426826	 0.9981132561266892	 0.013705658715989347	 -0.13460576773549526	 
0.24820959104423254	 0.0015817125031962439	 0.9687050619766637	 0.2490844338677584	 
0.0	 0.0	 0.0	 1.0	 
1	 3	  37
0.9476055847498368	 0.04548620771496042	 -0.31618769846189476	 -0.08055187236300014	 
-0.06795877721646511	 0.9958576475809223	 -0.0604081977370054	 -0.5534087445581477	 
0.3121301977543371	 0.07873087489861753	 0.9467714555200405	 0.48512865227479	 
0.0	 0.0	 0.0	 1.0	 
1	 4	  37
0.9736634723356826	 -0.13305854615974805	 0.18513472373673065	 0.1517464517165705	 
0.15329599462487656	 0.983146303914614	 -0.0996176848305725	 -0.3980081112297445	 
-0.16875953505266372	 0.12537451253300091	 0.977650986260394	 0.3797297760649118	 
0.0	 0.0	 0.0	 1.0	 
1	 5	  37
0.9416323740597017	 -0.2556650545831836	 0.21900651129057122	 0.40870070140212594	 
0.2858306997813756	 0.950873830967491	 -0.11891075915869069	 -0.1430813231224894	 
-0.1778462346668563	 0.17456900482670043	 0.9684505043463179	 0.18557817474416194	 
0.0	 0.0	 0.0	 1.0	 
1	 10	  37
0.9985520695137514	 -0.05377649207786003	 0.0013613851782838546	 0.9111518157475991	 
0.053730373010449826	 0.9958288790383695	 -0.07374205509301542	 -0.11900032520606629	 
0.002609882365485029	 0.07370842945676762	 0.9972764190238602	 0.059668155662443705	 
0.0	 0.0	 0.0	 1.0	 
1	 11	  37
0.9647541880853018	 -0.24484807845237586	 0.09643015633113952	 0.6224797524180078	 
0.25195924861921065	 0.9652023250476688	 -0.0700072050421644	 -0.1098434357620288	 
-0.07593348146313071	 0.09183621399400149	 0.992874723312128	 0.2165308717543309	 
0.0	 0.0	 0.0	 1.0	 
1	 12	  37
0.9778125276748305	 -0.20651871716806858	 -0.035109545445843764	 0.34903984991322656	 
0.20467669564068566	 0.9775609095245662	 -0.04982086341195687	 -0.2758756017719284	 
0.04461065997907594	 0.04152935863648651	 0.998140872516236	 0.5165073192728382	 
0.0	 0.0	 0.0	 1.0	 
1	 13	  37
0.9747496003951834	 -0.16443389409184145	 -0.15107849285461716	 0.07295070841836299	 
0.15441896372784547	 0.9850882120760012	 -0.07586829423497761	 -0.3172221423922936	 
0.16130096146845466	 0.05062320518003404	 0.9856060526024852	 0.5412480764405906	 
0.0	 0.0	 0.0	 1.0	 
1	 14	  37
0.9628556099166835	 -0.2686901651418722	 -0.026733305220371935	 -0.09294370416942818	 
0.2684492737433879	 0.9632153899969098	 -0.012292269918486984	 -0.4801421149762884	 
0.02905274304811374	 0.004659144678456115	 0.9995670215109373	 0.8466175188977056	 
0.0	 0.0	 0.0	 1.0	 
1	 26	  37
0.7974033756965859	 0.08698535780569738	 -0.5971443744649242	 2.614978237085627	 
-0.072246357716191	 0.9962000688261842	 0.04864038103726399	 -0.21915013063851813	 
0.5991062678894575	 0.004355502051521505	 0.8006576730272714	 0.5417758506514423	 
0.0	 0.0	 0.0	 1.0	 
1	 27	  37
0.3079735097946887	 0.2645685651203336	 -0.913868585527979	 2.413067425750725	 
-0.3049135652194734	 0.9373363708540647	 0.16860677809412514	 -0.5801293545050188	 
0.9012103167462581	 0.22672450733059096	 0.36934531642598345	 1.2587101426936445	 
0.0	 0.0	 0.0	 1.0	 
1	 28	  37
0.20722869153191179	 0.2405476283032445	 -0.9482579332247406	 1.8356899667554203	 
-0.2593859531606441	 0.9481174234694818	 0.1838267625144298	 -0.8035485926976266	 
0.9432789601750463	 0.20787060838722884	 0.25887180893215744	 1.6081643207077627	 
0.0	 0.0	 0.0	 1.0	 
1	 29	  37
-0.9619603715323062	 0.03074955975639062	 -0.2714529575750028	 0.14357599134010163	 
-0.2710728304640705	 -0.23087570250733275	 0.934460234882118	 -1.6234849232946842	 
-0.03393765144534352	 0.9724972362770677	 0.2304286467604248	 1.1732928984991822	 
0.0	 0.0	 0.0	 1.0	 
1	 31	  37
-0.7462268536860643	 0.2292376124146935	 -0.6249764794711931	 -0.07542667167436282	 
-0.532711882261433	 0.35736670950520866	 0.7671421546459953	 -1.2904154048741843	 
0.3992036239004818	 0.9053944731396528	 -0.14455903525166558	 1.5353176895610763	 
0.0	 0.0	 0.0	 1.0	 
1	 32	  37
-0.679486138416496	 0.5500815501735999	 -0.48549858481611097	 0.4249808465142894	 
-0.38607702464331994	 0.2946214916454397	 0.8741525654616454	 -1.5847251266491864	 
0.6238935155476444	 0.7814144001867538	 0.012182628549540846	 2.2214787710387567	 
0.0	 0.0	 0.0	 1.0	 
1	 40	  37
0.9803900864032473	 -0.10036529003186444	 -0.16959388856634527	 -0.29049108400389884	 
0.031792138289181024	 0.9298704137107492	 -0.3665109461508642	 -0.06149701710932677	 
0.19448531673428668	 0.35393194580628023	 0.9148265624218316	 -0.37599808756403513	 
0.0	 0.0	 0.0	 1.0	 
1	 41	  37
0.9746530313989762	 -0.05286306147361343	 -0.21738667189232588	 -0.35948726066275977	 
-0.04090786091791833	 0.9131900563661445	 -0.405475606996422	 -0.22541782571578192	 
0.2199500290973043	 0.40409085325658334	 0.8878809419142077	 -0.1058873894109003	 
0.0	 0.0	 0.0	 1.0	 
2	 3	  37
0.9968133126520007	 0.022453408918693324	 -0.07654452395615394	 0.1644666805205839	 
-0.03358684997016486	 0.9885028341055055	 -0.14742479599600944	 -0.3125650300845962	 
0.07235428963666152	 0.14952588870597988	 0.9861069239072708	 0.19832429090018916	 
0.0	 0.0	 0.0	 1.0	 
2	 11	  37
0.8697442637658591	 -0.33052140854173434	 0.36647034551512114	 0.612392463275848	 
0.37112179013762164	 0.927529756568081	 -0.044239886593471535	 0.0930580710533183	 
-0.3252899207344598	 0.1744825182542484	 0.9293773820640489	 -0.2134884642638211	 
0.0	 0.0	 0.0	 1.0	 
2	 12	  37
0.9380776945277212	 -0.2611440422082115	 0.2276269497416977	 0.568768115689404	 
0.2816992356581074	 0.9574672660871472	 -0.062465790647684274	 -0.09155909786790997	 
-0.20163278418747166	 0.12272010263505381	 0.971742762643514	 0.14870920027138365	 
0.0	 0.0	 0.0	 1.0	 
2	 13	  37
0.9656052040210069	 -0.2288644985448726	 0.12340028878958922	 0.2882763572028299	 
0.23917511889665075	 0.9679751311545834	 -0.07628504418980094	 -0.20702081361725666	 
-0.10198947234064375	 0.10317551440177526	 0.9894205176564744	 0.23582582529394433	 
0.0	 0.0	 0.0	 1.0	 
2	 14	  37
0.9154273710910913	 -0.331797213611889	 0.22782303943333115	 0.25808037940402223	 
0.34035163968760207	 0.9402964182842002	 0.001845839609631824	 -0.376567638043445	 
-0.21483363242103162	 0.07585021292844647	 0.9737008039328581	 0.5371071762183073	 
0.0	 0.0	 0.0	 1.0	 
2	 26	  37
-0.9095381651370249	 0.19537533532744442	 -0.366836209369879	 0.6201727001907968	 
-0.09793700113298957	 0.7570190781972788	 0.6460111911216541	 -1.4232389037674877	 
0.4039166621572448	 0.6234986716834527	 -0.6694032689199538	 2.863479005014704	 
0.0	 0.0	 0.0	 1.0	 
2	 27	  37
0.5489637752694968	 0.2322482670032618	 -0.8029318251980315	 2.7599412986359515	 
-0.2892755362024453	 0.9540478832054454	 0.07818120430126295	 -0.14079783560396278	 
0.7841928573996629	 0.18934988519983179	 0.5909214697217913	 0.3266557126609258	 
0.0	 0.0	 0.0	 1.0	 
2	 28	  37
0.47819598882303377	 0.2443725805213495	 -0.8435701738224847	 2.320903043034071	 
-0.2982440542062045	 0.9486148986327302	 0.10573674017417521	 -0.47727556303157315	 
0.8260623949824895	 0.20102690362573658	 0.5265065086154598	 0.7560295987499857	 
0.0	 0.0	 0.0	 1.0	 
2	 29	  37
0.5472695359488836	 0.3256829336503488	 -0.7709907144390235	 1.860836259064726	 
-0.3267386173442504	 0.9312242371093907	 0.1614413087038168	 -0.9402067038190982	 
0.7705439189029144	 0.16356052992374373	 0.6160438475407434	 0.9028566715087338	 
0.0	 0.0	 0.0	 1.0	 
2	 30	  37
0.5570830394120123	 0.3112029725003574	 -0.769942333624029	 1.2144261078456309	 
-0.26996285751770427	 0.9446392651433506	 0.1864851584183213	 -0.9270840989805968	 
0.7853524958643409	 0.10396811365208324	 0.6102557566981881	 0.8671533734467026	 
0.0	 0.0	 0.0	 1.0	 
2	 31	  37
-0.06214856708262704	 0.6292283658266518	 -0.7747317079148728	 0.7909189077205951	 
-0.5902982909690798	 0.6027396833667712	 0.5368917970819692	 -1.1241966143237947	 
0.8047890924264305	 0.49068985900876666	 0.33397302133165885	 1.280571413444398	 
0.0	 0.0	 0.0	 1.0	 
2	 40	  37
0.9936741582400204	 -0.07597964204187382	 0.08269680308922209	 -0.2682144311219287	 
0.1044478372419632	 0.8958139033409513	 -0.4319815966873192	 0.20635663403075286	 
-0.0412591388841941	 0.4378864516929453	 0.8980830356277184	 -0.5503288418650063	 
0.0	 0.0	 0.0	 1.0	 
2	 41	  37
0.9918715806549713	 -0.11972327776716306	 0.04309413242769347	 -0.2075833169067109	 
0.12609761763143398	 0.8795160517620064	 -0.45885826299702687	 0.0054634965151162534	 
0.017034034069637518	 0.46056253804848124	 0.8874637965740663	 -0.29653899676032447	 
0.0	 0.0	 0.0	 1.0	 
2	 42	  37
0.9898504356375726	 -0.10214394291809875	 0.09880652809025856	 -0.02229959511734523	 
0.1334529758981581	 0.9070980215085689	 -0.39920356035381865	 -0.3125229114795902	 
-0.04885098046132184	 0.4083378433361077	 0.9115227849086291	 0.09641256154914565	 
0.0	 0.0	 0.0	 1.0	 
3	 4	  37
0.8471600425490818	 -0.2130029466034019	 0.48677469844529286	 0.1914667702935677	 
0.20214198017688637	 0.9764437066995715	 0.07547388619229717	 0.012997874896021257	 
-0.4913842510280571	 0.03445914080572737	 0.8702609295243159	 -0.16129776346946467	 
0.0	 0.0	 0.0	 1.0	 
3	 5	  37
0.7861418962834367	 -0.2606166027294771	 0.560410479282488	 0.2690792444040366	 
0.3110613790440057	 0.9503732588051977	 0.005611364827766009	 0.32849252766119613	 
-0.534061548302369	 0.16991072752988504	 0.8281959957009823	 -0.39564243414484657	 
0.0	 0.0	 0.0	 1.0	 
3	 10	  37
0.9371916714439409	 -0.16825472904078273	 0.30555215124676366	 0.7991276072312964	 
0.1638797320170014	 0.9856645183068649	 0.04011098085229518	 0.4243224120022149	 
-0.3079207761911302	 0.012482127475319524	 0.9513301173007939	 -0.7514730986442889	 
0.0	 0.0	 0.0	 1.0	 
3	 11	  37
0.8634386472972634	 -0.3534825775854743	 0.3598941090056928	 0.6418324131173915	 
0.344739337726459	 0.9343168185639857	 0.09059178534721121	 0.34258736966795833	 
-0.3682777367387214	 0.04584920819383667	 0.9285845996626275	 -0.5104031704478836	 
0.0	 0.0	 0.0	 1.0	 
3	 12	  37
0.9282036491623052	 -0.2666078640075296	 0.25953464610938415	 0.45447959603134563	 
0.25583918530089583	 0.9637994734489626	 0.07507919980977858	 0.22770688876607925	 
-0.27015606035466677	 -0.003289654821641634	 0.9628109270385331	 -0.12760026265393903	 
0.0	 0.0	 0.0	 1.0	 
3	 13	  37
0.9584496311568662	 -0.2310502000399396	 0.16730244946434697	 0.19122620876790655	 
0.22425500053209335	 0.9727614035017678	 0.058693667406469106	 0.11934669702009189	 
-0.17630654914556404	 -0.018736512983326688	 0.9841569711228021	 0.010020927764500018	 
0.0	 0.0	 0.0	 1.0	 
3	 14	  37
0.8951487059702337	 -0.3389578688280374	 0.2895105479241987	 0.11232987201631987	 
0.31424045144113105	 0.9404710554144465	 0.12948796316920816	 0.021871949618243028	 
-0.3161672545946046	 -0.024935057392968852	 0.9483757219767481	 0.3291654177836694	 
0.0	 0.0	 0.0	 1.0	 
3	 26	  37
0.9671202321123279	 0.030174683986714242	 -0.25252315752282856	 2.4319207120745525	 
-0.01477053097343972	 0.9979246119111678	 0.06267615461008921	 0.45943799759721726	 
0.253890307128413	 -0.0568854760747156	 0.9655587784065726	 -0.9488328820276759	 
0.0	 0.0	 0.0	 1.0	 
3	 27	  37
0.5442867078574903	 0.2579360812680757	 -0.7982612088970151	 2.72308700501827	 
-0.17590224082936406	 0.965495024706912	 0.19203582722348278	 0.06634430169731527	 
0.8202501943436911	 0.035893387221982494	 0.5708776431363108	 0.10553304486337743	 
0.0	 0.0	 0.0	 1.0	 
3	 28	  37
0.46690788026951957	 0.30620676232555516	 -0.8295989694113205	 2.3254331849839565	 
-0.21701695315241273	 0.9491236657262212	 0.2281839372148365	 -0.263273145816507	 
0.8572634795596202	 0.07349616224349392	 0.5096053774724227	 0.6004985328128493	 
0.0	 0.0	 0.0	 1.0	 
3	 29	  37
0.5586567616908195	 0.2453243056415815	 -0.7922869478153743	 1.7973657637988611	 
-0.17564218010959892	 0.9685821407617097	 0.17606379856123128	 -0.3505110492227256	 
0.8105877171432304	 0.04079977523146978	 0.5841942580662598	 0.773107243386327	 
0.0	 0.0	 0.0	 1.0	 
3	 30	  37
0.3329845662890346	 0.30343006488973756	 -0.8927773934942094	 1.389436156488408	 
-0.25579513383351465	 0.9403736737172529	 0.2242012562110497	 -0.5089424778210744	 
0.9075737590523422	 0.15371255479149457	 0.390745853949948	 1.24289502929363	 
0.0	 0.0	 0.0	 1.0	 
3	 40	  37
0.9867603601807896	 -0.05623916992617597	 0.1521221461257134	 -0.48296807469179864	 
0.09884837992180248	 0.952156537628044	 -0.28918320428235417	 0.37751681466736	 
-0.12858067258617528	 0.30039155051064487	 0.9451094788536919	 -0.7923060344531848	 
0.0	 0.0	 0.0	 1.0	 
3	 41	  37
0.989247716185808	 -0.09274641669444197	 0.1130798753603161	 -0.4222339205191491	 
0.126962843296889	 0.9283889641003664	 -0.34924828955718346	 0.3083405944718347	 
-0.07259058095327046	 0.35985001532164657	 0.9301820112375195	 -0.4983311189231757	 
0.0	 0.0	 0.0	 1.0	 
3	 42	  37
0.9766031391573462	 -0.09039869054471948	 0.19512658797769283	 -0.24640067616671285	 
0.14597836785634244	 0.9449531443585025	 -0.29283761897163385	 0.06904716002614864	 
-0.15791334556019787	 0.31447039878942157	 0.9360404604391885	 -0.07854550141124327	 
0.0	 0.0	 0.0	 1.0	 
3	 43	  37
0.9873802650023633	 -0.1093135287925145	 0.11458954885499423	 -0.10735620265194544	 
0.13967356510930615	 0.9421285292310585	 -0.30477061803687544	 -0.09368915584650662	 
-0.07464253139811967	 0.31692962441502853	 0.9455073271395785	 0.3293089333849735	 
0.0	 0.0	 0.0	 1.0	 
3	 44	  37
0.9208610447368489	 -0.13248945232447798	 0.3666898980186384	 -0.06573028145862689	 
0.20017541142595627	 0.9677332654783071	 -0.15304290753622632	 -0.3555875771262963	 
-0.3345814414258637	 0.2143335529249974	 0.917668996503608	 0.6548134302631186	 
0.0	 0.0	 0.0	 1.0	 
3	 45	  37
0.8579235246268363	 -0.1301668306480462	 0.4970149113365794	 0.12456066671942165	 
0.23178898223598354	 0.9613927000704914	 -0.14831703868799706	 -0.34400655051460105	 
-0.4585205487280497	 0.24244725704823494	 0.8549726509917814	 0.889883171473062	 
0.0	 0.0	 0.0	 1.0	 
4	 5	  37
0.9860099644879011	 -0.14528433069696267	 0.08171176894733645	 0.20901009134681883	 
0.14854381527710747	 0.9882754521548911	 -0.03530390362220726	 0.22141055448861513	 
-0.07562463139406249	 0.046947778669295726	 0.9960305322652164	 -0.16263737933891548	 
0.0	 0.0	 0.0	 1.0	 
4	 6	  37
0.9952193546962188	 -0.06851935521857085	 0.0695955027172932	 0.5533874158298472	 
0.06891682990861951	 0.9976168729260906	 -0.003323463331277877	 0.42692587194143083	 
-0.06920192622599357	 0.008103876455083136	 0.9975697572566107	 -0.15154758267844756	 
0.0	 0.0	 0.0	 1.0	 
4	 7	  37
0.9992529130816924	 0.0013234331984057768	 -0.03862465821623769	 1.1030692484997227	 
-0.0002998790239914565	 0.9996489329492433	 0.02649379032925334	 0.48700918458487175	 
0.03864616113306464	 -0.02646241444027464	 0.9989025051783922	 -0.27416971991276834	 
0.0	 0.0	 0.0	 1.0	 
4	 9	  37
0.9880535620487757	 0.1146316235833018	 0.10300363778712639	 1.3607337386053646	 
-0.11687969988940204	 0.9930165224711607	 0.016041254721672515	 0.2349377863093955	 
-0.10044547912419265	 -0.0278886531395561	 0.9945516219631702	 -0.274898141750448	 
0.0	 0.0	 0.0	 1.0	 
4	 10	  37
0.9803542646768104	 0.06699638349697681	 -0.1855181940627837	 0.8631877092697915	 
-0.06389033580692863	 0.9976992326474097	 0.022677437360701644	 0.2130475009903296	 
0.18661066614871868	 -0.010379102711538888	 0.9823791190301401	 -0.2002669070539854	 
0.0	 0.0	 0.0	 1.0	 
4	 11	  37
0.9847278435819673	 -0.12127688788562556	 -0.12491193113224171	 0.60730868510765	 
0.12868632867787091	 0.9902662279354251	 0.053034202378800806	 0.19714437370834567	 
0.11726424385045713	 -0.06829871357003724	 0.9907494046623788	 -0.05166989679647812	 
0.0	 0.0	 0.0	 1.0	 
4	 12	  37
0.9713753897448265	 -0.052548694764690665	 -0.23166459996428868	 0.2349106556410424	 
0.07154041685787534	 0.9946627452233733	 0.0743504675204095	 0.10563399020964365	 
0.22652112694821172	 -0.08879559641800615	 0.9699502673348167	 0.17134447374172654	 
0.0	 0.0	 0.0	 1.0	 
4	 13	  37
0.9339526220174426	 -0.0004343281648002011	 -0.3573965741103145	 0.0009640495012742045	 
0.023488801796121398	 0.99791183519124	 0.060168474930279	 0.11059096025903688	 
0.3566241382981905	 -0.06458932221581515	 0.9320125768672732	 0.1799985475546767	 
0.0	 0.0	 0.0	 1.0	 
4	 14	  37
0.9665194729335249	 -0.11566153523866664	 -0.22904697707355445	 -0.24039731629747027	 
0.1403317798765004	 0.9855869978543446	 0.09447360063611834	 0.05036060082502758	 
0.2148187608124397	 -0.12345314466101726	 0.9688200147996082	 0.3964642981029849	 
0.0	 0.0	 0.0	 1.0	 
4	 15	  37
0.9534744278480014	 -0.28698225153090634	 0.09234556159435801	 -0.1064617012124843	 
0.2557446652986406	 0.9321562678837256	 0.2562798439526035	 -0.10045817497810788	 
-0.1596282606909308	 -0.220739392839919	 0.9621813440497852	 0.5372371839387197	 
0.0	 0.0	 0.0	 1.0	 
4	 18	  37
0.7451599017802586	 -0.3671560590763093	 0.5567163991318987	 0.056249396876467	 
0.32760439058131463	 0.9286621301165751	 0.17395979811206141	 -0.01227185639804644	 
-0.5808718310011937	 0.05275487058933236	 0.8122837186466455	 0.13173785725197276	 
0.0	 0.0	 0.0	 1.0	 
4	 19	  37
0.9020200301679424	 -0.3427655118021421	 0.26243412334305805	 0.3185096167076349	 
0.34088394341749473	 0.9385433951316609	 0.05417040312636735	 0.2905610222131374	 
-0.2648735590729324	 0.04059679019023968	 0.9634282009212138	 -0.2170339935711063	 
0.0	 0.0	 0.0	 1.0	 
4	 20	  37
0.9082211590546486	 -0.310200434582237	 0.2809092676121982	 0.45932486425015023	 
0.2818799527722118	 0.9495835724479453	 0.13723968508465167	 0.3483574791119193	 
-0.309318635828115	 -0.04546129476807422	 0.9498711766378871	 -0.911917041130836	 
0.0	 0.0	 0.0	 1.0	 
4	 25	  37
0.8112304154351705	 0.27188031590999595	 -0.5176739387815079	 2.5962915882149806	 
-0.16944094012073457	 0.9566441612472705	 0.23690022491020754	 -0.31847606094370884	 
0.5596382589529431	 -0.10446550900745073	 0.8221264966803656	 0.3559021616154698	 
0.0	 0.0	 0.0	 1.0	 
4	 26	  37
0.6252586154131353	 0.22641679635146994	 -0.746851456570573	 2.450443467449855	 
-0.1506587349479776	 0.974007076717612	 0.16915129348570473	 -0.06014017495671881	 
0.765737297926335	 0.0067563920807644905	 0.6431179843003358	 0.7164258468276669	 
0.0	 0.0	 0.0	 1.0	 
4	 27	  37
0.13489247272107915	 0.3820527574065388	 -0.9142426982816176	 1.975162516036055	 
-0.28138867947238694	 0.8994586244612011	 0.3343569857908604	 -0.36629126663631534	 
0.950065488199618	 0.21215530500184102	 0.22883551885928236	 1.1484706944915353	 
0.0	 0.0	 0.0	 1.0	 
4	 37	  37
0.5482412032006617	 -0.6032596555112874	 0.5792317076485817	 -0.3343785859104226	 
0.3995780525209041	 0.7973742598334997	 0.4522517768882502	 -0.5259258775812548	 
-0.7346897052883563	 -0.01649478061027432	 0.6782027419259873	 0.6607643796782193	 
0.0	 0.0	 0.0	 1.0	 
4	 38	  37
0.769878938405512	 -0.5119446733735888	 0.3810499594594011	 -0.4627026186124305	 
0.2891838286647674	 0.8121088475099595	 0.5068056166172902	 -0.3928110271656302	 
-0.5689104792833296	 -0.2799854839102465	 0.7732716181013994	 0.21676040014862996	 
0.0	 0.0	 0.0	 1.0	 
4	 39	  37
0.8136914959839991	 -0.3972997386018152	 0.42433367421199314	 -0.25089805369950524	 
0.23813147788180836	 0.8937384993418068	 0.38016429873948004	 -0.14621208914915476	 
-0.5302825177253597	 -0.2082892520059157	 0.8218369904632364	 -0.1940106069060282	 
0.0	 0.0	 0.0	 1.0	 
4	 41	  37
0.8934091850803775	 -0.05323644861506752	 -0.44607836593234623	 -0.2532487397712607	 
-0.07764222243359199	 0.9597141446053896	 -0.2700378601972648	 0.1764748178199488	 
0.4424835740562463	 0.27588882033021983	 0.8532840356570671	 -0.5814774898236698	 
0.0	 0.0	 0.0	 1.0	 
5	 6	  37
0.9963524716776572	 0.08437660828926646	 0.012741277621243633	 0.31748332258517076	 
-0.08480097226852402	 0.9956890466883407	 0.03757815066199729	 0.15329764636480406	 
-0.00951563366964527	 -0.038521556023381476	 0.9992124611099493	 0.020317002267648127	 
0.0	 0.0	 0.0	 1.0	 
5	 7	  37
0.992256088089706	 0.11563222681854998	 -0.04535464441375155	 0.7634550604654868	 
-0.11186035842346345	 0.9906287221951883	 0.0783708809144274	 0.17180094662006146	 
0.05399181291907851	 -0.07269059693600281	 0.995892042971927	 -0.1016628362170224	 
0.0	 0.0	 0.0	 1.0	 
5	 8	  37
0.970098179804411	 0.19800637104526642	 0.14036737001757654	 1.0471404204290218	 
-0.2227340081837612	 0.9560402169512419	 0.19072667660874748	 0.10252280386123025	 
-0.09643175378765693	 -0.21628818876051847	 0.9715556269530472	 -0.09063493317981021	 
0.0	 0.0	 0.0	 1.0	 
5	 9	  37
0.9703634820004716	 0.24116663438408828	 0.015276362779570105	 1.1535202199335743	 
-0.24162690707680845	 0.9692036712850992	 0.04754662284518546	 -0.1347919154605162	 
-0.0033392478819395024	 -0.049828686791228254	 0.9987521971921994	 -0.025057414455958164	 
0.0	 0.0	 0.0	 1.0	 
5	 10	  37
0.9468200008841547	 0.20853932337368478	 -0.24503721458703603	 0.6299057410975069	 
-0.1931299202301408	 0.9774325577319343	 0.08559456172857872	 -0.06966414719874525	 
0.2573571833806603	 -0.03371862530492147	 0.96572787806396	 0.004714692918128531	 
0.0	 0.0	 0.0	 1.0	 
5	 11	  37
0.9845322011905759	 0.024830663220407365	 -0.1734352414674525	 0.3225718087410696	 
-0.00406674240844786	 0.992878189845908	 0.1190645276079159	 -0.08067780243585287	 
0.17515651979022187	 -0.11651754499794292	 0.9776215296742549	 0.12935882846269295	 
0.0	 0.0	 0.0	 1.0	 
5	 12	  37
0.9471233441682253	 0.09799076844339877	 -0.3055407996184304	 0.006856742404382357	 
-0.04884390454908162	 0.9851594242066406	 0.16454537941018196	 -0.11208178252850269	 
0.31713032639594346	 -0.1409209643619883	 0.9378537401339772	 0.3577270051689973	 
0.0	 0.0	 0.0	 1.0	 
5	 15	  37
0.9836480091493175	 -0.17263185791239438	 0.051330650982614495	 -0.4174353272701878	 
0.14790480862898797	 0.9369229250251403	 0.31670112116435106	 -0.2932235282784219	 
-0.1027655666116158	 -0.3039303772182861	 0.9471354518351341	 0.6828641199321923	 
0.0	 0.0	 0.0	 1.0	 
5	 16	  37
0.8593454882302941	 -0.3135125557375827	 0.4040237731286691	 -0.34306340328977647	 
0.21433333254344802	 0.9381050339986171	 0.27206647670610284	 -0.21587829681412818	 
-0.46431299186977004	 -0.1472033375346564	 0.8733525193182878	 0.6124227077623706	 
0.0	 0.0	 0.0	 1.0	 
5	 17	  37
0.6313075965492223	 -0.290387864758535	 0.7191144599715841	 -0.3529007941025526	 
0.23942384198177347	 0.9549355132671661	 0.17542630758202044	 -0.20417440368274098	 
-0.7376496068120222	 0.06142518621993534	 0.6723838219855645	 0.5215798594482478	 
0.0	 0.0	 0.0	 1.0	 
5	 18	  37
0.8252509470725284	 -0.21330863280809406	 0.5229343185577282	 -0.23447880610125638	 
0.18688691658917247	 0.9769078393455418	 0.10355845611545728	 -0.15223691669372455	 
-0.5329485479515685	 0.01226786838726351	 0.8460587122898429	 0.27486554625009224	 
0.0	 0.0	 0.0	 1.0	 
5	 19	  37
0.9581198597213284	 -0.15936941899127532	 0.2379237749741805	 0.010226329194542442	 
0.15205002842315818	 0.9871610021655383	 0.04892795376926979	 0.05371175084353472	 
-0.24266669170716004	 -0.010702527454494489	 0.9700506856046173	 -0.0477155232339707	 
0.0	 0.0	 0.0	 1.0	 
5	 20	  37
0.9614158347714771	 -0.06513988642243482	 0.2672758646932734	 0.24572549055800472	 
0.02730684338141416	 0.9893604306250284	 0.14289952630433048	 -0.020510878940892062	 
-0.27374062350189754	 -0.1300874071935154	 0.9529655489756496	 -0.723179079414353	 
0.0	 0.0	 0.0	 1.0	 
5	 21	  37
0.8218218989954302	 -0.20357729014198858	 0.5321325523494969	 0.10662347505668486	 
0.09911455106551824	 0.970827250215204	 0.21833633689028287	 -0.08488851537564934	 
-0.5610571023511117	 -0.12669150396940948	 0.8180245660879283	 -0.511120689384754	 
0.0	 0.0	 0.0	 1.0	 
5	 25	  37
0.8350955456269823	 0.27921214558569835	 -0.4739789103234474	 2.1949591082359476	 
-0.1641796514597	 0.9488495526973372	 0.26968420122920406	 -0.4260106415561311	 
0.5250337815041457	 -0.14739438287632706	 0.8382209876732765	 0.48819890490689594	 
0.0	 0.0	 0.0	 1.0	 
5	 26	  37
0.5697776858658569	 0.3624742918726565	 -0.7375403557913047	 1.9882460122717942	 
-0.22890448888199078	 0.9319539633247141	 0.28118418378890175	 -0.5243592754300784	 
0.7892756955963	 0.00861382463093039	 0.6139785650706411	 0.9130173708454025	 
0.0	 0.0	 0.0	 1.0	 
5	 36	  37
0.4674328221239385	 -0.5418772527858943	 0.6984809229423972	 -0.4435205315694742	 
0.4290317039586743	 0.8298775657421372	 0.35670018625762234	 -0.7768526152542273	 
-0.7729413650462548	 0.13293708583806935	 0.620394533671369	 1.2687493419570894	 
0.0	 0.0	 0.0	 1.0	 
5	 37	  37
0.6678528860210337	 -0.4898121606751107	 0.5604075034188571	 -0.6996083554747842	 
0.30283675369834984	 0.866622609270957	 0.39655409934817715	 -0.6164461029330874	 
-0.6798988330941749	 -0.09512781062958771	 0.7271095353535122	 0.7462657378849896	 
0.0	 0.0	 0.0	 1.0	 
5	 38	  37
0.8459711565290874	 -0.36726192884503284	 0.3865895471192464	 -0.7582011623458722	 
0.16431087973172986	 0.8692632222228819	 0.4662439118020509	 -0.4541349645413657	 
-0.5072817137672351	 -0.33090803270957236	 0.7957167440525917	 0.30373320211843585	 
0.0	 0.0	 0.0	 1.0	 
5	 39	  37
0.8732688883599856	 -0.22178139260829313	 0.43383690773750605	 -0.5763148834655817	 
0.056850240610398624	 0.9306967226402275	 0.3613470085793968	 -0.3080761073684055	 
-0.483910630969247	 -0.29088936790378783	 0.8253568179130045	 -0.031384227433072794	 
0.0	 0.0	 0.0	 1.0	 
6	 7	  37
0.9971381040140578	 0.019561764476612103	 -0.07302697374129413	 0.4632952384597637	 
-0.017531841794536766	 0.9994447209864398	 0.028335211586086876	 0.08101507839581562	 
0.07354071013079416	 -0.026973821807421555	 0.9969273679113041	 -0.12005231487231746	 
0.0	 0.0	 0.0	 1.0	 
6	 8	  37
0.99416310734513	 0.08026610270277354	 0.07209069808777523	 0.7712553877328989	 
-0.09027661157354558	 0.9847844192604501	 0.14849168658432285	 0.05514421902347995	 
-0.059074947284564576	 -0.15413306049892567	 0.986282490093259	 -0.09262047487039972	 
0.0	 0.0	 0.0	 1.0	 
6	 9	  37
0.9801054987741494	 0.19512583297795424	 0.03631969957660558	 0.7830998118111447	 
-0.196284804221881	 0.9800360416464496	 0.031648581414279425	 -0.27878794235939525	 
-0.029419158795812972	 -0.03814795379332816	 0.9988389493392458	 -0.06746394230728411	 
0.0	 0.0	 0.0	 1.0	 
6	 10	  37
0.9568439517075885	 0.13310052072360992	 -0.25832906043205783	 0.2985646474447916	 
-0.12748242592326067	 0.9910950086516277	 0.03845666270687615	 -0.2275769571095537	 
0.2611472442154545	 -0.003864609803577137	 0.965291241869385	 -0.02372805591512804	 
0.0	 0.0	 0.0	 1.0	 
6	 11	  37
0.9840921106645059	 -0.04811095681886012	 -0.1710206232062443	 -0.03456985231904138	 
0.06191144471999708	 0.995161141207427	 0.07629728726117872	 -0.2450540406250457	 
0.16652234306711275	 -0.08567169231844225	 0.9823088467456321	 0.10770507306641702	 
0.0	 0.0	 0.0	 1.0	 
6	 12	  37
0.9611964003842585	 0.008975532461814215	 -0.27571891430471496	 -0.398255844424874	 
0.004903129952894345	 0.9987568413999901	 0.04960575645408015	 -0.21914823035415862	 
0.27582139004255785	 -0.049032760209306823	 0.9599574726107651	 0.3162792039565961	 
0.0	 0.0	 0.0	 1.0	 
6	 15	  37
0.9730887236153877	 -0.23043027912312225	 0.0004716310164568216	 -0.6507612497990618	 
0.22143734040085145	 0.9356745679740749	 0.27473370219673804	 -0.4992665148233896	 
-0.06374825682928952	 -0.2672358308868191	 0.9615202392261216	 0.6356055417429731	 
0.0	 0.0	 0.0	 1.0	 
6	 16	  37
0.8127371179678807	 -0.4064035062341689	 0.4174860083857142	 -0.7006297097200063	 
0.314507188335872	 0.909208709104671	 0.2728090023684735	 -0.44939118016884305	 
-0.49045244984843067	 -0.0904196516736887	 0.8667644899445762	 0.6259639571384258	 
0.0	 0.0	 0.0	 1.0	 
6	 17	  37
0.6363042015104876	 -0.4139345596258079	 0.6509801406244968	 -0.5230635881464633	 
0.34866971689123866	 0.9070579977412694	 0.23595596465566224	 -0.4647448618536725	 
-0.6881470712450102	 0.07683728965150399	 0.7214912606926898	 0.3772342512899857	 
0.0	 0.0	 0.0	 1.0	 
6	 18	  37
0.7936219961335792	 -0.3003693017541346	 0.5290958418062696	 -0.579210342118511	 
0.2728165132554182	 0.9529946263550705	 0.13180437107135948	 -0.3822356010823564	 
-0.5438154809750346	 0.03974323467074354	 0.8382632032660133	 0.26194380584540833	 
0.0	 0.0	 0.0	 1.0	 
6	 19	  37
0.9385936067443121	 -0.2530453987766196	 0.23454225106936244	 -0.3206282568496249	 
0.2504001043113036	 0.9672523319085956	 0.04150559213251699	 -0.13880737749671496	 
-0.2373643383905649	 0.019772520713458988	 0.9712194490870975	 -0.07019160061866705	 
0.0	 0.0	 0.0	 1.0	 
6	 20	  37
0.9636602051528262	 -0.11362295519313304	 0.24176193467539836	 -0.00035163180553088444	 
0.07924004316991705	 0.9858835736293005	 0.14749438906734333	 -0.21271086540884881	 
-0.2551078684855526	 -0.12297724708700548	 0.9590602546950111	 -0.7531945224397066	 
0.0	 0.0	 0.0	 1.0	 
6	 21	  37
0.7676467962981471	 -0.27935158276108624	 0.5767851327332104	 -0.1989883263524738	 
0.15289479411397022	 0.9538402047832156	 0.25848026166800586	 -0.284721974712526	 
-0.6223677193316166	 -0.11023410065850825	 0.7749237801138719	 -0.49206302595910245	 
0.0	 0.0	 0.0	 1.0	 
6	 24	  37
0.9991178174991593	 -0.02085458141259608	 0.036450969669165986	 1.561892228158696	 
0.015981323873351324	 0.9914883913976574	 0.1292105530169325	 -0.31792227288339386	 
-0.03883534527942434	 -0.12851403097635622	 0.990947001508777	 -0.09182368413978607	 
0.0	 0.0	 0.0	 1.0	 
6	 25	  37
0.8367896160066878	 0.15296281067296336	 -0.5257238030509999	 1.934296202237574	 
-0.02390339631301605	 0.9694735685422391	 0.24402792369456258	 -0.5256015042922839	 
0.5470025285024586	 -0.1916334481477684	 0.8149017458337625	 0.45526971138171757	 
0.0	 0.0	 0.0	 1.0	 
6	 26	  37
0.5885880359987602	 0.3045133121716657	 -0.7488896891995257	 1.7205491184731025	 
-0.17934954085094126	 0.9524483056984164	 0.2463249219400494	 -0.6316834265195114	 
0.788287933483494	 -0.010670880116302794	 0.6152140003623657	 0.8975633714805362	 
0.0	 0.0	 0.0	 1.0	 
6	 35	  37
-0.2554040546506511	 -0.6204098714649695	 0.7415256976375308	 -0.7686000470824847	 
0.4860089767894483	 0.5806330017305331	 0.6531926146103184	 -1.1451798032734306	 
-0.8358014377518626	 0.5272161878112337	 0.15322874391480631	 1.5425436312501473	 
0.0	 0.0	 0.0	 1.0	 
6	 36	  37
0.43094359756750966	 -0.5770027839413628	 0.6937978113539197	 -0.7678410661423887	 
0.4773194495956606	 0.798244253955251	 0.3673857020423107	 -0.9969689073274586	 
-0.7658026891786606	 0.17284067331314878	 0.6194129017831234	 1.2474871902832696	 
0.0	 0.0	 0.0	 1.0	 
6	 37	  37
0.6452751868229686	 -0.542503761741815	 0.5378750800758137	 -1.0004356049378709	 
0.35602514743051683	 0.8364886749682247	 0.4165726719877125	 -0.8749599203783373	 
-0.6759186546232184	 -0.07730695405902177	 0.7329103677711583	 0.7081392297552186	 
0.0	 0.0	 0.0	 1.0	 
6	 38	  37
0.8356122387862129	 -0.4204001819439768	 0.3535758382754163	 -1.0673282160458712	 
0.2417563038224209	 0.8594204306065519	 0.4505001809302293	 -0.6655954893080444	 
-0.49326065721159384	 -0.2909642769783239	 0.8197766241908013	 0.2355465368202591	 
0.0	 0.0	 0.0	 1.0	 
6	 39	  37
0.8636147710318504	 -0.29749282503219276	 0.4070227835268801	 -0.8721896510232826	 
0.14370864690600588	 0.9191098144878852	 0.3668582474423738	 -0.5254925919332595	 
-0.4832363314777245	 -0.2583315078855272	 0.8365091033417031	 -0.0773558351528386	 
0.0	 0.0	 0.0	 1.0	 
6	 53	  37
0.8182245202708873	 -0.4315496357996802	 0.37983357706848186	 -0.5808049811432122	 
0.3851881903957449	 0.9019914220322116	 0.19504238657265982	 -0.9004316267682542	 
-0.42677709920651336	 -0.01328105498335201	 0.9042593218603845	 1.339332929435113	 
0.0	 0.0	 0.0	 1.0	 
6	 54	  37
0.42532172424102704	 -0.2522600235019039	 0.8691756505053848	 -0.8265202653928178	 
0.18515883879745493	 0.9643105278835853	 0.18926544911330045	 -0.5858603600461807	 
-0.8858993370038257	 0.08043684700247823	 0.4568503894498528	 1.491520115101264	 
0.0	 0.0	 0.0	 1.0	 
6	 59	  37
0.6551344303777986	 -0.4051221916492068	 0.6377106616380976	 -0.8590705075484586	 
0.2384076019093409	 0.911804741424895	 0.33432608164323313	 -0.19571210928564475	 
-0.7169105198596232	 -0.066993457504623	 0.693938890080518	 0.4418763452787115	 
0.0	 0.0	 0.0	 1.0	 
7	 8	  37
0.9895561514210381	 0.04321228797512085	 0.1375184400461938	 0.32468612993156226	 
-0.06044988608743718	 0.9904703222339134	 0.12375116987674786	 -0.0033670486697147555	 
-0.1308603624356866	 -0.13077170543279915	 0.9827381780522204	 -0.013193550248079236	 
0.0	 0.0	 0.0	 1.0	 
7	 9	  37
0.9744960718932254	 0.1909359901717619	 0.11790188090866605	 0.3294150736475317	 
-0.190536809594288	 0.9815691759909199	 -0.014753878613295562	 -0.33295847581312493	 
-0.1185458985132024	 -0.008087051479657286	 0.9929156406986763	 0.007784602834968414	 
0.0	 0.0	 0.0	 1.0	 
7	 10	  37
0.9779138073732269	 0.11537616491202136	 -0.17427830019538404	 -0.18580884683550047	 
-0.11713623935634668	 0.9931158372086388	 0.00018792242144174653	 -0.2965418254560849	 
0.1731002217741239	 0.02023053275566095	 0.9846964195965022	 0.10710433536733957	 
0.0	 0.0	 0.0	 1.0	 
7	 11	  37
0.9912879916019204	 -0.0403517015058005	 -0.12537885743385038	 -0.3754491461495976	 
0.04419603263390187	 0.9986295251518736	 0.028031806833782525	 -0.2777961591926896	 
0.12407589776122584	 -0.03332884157198106	 0.9917128414587641	 0.2514620162380557	 
0.0	 0.0	 0.0	 1.0	 
7	 15	  37
0.9742392827011649	 -0.1979386920976612	 0.10806523128456516	 -1.1067772620137513	 
0.17222836245649037	 0.9623930983218413	 0.21008787558553224	 -0.5380143126410768	 
