0	 1	  37
0.835607391166345	 -0.3040375078901278	 0.4575166462809142	 -0.18563764714636136	 
0.21593578587492127	 0.9476202567599261	 0.23534567205885062	 0.04755541321701635	 
-0.5051059534461612	 -0.09786236648585828	 0.8574910687692512	 -0.044411743963424115	 
0.0	 0.0	 0.0	 1.0	 
0	 14	  37
0.956218220240488	 0.06904893924270551	 -0.28439226302691906	 0.6980756121769189	 
-0.050517597484015395	 0.996124664069131	 0.07199740257540453	 -0.07861253404874691	 
0.28826149174761123	 -0.054478414281429195	 0.9560007399331989	 0.1350310957236101	 
0.0	 0.0	 0.0	 1.0	 
0	 24	  37
0.5038578625207476	 -0.35573552290213767	 0.7871337193397103	 -1.326817924977034	 
0.3051436967875317	 0.9258090774238911	 0.223080426013494	 -0.2850580260843591	 
-0.8080931745082753	 0.12778806636406173	 0.5750266353901115	 1.1026986311517273	 
0.0	 0.0	 0.0	 1.0	 
0	 25	  37
0.5978672191771254	 -0.3926515956915569	 0.6988415504492306	 -1.302153908433167	 
0.34646595718538276	 0.9127527554933864	 0.2164341651654073	 -0.07171541783176096	 
-0.7228527711401733	 0.11272591423494517	 0.6817453626647327	 0.3769258739454242	 
0.0	 0.0	 0.0	 1.0	 
0	 26	  37
0.8799157716858674	 -0.2859056936185933	 0.37948144762943953	 -1.748517304973994	 
0.2559680636746884	 0.9581275613668329	 0.12834300342393481	 0.18195254485935736	 
-0.4002856294161641	 -0.015795901548078063	 0.9162542793227152	 -0.18434544109864467	 
0.0	 0.0	 0.0	 1.0	 
1	 2	  37
0.7147443806622107	 -0.1029877521789943	 0.6917615146948475	 -0.38078094286907715	 
0.4764355170178294	 0.7957961513406014	 -0.3737882871833187	 0.00039532372899073117	 
-0.5120055355518586	 0.5967428327283064	 0.6178578502792129	 -0.18358618284682923	 
0.0	 0.0	 0.0	 1.0	 
1	 14	  37
0.6276971921489116	 0.30190284687483965	 -0.7175311185009615	 0.6414701328447989	 
-0.39013341056525236	 0.9196262296072174	 0.04564558882453891	 -0.36324524798083624	 
0.6736409703462949	 0.2512812545083336	 0.6950291894615805	 0.5517003911797528	 
0.0	 0.0	 0.0	 1.0	 
1	 15	  37
0.9011597787312672	 -0.27083317072278873	 0.33846779290392537	 0.07666213851729607	 
0.28371236478456535	 0.9588360753688444	 0.011860634031123219	 -0.3043441898347329	 
-0.32774738330818654	 0.08533917158908572	 0.9409032248468094	 0.4706664198860782	 
0.0	 0.0	 0.0	 1.0	 
1	 16	  37
0.5838579900974352	 -0.2846658014558685	 0.7603125862964991	 -0.495034595613709	 
0.4214858776784417	 0.9066972004720822	 0.015806377628086562	 -0.03901653538013045	 
-0.6938728286343373	 0.3112323378724899	 0.6493650202662652	 0.005160035690386218	 
0.0	 0.0	 0.0	 1.0	 
1	 23	  37
0.18474736441803274	 -0.44288910052424507	 0.8773355435507073	 -1.7763583367166063	 
0.559999988178234	 0.7810425799129598	 0.2763557518910834	 -0.4501729054493054	 
-0.807631366763927	 0.44025189721309904	 0.39231344919502614	 0.7120012320421584	 
0.0	 0.0	 0.0	 1.0	 
1	 24	  37
0.9210261373681862	 -0.1727054503418163	 0.3491184350716373	 -1.4218095221260485	 
0.2109062868854075	 0.9746833264569421	 -0.07423578166248997	 -0.11851380714854451	 
-0.32745899351956836	 0.14200436806331432	 0.934133484580277	 0.26135701252003213	 
0.0	 0.0	 0.0	 1.0	 
1	 25	  37
0.9537042843616514	 -0.15700725192361323	 0.25650898782230824	 -1.0481265954424728	 
0.19304082615991663	 0.97360232002187	 -0.12179393204724298	 0.25213872714897717	 
-0.2306152150785519	 0.16567210172936972	 0.9588375134937338	 -0.12986564233362483	 
0.0	 0.0	 0.0	 1.0	 
2	 15	  37
0.9342715061838236	 0.2274067329182198	 -0.2746323552614865	 -0.06977817061393635	 
-0.04596625416935492	 0.8406101029693985	 0.5396867223338147	 0.08936798231910109	 
0.35358712676036147	 -0.49159010629714617	 0.7958111026997	 0.8496494655317098	 
0.0	 0.0	 0.0	 1.0	 
2	 16	  37
0.967989692729185	 -0.011564864623107057	 0.2507233708219219	 -0.2656451957869405	 
-0.06854592714563373	 0.9487823443512722	 0.3084047971725619	 0.1664262466228789	 
-0.2414485672804939	 -0.31571873076134194	 0.9176188056075594	 0.045453287307903045	 
0.0	 0.0	 0.0	 1.0	 
2	 23	  37
0.8251890745322581	 -0.10025409781175826	 0.5558885743964751	 -1.6410496659801155	 
-0.08847879115550568	 0.9490338685438034	 0.30249995020238163	 0.4189033139104847	 
-0.5578839438344282	 -0.29880400303331495	 0.7742620183006595	 -0.30440841890074044	 
0.0	 0.0	 0.0	 1.0	 
3	 4	  37
0.9572580852297501	 0.05751918054433862	 0.28345811354022077	 -0.015063829293953262	 
0.14178356004485254	 0.7608819747928255	 -0.6332108989399803	 0.22143424093423994	 
-0.2520999412203038	 0.6463359531272249	 0.7202051480875716	 -0.5058256422463359	 
0.0	 0.0	 0.0	 1.0	 
3	 12	  37
0.8431225769780011	 0.24727152620898357	 -0.47749462040556484	 -0.02085349396128319	 
-0.3408100856681559	 0.9325918892115326	 -0.11883119827607787	 0.04211631504486696	 
0.4159240383734015	 0.262924248602415	 0.8705619069313891	 -0.08535933312377594	 
0.0	 0.0	 0.0	 1.0	 
3	 16	  37
0.8013950127565463	 0.3260899650480655	 -0.5014293252532054	 -0.035613773775745206	 
-0.40602797662689694	 0.9121600266952443	 -0.05572582790410507	 -0.06956384369028991	 
0.43921215343521847	 0.24825273491802918	 0.8634021449362492	 0.04467805174038051	 
0.0	 0.0	 0.0	 1.0	 
3	 17	  37
0.964403146779175	 -0.049268880894363855	 0.2598059811818092	 -0.2617716414529706	 
0.0832024733797474	 0.9891259111731134	 -0.12127357613862311	 0.3881664917157225	 
-0.25100581448627496	 0.1385731186824304	 0.9580154340472322	 -0.5735039566412466	 
0.0	 0.0	 0.0	 1.0	 
4	 17	  37
0.9971680600804474	 0.07481502760130543	 -0.007653208504375646	 -0.1933894270061839	 
-0.05935010060606375	 0.8453531459878588	 0.53090076674128	 0.1131957235607451	 
0.046189019403377725	 -0.5289430689719307	 0.8473994360826002	 -0.22770879531334418	 
0.0	 0.0	 0.0	 1.0	 
5	 6	  37
0.8740288113368958	 -0.013050477298937978	 0.4856987976053505	 -0.015801818902148886	 
0.2616436956671037	 0.8549628237443124	 -0.44786286576675677	 -0.11823452111324768	 
-0.40940959132716176	 0.5185250765945865	 0.7506767156851909	 -0.14111033323860614	 
0.0	 0.0	 0.0	 1.0	 
5	 11	  37
0.7251187436826623	 -0.1248005493666438	 0.6772205183231391	 -1.5207281912511474	 
0.4048544792786358	 0.8727860307056571	 -0.2726488496456348	 0.5423619675967346	 
-0.5570418818797219	 0.4718785516240881	 0.6833995715165843	 -0.4521950344764342	 
0.0	 0.0	 0.0	 1.0	 
5	 13	  37
0.5527374674301369	 -0.3141221220488925	 0.7718863805887617	 -1.7618482036529302	 
0.49675209838338175	 0.8678887992612259	 -0.002526829755886015	 0.3073275685882851	 
-0.6691178108902985	 0.384832852750917	 0.63575548019106	 0.007498270007366182	 
0.0	 0.0	 0.0	 1.0	 
5	 17	  37
0.5840364984092125	 0.43824319228049446	 -0.6832600331833464	 0.2216815440865883	 
-0.4461905900312331	 0.8764877232561606	 0.18078503353102426	 -0.0035091789543764745	 
0.678096841087972	 0.199279139402586	 0.7074408093299954	 -0.052316498606354074	 
0.0	 0.0	 0.0	 1.0	 
5	 18	  37
0.8885707426732323	 -0.2262508046130381	 0.3990646672872625	 0.13354395746614922	 
0.2521075240066392	 0.9676151114258129	 -0.012759015622395913	 0.13889361137033687	 
-0.38325426495263215	 0.1119444931756968	 0.9168340083369803	 -0.2619889038910362	 
0.0	 0.0	 0.0	 1.0	 
5	 22	  37
0.9839003311431408	 -0.07867470891057256	 0.160469400678928	 0.3357056856301162	 
0.07830807062673278	 0.9968919622596055	 0.008617520345874924	 0.32091088975895177	 
-0.16064863663018217	 0.0040872680398559135	 0.9870031964430684	 -0.6573417793043007	 
0.0	 0.0	 0.0	 1.0	 
5	 32	  37
-0.28496186400683343	 0.7834677384467815	 -0.5522454516560877	 1.7666927107519628	 
-0.3372593391174008	 0.4573425031176334	 0.8228572008679218	 -0.8644161680929492	 
0.8972473874243628	 0.42073285782689135	 0.13390663951041426	 1.0281034192745189	 
0.0	 0.0	 0.0	 1.0	 
6	 18	  37
0.9999920470398461	 -0.0033872375910785004	 0.00210534523539191	 0.1637810865319215	 
0.001864148193953936	 0.8636537053798072	 0.5040821382822845	 0.01795819580644092	 
-0.0035257351814317103	 -0.5040742046616066	 0.8636531510891394	 -0.12058875334966021	 
0.0	 0.0	 0.0	 1.0	 
7	 8	  37
-0.46054722569767753	 0.0930704994691631	 0.8827423944904508	 -1.9240607976261228	 
0.5986785859264719	 0.7668069233625285	 0.23149750114498807	 -1.2449945881169635	 
-0.6553473915834664	 0.6350945003791595	 -0.40887011621405295	 2.12102076151535	 
0.0	 0.0	 0.0	 1.0	 
7	 19	  37
0.8281202627458225	 -0.35598107124122735	 -0.4330061285336945	 1.3866635480703045	 
-0.20966475743525181	 0.5196911501219966	 -0.8282281074525871	 0.6956442513053976	 
0.519862981870615	 0.7766586028641065	 0.35573008683237306	 0.9612998572554019	 
0.0	 0.0	 0.0	 1.0	 
8	 9	  37
0.960336557946436	 -0.16245012572919712	 0.22663550499018886	 0.35951963938545417	 
0.08575541130391365	 0.9454405362609684	 0.31430590485491705	 -0.016888504261699827	 
-0.2653294271348098	 -0.2824042298641078	 0.9218720876841716	 0.19377651187073305	 
0.0	 0.0	 0.0	 1.0	 
9	 10	  37
0.817289526735135	 0.25681615821911474	 -0.5158326185562875	 1.1606717956448003	 
-0.3029507777836046	 0.952990129992894	 -0.005535194345180779	 -0.1666422439190816	 
0.490161866865805	 0.16079574936454	 0.8566715072050236	 -0.0034221540957653637	 
0.0	 0.0	 0.0	 1.0	 
9	 25	  37
0.2300783140242167	 -0.3874400811339636	 0.8927228869849148	 -0.7904363307709389	 
0.4395126892202592	 0.8598186157271495	 0.25988563650849117	 -0.29934794444714924	 
-0.868269869009716	 0.33256898770022975	 0.36811044944404153	 0.6879211166459342	 
0.0	 0.0	 0.0	 1.0	 
9	 26	  37
0.5484015897944219	 -0.3398509474126459	 0.7640399399597353	 -1.629709660243098	 
0.3818270127475765	 0.9146462344423607	 0.132779509551249	 -0.11296767058419341	 
-0.7439514961657187	 0.21891459376463496	 0.6313577210976774	 0.6033470738945614	 
0.0	 0.0	 0.0	 1.0	 
10	 26	  37
-0.030636016955403356	 -0.4629502867732934	 0.885854653112819	 -2.0086117108254125	 
0.39083901697086704	 0.8101583024361725	 0.4369077566340353	 -0.580481842404834	 
-0.9199490731982694	 0.35961167524187004	 0.15611901149885937	 2.017439514275366	 
0.0	 0.0	 0.0	 1.0	 
10	 29	  37
-0.49783240004107826	 -0.018098142662898182	 0.8670844011406807	 -3.5172073231693997	 
0.22604981897167614	 0.9625169189599897	 0.14987548184623284	 -0.029363659747966522	 
-0.8372958741163194	 0.27061714274583837	 -0.47508102597332436	 3.2248692821204665	 
0.0	 0.0	 0.0	 1.0	 
11	 13	  37
0.9907223678799301	 -0.0899009735654368	 0.10191665582411583	 -0.25126488953289716	 
0.07057664415633486	 0.9812276802800782	 0.17947472454863075	 0.09126994377822993	 
-0.11613839624351051	 -0.17061668852771497	 0.9784691198570457	 0.2417388975365655	 
0.0	 0.0	 0.0	 1.0	 
12	 16	  37
0.525936610074548	 0.3431941021603515	 -0.7782085134625829	 1.2355244315143927	 
-0.32682595715089985	 0.9262753037382904	 0.18761358004402698	 -0.10507767028669121	 
0.7852232013355764	 0.15566589198308228	 0.5993268341709888	 0.19936740349758014	 
0.0	 0.0	 0.0	 1.0	 
12	 17	  37
0.8930872075433945	 0.17576562505816695	 -0.41412761894161626	 2.0089001932857715	 
-0.12211325636740553	 0.9806716966071221	 0.15287699661184018	 0.012836837797181724	 
0.432993755545838	 -0.08596201790104849	 0.8972886598730032	 -0.14681697736516197	 
0.0	 0.0	 0.0	 1.0	 
13	 18	  37
0.8944399399356971	 0.2657398447117052	 -0.3596658571235617	 1.1069406634702035	 
-0.21283960474928082	 0.9603206764434165	 0.18023179809741932	 -0.8014749029260583	 
0.3932893292450199	 -0.08465537979276831	 0.9155091316716324	 1.2514091732504484	 
0.0	 0.0	 0.0	 1.0	 
13	 22	  37
0.6860659848107413	 0.44739853142740255	 -0.5737142307475664	 1.5921095201837858	 
-0.35570244055940714	 0.894163322099375	 0.27193331386994835	 -0.7523316235912516	 
0.6346567877725331	 0.01750735527753764	 0.7725957896891733	 1.093561536780261	 
0.0	 0.0	 0.0	 1.0	 
13	 27	  37
-0.283456718891081	 0.14963662087984503	 -0.947238708144448	 1.5959975593769715	 
-0.06665638924670501	 0.9822880943415354	 0.1751200316567635	 -0.4324459207323425	 
0.9566656752952382	 0.1127784616251511	 -0.26846192338089564	 2.5916900233993947	 
0.0	 0.0	 0.0	 1.0	 
13	 29	  37
-0.8244947822744183	 -0.27008523450416094	 0.4972547838936204	 -0.31428167327209194	 
-0.25452425962226793	 -0.6078306331791801	 -0.7521697432313621	 1.3964774850245574	 
0.5053966316330127	 -0.7467234343931018	 0.43240994121571164	 1.4324343183816544	 
0.0	 0.0	 0.0	 1.0	 
13	 32	  37
-0.8928222175291526	 0.43732124016453305	 0.10778970631409952	 0.43841786130386917	 
0.22366525003172058	 0.22275355592984625	 0.948870227822991	 -1.800837070586736	 
0.39095056441265436	 0.8712812325659048	 -0.2966928882933724	 3.075583142874216	 
0.0	 0.0	 0.0	 1.0	 
14	 15	  37
0.10156413298923399	 -0.430422995519887	 0.8968950729142359	 -0.5863175785553093	 
0.44291590670155173	 0.8268382444674753	 0.34664681893345817	 -0.09486141136902397	 
-0.8907919097527137	 0.36204221081751065	 0.2746183007475681	 0.5552282342133339	 
0.0	 0.0	 0.0	 1.0	 
14	 23	  37
-0.6655740013733962	 -0.23090977419159167	 0.7097125649716188	 -1.4100134698813893	 
0.3952208521895182	 0.6976094786340002	 0.5976131636055126	 -0.6699496328906535	 
-0.6330969330919217	 0.6782489893120272	 -0.3730503743555501	 1.9427275148846213	 
0.0	 0.0	 0.0	 1.0	 
14	 24	  37
0.2703243996924967	 -0.2650681060798905	 0.9255612449050096	 -1.7079932011623626	 
0.2489342910177677	 0.9479057521804845	 0.19876217884354086	 -0.3631325959256246	 
-0.9300303423471584	 0.17667366561649783	 0.3222265944816738	 1.554368524188192	 
0.0	 0.0	 0.0	 1.0	 
14	 25	  37
0.3457057190762888	 -0.37684994977757147	 0.8593437444646862	 -1.8253035821549561	 
0.40087895975353216	 0.8873424110148731	 0.22785852022963313	 -0.1487705880875339	 
-0.8484006220087728	 0.26572083276806446	 0.4578305621167882	 0.837745632683754	 
0.0	 0.0	 0.0	 1.0	 
14	 26	  37
0.6626923182605479	 -0.3523099285906449	 0.6608453718797732	 -2.4753247427669343	 
0.3015598602673797	 0.9332643321648192	 0.19513927586335164	 -0.10601593780351119	 
-0.6854929189962355	 0.06996713889683932	 0.7247096366687913	 0.5676171803163769	 
0.0	 0.0	 0.0	 1.0	 
15	 16	  37
0.840328916698487	 -0.11405032951261757	 0.5299432366757877	 -0.4192549184663254	 
0.22036113167481794	 0.9650663869424204	 -0.14173157884146956	 0.4078759026293677	 
-0.4952658714340615	 0.23588003546711017	 0.8361054511607335	 -0.5742576177097495	 
0.0	 0.0	 0.0	 1.0	 
15	 23	  37
0.6350858627989511	 -0.2934131318231207	 0.7145450867136798	 -1.7244197253627456	 
0.4285078743454385	 0.9034842496296851	 -0.00985962955887294	 0.6035219595967826	 
-0.6426872867086026	 0.31244990757693114	 0.6995199116238949	 -0.44401684942184205	 
0.0	 0.0	 0.0	 1.0	 
16	 17	  37
0.7045182481652753	 -0.3531754451119295	 0.6155657097110935	 -0.41714472770286226	 
0.29201861896402903	 0.9348109557935872	 0.2021227426753879	 0.23341795591387318	 
-0.6468223590604092	 0.03735748784742073	 0.7617251826749966	 -0.6309649588260257	 
0.0	 0.0	 0.0	 1.0	 
16	 23	  37
0.9476890291624466	 -0.21938652725300933	 0.23185136545856874	 -1.0590088277866387	 
0.20970712061880742	 0.9755397300378508	 0.06591781761743888	 0.409113043948398	 
-0.24064169955954648	 -0.013848710320522734	 0.9705152166017545	 -0.637755019070805	 
0.0	 0.0	 0.0	 1.0	 
18	 22	  37
0.9549267441511093	 0.16050455370878505	 -0.2497062304863548	 0.45229663870008735	 
-0.14498735209481947	 0.9862371712186954	 0.07946640698482342	 0.09513773715928148	 
0.2590242865784862	 -0.039680352131609004	 0.9650553811140674	 -0.2500329449159519	 
0.0	 0.0	 0.0	 1.0	 
19	 21	  37
0.876973556773754	 -0.1428398954613155	 0.45881820472186113	 0.23152841351733225	 
0.10932553080850364	 0.9890680729471649	 0.09895592650276186	 0.02436865557370529	 
-0.4679372917742612	 -0.03662118705314698	 0.8830025932157782	 0.06324502911622235	 
0.0	 0.0	 0.0	 1.0	 
19	 31	  37
-0.06833927323791776	 0.046619967578092676	 0.9965722865684804	 -1.3659168092148914	 
0.3451872681920602	 0.9383159119198441	 -0.020223731508611613	 -0.4186451760551359	 
-0.9360424635727881	 0.34262199004303207	 -0.08021644673966058	 2.335293353514587	 
0.0	 0.0	 0.0	 1.0	 
20	 21	  37
0.9836087045251817	 0.042076514830389336	 -0.17533819687113927	 -0.01315189083995293	 
-0.11076743230716113	 0.9082874416811297	 -0.40341603739121146	 0.10047238801543813	 
0.14228314138496112	 0.41622528777583523	 0.8980601413566636	 -0.16436069505340867	 
0.0	 0.0	 0.0	 1.0	 
20	 30	  37
-0.1598755635681862	 -0.982950472285823	 -0.0908194539007646	 -0.800738240260362	 
0.980273738051222	 -0.14726026602955	 -0.13182493139004983	 0.17015193655181918	 
0.11620328162681046	 -0.11010351076139387	 0.9871038518095122	 -1.290602240751746	 
0.0	 0.0	 0.0	 1.0	 
20	 31	  37
-0.04404186972326385	 0.9892128012992206	 -0.13970807942644917	 -0.16451687043254917	 
-0.4134852837982354	 0.10925451281406132	 0.9039321719642763	 -1.8355952798117543	 
0.9094450141671956	 0.09757809782686956	 0.4042131628620204	 -0.8943965903672388	 
0.0	 0.0	 0.0	 1.0	 
21	 30	  37
0.4394690487720406	 -0.5857864017809913	 0.6809708119000959	 -2.312037384027003	 
0.3503450281363236	 0.8098420030369472	 0.4705468004112482	 0.1468283708926081	 
-0.8271186834013339	 0.03178398347569607	 0.5611278481441285	 0.9049557374723013	 
0.0	 0.0	 0.0	 1.0	 
21	 31	  37
0.013703013611345793	 0.8391283667536189	 0.5437608035960029	 -0.35466424357722165	 
0.9421325660226599	 0.17133730358914376	 -0.2881488442426228	 -0.2777940577231771	 
-0.3349603789368603	 0.5162432687291963	 -0.7882223239887775	 2.8172150809151857	 
0.0	 0.0	 0.0	 1.0	 
24	 25	  37
0.9897859089241577	 0.017974746068659838	 -0.14142405382022794	 0.6861315687973246	 
-0.014274295361342053	 0.9995298083991973	 0.027136812882144756	 0.12475210627439368	 
0.14184533473863933	 -0.02484090628842988	 0.9895770967376183	 -0.3192129100930757	 
0.0	 0.0	 0.0	 1.0	 
24	 26	  37
0.8910235176444737	 0.16089778706844737	 -0.42448674080699517	 0.7476092042728972	 
-0.14793872806002453	 0.9869518370709225	 0.06356259939866013	 0.5428180381239003	 
0.4291750502352748	 0.00616225760651167	 0.9032003115791873	 -1.0459460285936122	 
0.0	 0.0	 0.0	 1.0	 
25	 26	  37
0.9274484257912321	 0.16205034702876345	 -0.33701498857650675	 0.045855120583204234	 
-0.14910700122982373	 0.9867393704013365	 0.06412890989423314	 0.3655352268624442	 
0.34293806974673274	 -0.009224962212967905	 0.9393127170386625	 -0.6934130635955128	 
0.0	 0.0	 0.0	 1.0	 
25	 29	  37
0.9463888374314116	 -0.1351156911188567	 0.29341424368747687	 -0.2455133464068641	 
0.1738025823410287	 0.9786247393241022	 -0.10993762756409985	 0.8895752134295655	 
-0.27228813921434514	 0.15503989678887908	 0.9496429853618052	 -1.4915940434138137	 
0.0	 0.0	 0.0	 1.0	 
26	 29	  37
0.8357377753079109	 -0.1977784342238045	 0.5122753769988975	 -0.2797115912601674	 
0.2791137054835942	 0.9563892423247616	 -0.08611130341995592	 0.4686751088135134	 
-0.4729037009102375	 0.21494954785122591	 0.854493289349865	 -0.720439313264003	 
0.0	 0.0	 0.0	 1.0	 
27	 28	  37
0.9502429649672356	 -0.000534794181903402	 0.31150926394805634	 -0.035287510857331096	 
0.13022674325782604	 0.9091045173311827	 -0.3956892365335436	 0.11073530134686584	 
-0.28298286674415	 0.4165677502678544	 0.8639398165185127	 -0.30278317806581656	 
0.0	 0.0	 0.0	 1.0	 
27	 29	  37
0.9349449850916737	 0.13777329152635273	 -0.3269501414496162	 0.3197751410202097	 
-0.18678339351340487	 0.974616072067178	 -0.12343207028953514	 0.050346941752532126	 
0.3016452200177321	 0.17647105204633012	 0.936946171895758	 -0.2161821776292803	 
0.0	 0.0	 0.0	 1.0	 
27	 32	  37
0.9944449696443548	 0.0028879888358451173	 -0.10521816321111983	 -0.01146944549192687	 
0.013233602621162553	 0.9882611557156882	 0.15219973674470438	 0.41744773007968056	 
0.1044225747178403	 -0.15274667794743071	 0.9827331164997546	 -0.5612034247633765	 
0.0	 0.0	 0.0	 1.0	 
28	 29	  37
0.7698469623116463	 0.26161867824373597	 -0.5821437295149106	 0.2774138514768568	 
-0.06338715442497293	 0.9389562124341694	 0.33814686126767846	 -0.20226725948376592	 
0.6350730062547404	 -0.2234208994818488	 0.7394358514443881	 0.27293710051664766	 
0.0	 0.0	 0.0	 1.0	 
28	 32	  37
0.9077449158942766	 0.23489794197460612	 -0.3475947705650769	 0.1274937086205427	 
-0.023174323619793658	 0.8553596642408811	 0.5175159857574387	 0.28619045938413695	 
0.41888198623581224	 -0.46171723126370634	 0.7818919874006379	 -0.3948115601257478	 
0.0	 0.0	 0.0	 1.0	 
29	 32	  37
0.9616551613520704	 -0.23449313366556057	 0.14224036314854005	 -0.36164517114004247	 
0.18261111146475756	 0.9344060546456266	 0.3058406562430828	 0.24254286219424986	 
-0.20462779042576043	 -0.2681385748177593	 0.9413974570181144	 -0.22252190925834303	 
0.0	 0.0	 0.0	 1.0	 
30	 31	  37
0.9699571262366989	 0.04815072258272201	 -0.238463165242363	 -0.009238114590893803	 
-0.1976702561303863	 0.7273708666938568	 -0.6571591071623186	 0.06435028957401003	 
0.14180847331521537	 0.6845532340145579	 0.7150365212324602	 -0.2259311715150586	 
0.0	 0.0	 0.0	 1.0	 
33	 35	  37
0.9452411211735663	 -0.2097702511347606	 0.25003132720001403	 -0.08465099303806517	 
0.25754677205575033	 0.949983086227386	 -0.17664030141945444	 -0.10389425766547568	 
-0.20047165147771978	 0.23136243779134025	 0.9519887285745798	 -0.016925383978762486	 
0.0	 0.0	 0.0	 1.0	 
36	 37	  37
0.9375334438236739	 -0.13940867858171307	 0.3187416854573973	 -0.25418612761938847	 
0.1954720366418581	 0.968992488901304	 -0.15114310882055007	 0.2064238576131781	 
-0.2877876380305552	 0.20400680574176358	 0.9357133634868303	 -0.20301598661721987	 
0.0	 0.0	 0.0	 1.0	 
38	 39	  37
0.7479182095347022	 0.463094738427578	 -0.475564522527804	 0.5569030645426487	 
-0.4192711698945835	 0.8850080795666366	 0.20241636593171117	 -0.28784208766156416	 
0.514616398826963	 0.04799960773242431	 0.8560759310457818	 0.3373271267404658	 
0.0	 0.0	 0.0	 1.0	 
38	 40	  37
0.6607452445575362	 -0.14634523278015735	 -0.7362056741408083	 0.8795895346927034	 
-0.363668691575742	 0.7955899467029359	 -0.48454279426363034	 -0.17068005489300667	 
0.6566283610705447	 0.5878943013397397	 0.472461094578241	 0.16684518234366136	 
0.0	 0.0	 0.0	 1.0	 
38	 41	  37
0.9632860754596732	 -0.2640506982801565	 0.04855064946283069	 0.22884832396144944	 
0.2507587636254769	 0.9494860712696638	 0.18866966616263808	 -0.36618914276319103	 
-0.09591652251058246	 -0.16956836144358137	 0.9808397379321533	 0.5477499543980641	 
0.0	 0.0	 0.0	 1.0	 
38	 56	  37
0.2897715395084275	 0.1450116083958734	 -0.946046557163736	 2.2116910064824684	 
-0.5434019418248328	 0.8386167616184175	 -0.037897978226266144	 0.06742238288942551	 
0.7878748533313628	 0.5250652917143535	 0.3218068596612013	 -0.4191288919115805	 
0.0	 0.0	 0.0	 1.0	 
39	 40	  37
0.9926764923827077	 -0.05524732705243725	 -0.10742957844246603	 0.05971847344693372	 
-0.034445282312311185	 0.7229306622143703	 -0.6900614321614544	 0.13877937578973407	 
0.11578818591371982	 0.6887082041647633	 0.7157332642255472	 -0.3070314605213864	 
0.0	 0.0	 0.0	 1.0	 
39	 41	  37
0.5792087126069625	 -0.6781922393744839	 0.45229697510861905	 -0.0709653319688916	 
0.6602313984723662	 0.7157181883786704	 0.22768832929067145	 -0.19365412270449814	 
-0.4781336295549691	 0.1667416003167045	 0.8623140211155191	 0.29635090224121313	 
0.0	 0.0	 0.0	 1.0	 
39	 56	  37
0.8425188595382564	 0.0875082259459323	 -0.5315113185193249	 0.6848099915945421	 
-0.3521179494000281	 0.8361845506926466	 -0.4204858462460483	 0.9820536492547417	 
0.4076455826237725	 0.5414219311911291	 0.7353144710887939	 -1.3758869887721132	 
0.0	 0.0	 0.0	 1.0	 
40	 56	  37
0.8755648568042648	 0.08639342910362717	 -0.47531290423997913	 0.616363440115302	 
0.007261717907217403	 0.981415019918004	 0.19175981365338288	 -0.09586804957655845	 
0.4830460112477516	 -0.17134974201048767	 0.858665136668874	 -1.42527853499078	 
0.0	 0.0	 0.0	 1.0	 
41	 56	  37
-0.05323938587837048	 0.33374354384856186	 -0.9411592929630433	 2.1598262947714066	 
-0.7144473626855842	 0.645745712489644	 0.2694020058441552	 -0.22695810816821235	 
0.6976607583510104	 0.6867515720700199	 0.20406308954940627	 -0.6614634260442716	 
0.0	 0.0	 0.0	 1.0	 
42	 43	  37
0.7651451518552544	 -0.44618276052638106	 0.46419159923619646	 -0.13061499868685025	 
0.5075366101736524	 0.861588955336791	 -0.008429790928248334	 -0.27421292790416224	 
-0.396181127675003	 0.24204424440732836	 0.8856946978634612	 0.2514754725598599	 
0.0	 0.0	 0.0	 1.0	 
43	 44	  37
0.933711357333008	 0.11029806703785823	 -0.34061332562755564	 -0.06661231432491067	 
-0.3369582491019279	 0.5922631496987966	 -0.7319040236745686	 -0.2839912291527386	 
0.12100512199702247	 0.7981595692069181	 0.5901686729519903	 0.021193697494765653	 
0.0	 0.0	 0.0	 1.0	 
44	 48	  37
0.9933842814814472	 -0.0460339805659274	 0.10520713825043265	 0.2773430146815249	 
0.04618766173832118	 0.9989323032030702	 0.0009764837710223483	 -0.005847693883402662	 
-0.10513976036084677	 0.0038892480847124602	 0.9944498501888368	 0.4053205128019426	 
0.0	 0.0	 0.0	 1.0	 
45	 47	  37
0.6817547044291653	 -0.3844844985125717	 0.622400348162047	 -0.07491207131068596	 
0.4691954232146279	 0.8825414231577703	 0.03124565962022489	 -0.0292727050493945	 
-0.561307560810601	 0.2707255193257426	 0.7820751340904909	 0.07169559968544338	 
0.0	 0.0	 0.0	 1.0	 
46	 47	  37
0.9448296508926634	 0.16924276188732118	 -0.2804528807889127	 -0.008033418895582149	 
-0.12865553266378316	 0.9791143654822736	 0.15742557994571074	 -0.10355460144729262	 
0.30123858436303724	 -0.11265854097669045	 0.9468703018027109	 0.11310629532040921	 
0.0	 0.0	 0.0	 1.0	 
46	 56	  37
0.72102075473824	 -0.0018242172623551631	 0.6929110646165763	 -0.9264183808007601	 
0.3946957038641644	 0.8229882525951471	 -0.40854086385765176	 0.42636599640948986	 
-0.5695123989764134	 0.5680554623641644	 0.5941116217432252	 -0.5249679596953779	 
0.0	 0.0	 0.0	 1.0	 
49	 50	  37
-0.3881358222516059	 -0.052069709865908614	 0.9201300608063787	 -2.3147316053635527	 
0.6614905046569318	 0.6794368626986768	 0.3174836402948938	 -0.7331451137268518	 
-0.6417015628263563	 0.7318840720501163	 -0.229270166715063	 2.1964332915670925	 
0.0	 0.0	 0.0	 1.0	 
49	 51	  37
0.7373146305738565	 0.23284775082668502	 -0.6341522376186112	 0.20669531319436202	 
-0.46646120642731953	 0.8544939854761091	 -0.22859127648168054	 -0.25684916980169376	 
0.48865230833395945	 0.46435111038965804	 0.7386453599934031	 0.12964683195924667	 
0.0	 0.0	 0.0	 1.0	 
49	 52	  37
0.9861417704624321	 0.1394529911496464	 -0.08987364357048992	 0.054062497797937654	 
-0.16430083078875468	 0.8960437360271457	 -0.4124449783045482	 -0.1880216893651449	 
0.023014029446053703	 0.42149553542823087	 0.9065383985594453	 -0.07139983279315061	 
0.0	 0.0	 0.0	 1.0	 
49	 53	  37
0.3700930994216998	 0.7276672834124528	 -0.5775217938845086	 0.05144238686823889	 
-0.48534788449170363	 0.6815261515377171	 0.547685617658175	 -0.3758877534595456	 
0.7921291111806634	 0.07760431316189795	 0.6053999023775958	 0.5009234963876719	 
0.0	 0.0	 0.0	 1.0	 
49	 55	  37
0.18642018386145615	 0.8491649755326358	 -0.49413192507438636	 -0.03430521407115956	 
-0.5562742536694257	 0.5057939573630066	 0.6593416621142583	 -0.2955496256397871	 
0.8098187882196763	 0.1519582739561325	 0.566658815534258	 0.3098490400174623	 
0.0	 0.0	 0.0	 1.0	 
50	 51	  37
-0.9325421720423799	 0.17952679240482197	 -0.31326542766688553	 0.5642497105596181	 
0.03900545970289675	 0.9126380691999705	 0.4069033408075129	 -1.293497006081492	 
0.3589480066469882	 0.3672354632327673	 -0.8580760124070411	 3.0147860943219555	 
0.0	 0.0	 0.0	 1.0	 
50	 52	  37
-0.6261572598048507	 0.15769843546222154	 -0.7635825361062469	 0.8193405464826257	 
-0.3912635550029831	 0.783546314490094	 0.48266759117991154	 -1.5537551148858904	 
0.6744182059524403	 0.6009878339049455	 -0.42892156273394966	 2.588702466987268	 
0.0	 0.0	 0.0	 1.0	 
50	 53	  37
0.9965581372176818	 -0.07634581563164486	 -0.03229853836882374	 0.009036811090383533	 
0.08233407239646832	 0.9568952643439991	 0.2785184977674561	 -0.10497275707214769	 
0.009642596529803532	 -0.280219145512162	 0.959887624058461	 0.20993761129089253	 
0.0	 0.0	 0.0	 1.0	 
50	 54	  37
0.9309150234428204	 0.15077524837637551	 -0.33266205615533573	 0.15358966441705918	 
-0.19897288007398162	 0.9731471706616006	 -0.1157340798053287	 -0.09191212364911897	 
0.30627930410577586	 0.17392932101967026	 0.9359175066030759	 0.09578691915711814	 
0.0	 0.0	 0.0	 1.0	 
51	 52	  37
0.8577434682821797	 -0.060152031437846726	 0.5105466440328021	 -0.16000457156006354	 
0.08130278037287768	 0.9965047770950164	 -0.0191855969532197	 0.05763282813312864	 
-0.5076081170774321	 0.05796518214162804	 0.859635991066214	 -0.13416613064976488	 
0.0	 0.0	 0.0	 1.0	 
51	 53	  37
-0.9260797678787487	 -0.0010412955656848503	 0.37732635639349005	 -0.4002338337258079	 
0.3241454967390053	 0.5096851355195489	 0.7969634618815601	 -0.4263990746482538	 
-0.1931475096123839	 0.8603603770130066	 -0.4716715607248021	 2.7356848008206183	 
0.0	 0.0	 0.0	 1.0	 
51	 54	  37
0.6721538380249077	 -0.31585180823937037	 0.6696617454060715	 -0.7441982288950181	 
0.2825240131183215	 0.9454233598356983	 0.16234177739725106	 0.027662410579331508	 
-0.6843898012389613	 0.08007687499459522	 0.7247056602864334	 0.3116974594166361	 
0.0	 0.0	 0.0	 1.0	 
53	 54	  37
0.9042352917444121	 0.30470273210583704	 -0.2991902107541889	 0.08932250136922473	 
-0.3882696320882077	 0.8783071993817825	 -0.2789680202320985	 -0.08088297999796872	 
0.17777859815508051	 0.36841920221585495	 0.9125031843652093	 -0.17791179404732002	 
0.0	 0.0	 0.0	 1.0	 
53	 55	  37
0.9498831108653208	 0.278178141258987	 -0.14261485693474096	 -0.09216941246188796	 
-0.26775463810903666	 0.9594517513398559	 0.08808967375341219	 0.08467962415828953	 
0.1613366959619546	 -0.0454891039324682	 0.9858505018305264	 -0.05332821137371963	 
0.0	 0.0	 0.0	 1.0	 
