0	 1	  37
0.9953576127553759	 -0.027465087675309953	 0.09224365392213035	 0.038596956154065956	 
0.034880028597550565	 0.9962037214606742	 -0.0797591935323868	 -0.13667185587885727	 
-0.08970287807507744	 0.08260638175643706	 0.9925369410546679	 -0.011673969954689353	 
0.0	 0.0	 0.0	 1.0	 
0	 2	  37
0.9418309982878812	 -0.14027132834439549	 0.3054150047207103	 0.05573065845579318	 
0.1310201073037898	 0.9900829593483352	 0.05068989140001585	 -0.08724007176956361	 
-0.3094965301035807	 -0.007725804329686116	 0.9508691864821904	 -0.18616289205414965	 
0.0	 0.0	 0.0	 1.0	 
1	 2	  37
0.9750969730328813	 -0.1285476512254905	 0.180724637353412	 0.12230127542397873	 
0.10404692989750874	 0.9847980609724062	 0.13909354939712967	 0.002340870361297548	 
-0.1958574215111992	 -0.11682585531207752	 0.9736485967583925	 -0.1574248716477025	 
0.0	 0.0	 0.0	 1.0	 
1	 34	  37
-0.44072671130636343	 0.30507206877576265	 -0.844210281146797	 1.7601680442453898	 
-0.2581261895023248	 -0.9438250952588825	 -0.20631301425884885	 1.6188300860809752	 
-0.8597271870972136	 0.12698512673710405	 0.49471602091854067	 0.4953861982017102	 
0.0	 0.0	 0.0	 1.0	 
1	 37	  37
0.17345507968408913	 -0.6536415481933945	 0.7366587146074689	 -1.6425596161448497	 
0.2616520637974846	 0.7517007660107243	 0.6053793487470532	 -0.8040908931172219	 
-0.9494480148182429	 0.08774214981542415	 0.30141297633556546	 1.800562229427712	 
0.0	 0.0	 0.0	 1.0	 
1	 38	  37
-0.49075611359963195	 -0.3748717548474151	 0.7865301039262294	 -1.5731723770149537	 
0.26066303670289886	 0.7982006589618748	 0.5430750310313056	 -0.8213505059253347	 
-0.8313923371437872	 0.47153671696958027	 -0.294006643272123	 2.677008569628167	 
0.0	 0.0	 0.0	 1.0	 
1	 50	  37
-0.9583000578492766	 0.06392947635421589	 0.2785211323744547	 -0.13509397190452183	 
0.27032009409410174	 0.5188745895345247	 0.8109847144455528	 -1.4220719745151569	 
-0.09267171011170867	 0.8524565574787111	 -0.5145189712309127	 3.0208533824751456	 
0.0	 0.0	 0.0	 1.0	 
2	 34	  37
0.9426772285402946	 0.014966485249358655	 0.3333701353013943	 -1.5353834634296406	 
-0.0665840582996127	 0.9873416684262222	 0.14395482961567202	 -0.3529271274354872	 
-0.3269957277579371	 -0.15790007634134962	 0.9317410369407655	 -0.18234029622713838	 
0.0	 0.0	 0.0	 1.0	 
2	 36	  37
0.6029790573156518	 -0.3696393203110767	 0.706953343098887	 -2.5366723230808783	 
0.23842541650200008	 0.9291736361839801	 0.2824706614614839	 -0.6463544921500323	 
-0.7612946717300565	 -0.0017682478915405646	 0.6484036521294578	 1.2839756470359005	 
0.0	 0.0	 0.0	 1.0	 
2	 37	  37
0.3419784035559459	 -0.6097166077795152	 0.7150499490938844	 -2.1651348865175435	 
0.33476125048577116	 0.7900523033526485	 0.5135681679586234	 -0.9368682313697293	 
-0.8780579005250901	 0.06374179292281373	 0.4742903194884497	 1.5813523935404734	 
0.0	 0.0	 0.0	 1.0	 
2	 38	  37
-0.2333987134150596	 -0.4647065271703226	 0.8541503873332208	 -2.298589459258478	 
0.3292356014796984	 0.7887609777818575	 0.5190954041858865	 -1.040530360806239	 
-0.9149475172350026	 0.40237291600442676	 -0.031097864421827055	 2.1486907250759817	 
0.0	 0.0	 0.0	 1.0	 
3	 4	  37
0.7355426548445264	 0.1400586971149243	 -0.6628427900088654	 0.09401933865016264	 
-0.11393472889579696	 0.990034894241508	 0.08276343235782681	 0.06310159048308349	 
0.667829230009969	 0.014644778819672265	 0.7441704441844054	 0.2620740598789932	 
0.0	 0.0	 0.0	 1.0	 
3	 6	  37
0.6185107382029519	 0.06982888133330868	 -0.7826674862669192	 0.4434438262202476	 
-0.15114975663805744	 0.9880152836744622	 -0.031297768194050016	 0.15663435656724653	 
0.7711019503255684	 0.13765800578757229	 0.6216526808811279	 0.49731283026575324	 
0.0	 0.0	 0.0	 1.0	 
3	 31	  37
-0.6232195389633708	 0.5802722309495757	 -0.5242914687872423	 2.1713516816383414	 
-0.31744921433026047	 -0.8003999112459843	 -0.5085134987377617	 0.6465071891459866	 
-0.7147191074648716	 -0.1504796333934305	 0.6830318274856564	 -0.1553149026389003	 
0.0	 0.0	 0.0	 1.0	 
3	 47	  37
0.8959339135225834	 0.06604630003605673	 0.43924971127099766	 0.618588862154123	 
-0.24165600468806547	 0.90220695163	 0.35724640212142567	 -0.8289223411106809	 
-0.37269933994885124	 -0.4262164974306472	 0.8242782899722891	 0.30624737692163817	 
0.0	 0.0	 0.0	 1.0	 
4	 6	  37
0.9951462250567651	 0.009012977821270814	 -0.09799365788693888	 0.2536576310917679	 
-0.013711496107736535	 0.998782826114969	 -0.04737996551584147	 -0.01713437776915393	 
0.09744734798729329	 0.04849363348510903	 0.9940585404701545	 -0.04302553000082911	 
0.0	 0.0	 0.0	 1.0	 
4	 7	  37
0.9999532273929452	 -0.009142142989306896	 -0.003156619710433614	 0.5275336021504138	 
0.009269208381353406	 0.9990360221610755	 0.042908136763999905	 -0.1490533065803023	 
0.002761304477285585	 -0.04293538920445599	 0.9990740350701972	 0.49174899158558844	 
0.0	 0.0	 0.0	 1.0	 
6	 7	  37
0.9944329275889683	 -0.05180706245030493	 0.09175609411425599	 0.32099013264427106	 
0.044442581529181076	 0.9957582367939976	 0.0805629617375858	 -0.08211266264105277	 
-0.09554061688023625	 -0.07603658420247354	 0.9925172181826188	 0.5369410368984878	 
0.0	 0.0	 0.0	 1.0	 
8	 9	  37
0.9559577185047707	 0.13104132213564207	 -0.2626271355440937	 0.36392336775967243	 
-0.11088171369565429	 0.9897290382634548	 0.09023123841559488	 -0.10222514615736901	 
0.27175372306385764	 -0.05713670196152272	 0.9606691997195974	 0.582518179354423	 
0.0	 0.0	 0.0	 1.0	 
8	 10	  37
0.618916583234754	 -0.012868670794401049	 -0.7853512973879928	 0.8325441252747092	 
-0.07593553300671005	 0.9942019069328333	 -0.07613384975229434	 0.11585135877581888	 
0.7817774989240898	 0.10675657152186624	 0.6143508579084852	 0.7298705849207943	 
0.0	 0.0	 0.0	 1.0	 
8	 24	  37
0.9850740239803014	 0.16642076415345994	 -0.043969268106646545	 0.8277141396838611	 
-0.165718163538287	 0.9859863502145694	 0.019193943421042733	 -0.019834574564688744	 
0.04654736891332646	 -0.011620948719060714	 0.998848485005667	 -0.3598067977801516	 
0.0	 0.0	 0.0	 1.0	 
8	 26	  37
0.9870469606657547	 0.078597132779555	 -0.13985988759944454	 -0.2017151299757386	 
-0.06995881488396122	 0.9953872144473164	 0.06565102843705967	 0.18292313041896	 
0.14437472652970762	 -0.055016216097119604	 0.9879924869683102	 -0.3402733439536222	 
0.0	 0.0	 0.0	 1.0	 
8	 28	  37
-0.06498284068410977	 -0.2654697337760176	 0.9619267388244883	 -1.7550863948037305	 
0.27221905090567455	 0.9226870020836737	 0.27303018974072624	 -0.7616563249944174	 
-0.9600385506533778	 0.2795970612054666	 0.01230709651498757	 3.0483772474619757	 
0.0	 0.0	 0.0	 1.0	 
8	 29	  37
0.9091705191539958	 -0.07601351671837457	 0.4094275422799012	 -0.8282103857082552	 
-0.018816121500858336	 0.9746956069221451	 0.22274296266848861	 0.2023310513135919	 
-0.41599870272985173	 -0.2102151733885455	 0.8847342313962452	 -0.2882898418752248	 
0.0	 0.0	 0.0	 1.0	 
9	 10	  37
0.8584000582432574	 0.159619557074181	 -0.48751506336462536	 0.24797541033402548	 
-0.16657153411856118	 0.9855908727686532	 0.029403325262844247	 -0.024724811766895706	 
0.4851837425443694	 0.0559663158923823	 0.8726193370858066	 0.02099290068404626	 
0.0	 0.0	 0.0	 1.0	 
9	 29	  37
-0.8734443446420607	 -0.16069327086717416	 0.45964404653036617	 -1.1148388402238212	 
0.21365546129537547	 0.7217671193923735	 0.6583339344304637	 -0.9301175810978831	 
-0.43754579265656374	 0.6732235127073647	 -0.5960904136676716	 3.123535201733552	 
0.0	 0.0	 0.0	 1.0	 
10	 11	  37
0.8573666578528636	 0.14734594581281046	 -0.49316486721454444	 0.318217108171913	 
-0.15023599745356425	 0.9880644921518369	 0.034025055736407434	 -0.21365656163106067	 
0.49229214809028154	 0.04491916741505069	 0.8692702165192334	 0.729643298073426	 
0.0	 0.0	 0.0	 1.0	 
11	 12	  37
0.9931001892845756	 0.0521462008909231	 -0.10503707809903942	 0.19220074554008684	 
-0.034168560262848695	 0.9854997452136939	 0.16620096772675064	 -0.2625923643019425	 
0.11218076275593947	 -0.16146524677585486	 0.9804817441192408	 0.8522663268233531	 
0.0	 0.0	 0.0	 1.0	 
11	 15	  37
0.2614661199679866	 0.4496781050018518	 -0.8540638559211078	 1.3754281354966145	 
-0.30962191249121934	 0.8771595406156117	 0.36704960374898904	 -0.8097218592717944	 
0.9142044297716818	 0.16846584873188394	 0.368577696553766	 2.364871098512136	 
0.0	 0.0	 0.0	 1.0	 
11	 17	  37
0.38919661544146245	 0.5698552109482834	 -0.7237340900385983	 1.1068589432043592	 
-0.2933517855844316	 0.8214512391402211	 0.4890425253589104	 -1.0042364430858157	 
0.8731956965213102	 0.02197499192451289	 0.48687408567984164	 2.073173784035028	 
0.0	 0.0	 0.0	 1.0	 
12	 13	  37
0.9772703515505231	 0.14569132202640797	 -0.1540022683810648	 0.5128906474430832	 
-0.13171127422567058	 0.9864879900451912	 0.09743503342457555	 -0.20942437430730004	 
0.16611682702895048	 -0.07493653436605856	 0.9832546544995544	 0.40043600078495967	 
0.0	 0.0	 0.0	 1.0	 
12	 14	  37
0.8195208185725528	 0.26983020806931124	 -0.5055465228240086	 1.0537577258960213	 
-0.2677724514614375	 0.9602817754430396	 0.07846544456189596	 -0.48674648219003097	 
0.5066394597388817	 0.07106736638736579	 0.8592240029644528	 0.8125741481674703	 
0.0	 0.0	 0.0	 1.0	 
12	 15	  37
0.40665577942915604	 0.4100081473205693	 -0.816409453759337	 1.3736381502038453	 
-0.43231465296718746	 0.8736115683303772	 0.2233984523428876	 -0.635759895118586	 
0.8048199288578312	 0.2620994979203349	 0.5325117231603287	 1.2222154088308288	 
0.0	 0.0	 0.0	 1.0	 
12	 16	  37
0.6764080362200352	 0.3694392742741545	 -0.6371709277428949	 1.0542185006282634	 
-0.33042314840145187	 0.9253702267792023	 0.185769982481237	 -0.9764963884485584	 
0.6582497334123479	 0.08487971497591759	 0.7479991460210232	 1.0821458047595152	 
0.0	 0.0	 0.0	 1.0	 
12	 17	  37
0.5006344678864907	 0.5678308654174241	 -0.6534012839314821	 1.0246840980907461	 
-0.3925264498321018	 0.8216514540165297	 0.41329393208070486	 -0.9533409812447363	 
0.7715491661237256	 0.049568098529423094	 0.6342356721771183	 0.9999227019958541	 
0.0	 0.0	 0.0	 1.0	 
12	 18	  37
0.6420895492090761	 0.5431385991390728	 -0.5410374043647356	 0.9579114426207129	 
-0.36584551150967887	 0.8372777908723941	 0.4063532485659059	 -1.0006281601942146	 
0.6737047368875374	 -0.06297906824564047	 0.7363121379267118	 1.276770442597496	 
0.0	 0.0	 0.0	 1.0	 
12	 21	  37
0.12838585924294063	 0.7072024102787617	 -0.6952566591140011	 0.516626644098148	 
-0.49930261258765746	 0.6518175517105772	 0.570815890060157	 -1.1793675268079309	 
0.8568628666301232	 0.2738587777996899	 0.4367921675264664	 1.7570947968894326	 
0.0	 0.0	 0.0	 1.0	 
13	 14	  37
0.9353024206587586	 0.14716739963398082	 -0.32179362702645153	 0.5725407547748853	 
-0.18140362077251626	 0.980233673440104	 -0.07895993809990667	 -0.19535018297530135	 
0.3038126203443301	 0.1322259503240275	 0.9435116267330358	 0.27062916656237884	 
0.0	 0.0	 0.0	 1.0	 
13	 15	  37
0.6574048540667449	 0.3410630833626619	 -0.671933650754772	 0.85135756823084	 
-0.39830527132845367	 0.9142339950800303	 0.07435800610542315	 -0.3800817279393451	 
0.6396653567932601	 0.21875140092616793	 0.7368690900773281	 0.5040867426274954	 
0.0	 0.0	 0.0	 1.0	 
13	 16	  37
0.8381888433691922	 0.22212914987742308	 -0.4980944725914446	 0.7113705827917305	 
-0.2344987206237322	 0.9713509965100664	 0.038569309103667	 -0.7509836173421113	 
0.49239193015041244	 0.08447415198529507	 0.8662645697297781	 0.5157899090177479	 
0.0	 0.0	 0.0	 1.0	 
13	 17	  37
0.6967660404464078	 0.4460381594526912	 -0.5617535448866265	 0.6435833643594331	 
-0.3638316281356543	 0.8946964982839877	 0.25912298687404883	 -0.6975180726758274	 
0.6181776696458662	 0.023835609294199544	 0.785676926274904	 0.40566737882925985	 
0.0	 0.0	 0.0	 1.0	 
13	 18	  37
0.8188372266253577	 0.4091485039314699	 -0.4026202901284688	 0.5848754321857536	 
-0.3144456406384068	 0.9065140572985958	 0.2817023304900764	 -0.7884886737161566	 
0.4802390398291191	 -0.10406615996892644	 0.8709424200102599	 0.6451384754324607	 
0.0	 0.0	 0.0	 1.0	 
14	 15	  37
0.8600028068031029	 0.23105909588138762	 -0.45498007264193424	 0.4804676432866	 
-0.2314943667156019	 0.9712421236857403	 0.055669519104752534	 -0.08883610126216797	 
0.4547587607399405	 0.057449381100997135	 0.8887598315300849	 0.16903238805105336	 
0.0	 0.0	 0.0	 1.0	 
14	 16	  37
0.9665381375366084	 0.0805892436290634	 -0.24353521818940127	 0.37950138678661727	 
-0.07002962726482342	 0.9962029624048014	 0.051725322628749106	 -0.4333948174978137	 
0.24677901043730116	 -0.03293981644141055	 0.9685117905840857	 0.2319912665263404	 
0.0	 0.0	 0.0	 1.0	 
14	 17	  37
0.8993499741127767	 0.25421736900371295	 -0.3557290448644558	 0.2637427344470154	 
-0.16502688737454474	 0.9507850609029395	 0.26224777293098855	 -0.4501106630282972	 
0.40488980044799533	 -0.17714767077391713	 0.8970412210331019	 0.15629518306284756	 
0.0	 0.0	 0.0	 1.0	 
14	 18	  37
0.9652104011696531	 0.1837891058983541	 -0.18598506936579828	 0.2835144053841538	 
-0.1252923285644485	 0.9494087402287127	 0.28796679735731256	 -0.4636940866133686	 
0.2295010106226451	 -0.2546460455817306	 0.9394065560729135	 0.3951891275207135	 
0.0	 0.0	 0.0	 1.0	 
14	 20	  37
0.984287619278378	 0.13441846526970158	 -0.11449698131322131	 0.33293715966590903	 
-0.12056957036582543	 0.9853837423321161	 0.1203405960154496	 -0.8104076530295321	 
0.12899946215819014	 -0.10464490690946902	 0.9861077944224996	 0.9183447246135311	 
0.0	 0.0	 0.0	 1.0	 
14	 21	  37
0.7108854953202477	 0.5079829654861333	 -0.48641044326700084	 0.21782253452444636	 
-0.34209373658689035	 0.8540254345792523	 0.3919342195824938	 -0.7303867660442638	 
0.6145027973339956	 -0.1122223857687622	 0.780892084862602	 1.0266698647047101	 
0.0	 0.0	 0.0	 1.0	 
15	 16	  37
0.9549556325264986	 -0.17157123189849627	 0.24212197812414107	 -0.041535767975263524	 
0.16072142364621905	 0.9849209148450683	 0.0640266778919976	 -0.400966955678292	 
-0.24945613619842494	 -0.022228447664772187	 0.9681309478719122	 0.10959830378135578	 
0.0	 0.0	 0.0	 1.0	 
15	 17	  37
0.9970962489028685	 -0.06838155835925132	 0.033511683040232006	 -0.09899280899069271	 
0.05964403528072106	 0.9748732624260859	 0.21462691178449808	 -0.38226155969907316	 
-0.047346166468477564	 -0.21200491664836196	 0.9761210252000823	 0.066404088381579	 
0.0	 0.0	 0.0	 1.0	 
15	 18	  37
0.9649757744163079	 -0.1579856994712073	 0.20943321979151594	 0.020605437843135378	 
0.08381133912132593	 0.9421500703537947	 0.324544148563844	 -0.46614756201550966	 
-0.2485908570811448	 -0.29562436248545854	 0.9223929867907326	 0.28518366904188036	 
0.0	 0.0	 0.0	 1.0	 
15	 21	  37
0.9535694971858717	 0.2517815728220884	 -0.16526116792495346	 0.323307275660277	 
-0.2025132146577158	 0.942192493015808	 0.2669488789893212	 -0.6016851667251363	 
0.2229206404209411	 -0.22108673793760814	 0.9494351175211636	 0.8375370384358893	 
0.0	 0.0	 0.0	 1.0	 
16	 17	  37
0.9759260719696773	 0.14305299269923769	 -0.16463336031809153	 -0.09061839128734704	 
-0.11065019220578871	 0.9752389039692652	 0.19148267584731277	 0.009605160298953253	 
0.1879490277034094	 -0.1686562227272299	 0.9675899139205231	 -0.03977770319243528	 
0.0	 0.0	 0.0	 1.0	 
16	 18	  37
0.9978909425718444	 0.0529413729349436	 0.037561652850208294	 -0.05430038904058464	 
-0.05980570797817235	 0.9748018685981257	 0.214906012644673	 0.004949327710568545	 
-0.02523775002463381	 -0.2166991647638863	 0.9759121517658896	 0.18077280362613699	 
0.0	 0.0	 0.0	 1.0	 
16	 19	  37
0.9602470755063337	 -0.09624145096036364	 0.26203651863543376	 0.30095925103108595	 
0.035119834085790995	 0.972881168548683	 0.22862377202980533	 -0.4657224884063366	 
-0.2769334779966494	 -0.21033262942395242	 0.9375862807039601	 0.7743589224811237	 
0.0	 0.0	 0.0	 1.0	 
16	 20	  37
0.99419872521105	 0.014065841375596907	 0.10663511098657455	 0.19690556813316362	 
-0.017562401335146353	 0.9993360509894709	 0.03192208094894927	 -0.3437065964212359	 
-0.10611529978314041	 -0.03360966080109284	 0.9937856579025325	 0.6290405796699124	 
0.0	 0.0	 0.0	 1.0	 
16	 21	  37
0.8405436693043774	 0.4333731728713159	 -0.32507542667476735	 0.06968687130510572	 
-0.3626206277577499	 0.8958810025807733	 0.25671678858119934	 -0.25735962864177947	 
0.4024830683605324	 -0.09790261615665474	 0.9101771571692915	 0.7703361767280085	 
0.0	 0.0	 0.0	 1.0	 
17	 18	  37
0.9725112947168945	 -0.13273482376389434	 0.19131975383749186	 0.06896507623203497	 
0.11731987142540029	 0.989024559543081	 0.08981352008101443	 -0.10954763488190387	 
-0.20114131703058452	 -0.06489905377571543	 0.9774099873657007	 0.20508616136836308	 
0.0	 0.0	 0.0	 1.0	 
17	 21	  37
0.9343615358595576	 0.2943393359711009	 -0.20083046483603695	 0.3715476660766986	 
-0.28342028413590825	 0.9555020798524901	 0.08178458251948045	 -0.41960144392066145	 
0.21596634656003336	 -0.01949694072555794	 0.9762061290812791	 0.7306966228901238	 
0.0	 0.0	 0.0	 1.0	 
17	 22	  37
0.609366511892139	 0.6478523615201166	 -0.4571211785262357	 0.31826159738668913	 
-0.5846611760945956	 0.7565725152716147	 0.2928640269873802	 -0.2438126543304057	 
0.535577971309585	 0.08879947527091214	 0.8398040782465394	 0.7338815928879483	 
0.0	 0.0	 0.0	 1.0	 
18	 19	  37
0.9452731918963175	 -0.20715224598977552	 0.25208438996403326	 0.3423890724417979	 
0.21551330134002783	 0.9764842417588723	 -0.00570460709619165	 -0.5195227012932322	 
-0.24497471222081174	 0.059719951255767456	 0.967688440457123	 0.47798065151108543	 
0.0	 0.0	 0.0	 1.0	 
18	 20	  37
0.9965175535527192	 -0.037867473378805826	 0.07428876039623449	 0.26184572648020005	 
0.05014229362130526	 0.9839867870750671	 -0.17104313272411925	 -0.42864946288701883	 
-0.0666221873830221	 0.17417249301078327	 0.9824588677531033	 0.3671488480077901	 
0.0	 0.0	 0.0	 1.0	 
18	 21	  37
0.8486242397650148	 0.36396900660605275	 -0.3838794887897152	 0.16124690592451368	 
-0.36903327889539095	 0.9272542304964457	 0.06335638163721391	 -0.410226437166331	 
0.3790136392677272	 0.08789854524761256	 0.9212070923480706	 0.532153411081036	 
0.0	 0.0	 0.0	 1.0	 
19	 20	  37
0.980347073475896	 0.09482911694329543	 -0.17299437594038064	 -0.06467309186774857	 
-0.1199482033992487	 0.9827086633940575	 -0.14105357631608625	 0.10557339188806199	 
0.15662708587131233	 0.15903182533700708	 0.9747701444450586	 -0.12609245342837372	 
0.0	 0.0	 0.0	 1.0	 
20	 21	  37
0.7880079679686475	 0.4104874813536029	 -0.45885016080404434	 -0.1004639169097786	 
-0.3782231706209175	 0.9108378071520056	 0.16529283792102104	 0.14087113857867176	 
0.4857887150020903	 0.04329568932930887	 0.8730033262606263	 0.14640201235694159	 
0.0	 0.0	 0.0	 1.0	 
21	 22	  37
0.844512990110888	 0.42550328191951764	 -0.3251842041208132	 -0.10424121745389356	 
-0.40608570341794165	 0.9046646760554218	 0.1291364602933443	 0.13306558843999036	 
0.34913065034958296	 0.022995238056135736	 0.9367918701681921	 0.046665025848340695	 
0.0	 0.0	 0.0	 1.0	 
22	 23	  37
0.9736295824807355	 -0.012403981751021085	 -0.22779722859400292	 -0.07410407547960013	 
-0.08987726888570437	 0.8969099384223529	 -0.43298341642245075	 -0.11281815590663627	 
0.2096843166668289	 0.4420392557182348	 0.8721432128658881	 -0.13177011607591343	 
0.0	 0.0	 0.0	 1.0	 
23	 31	  37
0.9920703319706093	 0.09714192202903978	 -0.07974900255319227	 -0.8720926570151679	 
-0.08450511324668739	 0.9852380926362326	 0.14887842910805688	 -0.3384128513666148	 
0.09303409191736994	 -0.14095867409642449	 0.9856344707537821	 0.7337199285170202	 
0.0	 0.0	 0.0	 1.0	 
23	 32	  37
0.9562719510611085	 -0.10769529598581375	 0.2719295475602228	 -0.8539934511787896	 
0.023652047816547905	 0.9551700361784542	 0.2951114749055566	 -0.5242195558469241	 
-0.29152107341985267	 -0.2757751352268317	 0.9159495283817547	 0.6882205297676692	 
0.0	 0.0	 0.0	 1.0	 
23	 42	  37
-0.6987059192250604	 -0.4659260353105877	 0.5428839360854408	 -1.3499458575381946	 
0.3017028599015965	 0.49616040561352315	 0.8141254425631362	 -1.557444466291824	 
-0.6486797536281375	 0.7326239018221982	 -0.2060989949314587	 3.0514432532418443	 
0.0	 0.0	 0.0	 1.0	 
24	 25	  37
0.838326100877698	 0.12352842080556654	 -0.5309897153810789	 -0.028378215352008025	 
-0.15467878608882335	 0.9878599686045727	 -0.014392899730823822	 -0.004572943662672158	 
0.5227655513911417	 0.09419878811246017	 0.8472560218711104	 0.06960142040715511	 
0.0	 0.0	 0.0	 1.0	 
24	 26	  37
0.7488629535394813	 0.24193217128165254	 -0.6169871160041103	 0.14850351099895243	 
-0.2408107375144382	 0.9666853533350656	 0.086773361956369	 0.0671845716915501	 
0.6174256761051298	 0.08359576631865907	 0.7821747134366589	 0.17626417784574633	 
0.0	 0.0	 0.0	 1.0	 
24	 28	  37
0.6556352487362933	 0.2033301258097945	 -0.7271858638289609	 -0.0019117962438341667	 
-0.21469618819144146	 0.9735102627528507	 0.07863405808515965	 0.04085983413313082	 
0.7239115742896808	 0.10456877283897073	 0.6819218462231482	 0.0649662834448922	 
0.0	 0.0	 0.0	 1.0	 
24	 29	  37
0.9549456548346976	 0.12392561542360837	 -0.26966875635529264	 0.08869830946989024	 
-0.06657538715116244	 0.9749393847650025	 0.2122755611456771	 0.07876345210287497	 
0.2892170709657421	 -0.18475832288673552	 0.9392645250333249	 0.05932624351337584	 
0.0	 0.0	 0.0	 1.0	 
24	 30	  37
0.997307209537254	 0.01501908895580839	 -0.07178270524264828	 -0.15394154445814093	 
-0.023684954396271277	 0.9923158049206927	 -0.1214428517445281	 -0.08865526229976159	 
0.06940715193884536	 0.12281600169169432	 0.9899994328221626	 0.4160143526776029	 
0.0	 0.0	 0.0	 1.0	 
24	 31	  37
0.9339387473395588	 -0.0999478222328869	 0.3431746625972246	 -0.3054832948604923	 
0.027580087433775338	 0.9773974052815031	 0.20960355656841811	 -0.31506874790960404	 
-0.35636744379216395	 -0.18629209585993683	 0.9155858780175409	 0.9396278163409767	 
0.0	 0.0	 0.0	 1.0	 
25	 26	  37
0.9952155263299056	 0.08067167792452422	 -0.05511929365230879	 0.04231161161614401	 
-0.07282081341404101	 0.9885681129942684	 0.1320235399641592	 -0.015623066007715139	 
0.06513973660988408	 -0.12737804501479993	 0.9897129120924926	 0.022594854889326773	 
0.0	 0.0	 0.0	 1.0	 
25	 27	  37
0.8981317162722129	 0.1538558892074666	 -0.41193177296988087	 0.03454233182160781	 
-0.15230209199749514	 0.9876478234998533	 0.03682186183763817	 0.0008987908001038698	 
0.4125087792994428	 0.029667188814974134	 0.9104704085848703	 0.06277223070012211	 
0.0	 0.0	 0.0	 1.0	 
25	 28	  37
0.9613104593737549	 0.08043199858634985	 -0.26346326936031406	 0.001982384001824929	 
-0.07002178258027905	 0.9963568001423302	 0.04868343429151615	 0.05765655279554714	 
0.2664191259329937	 -0.028351726817632882	 0.9634402051624988	 -0.0030736612027559306	 
0.0	 0.0	 0.0	 1.0	 
25	 29	  37
0.9447463597738129	 -0.18594200432423594	 0.2699627506194421	 -0.02820084437692976	 
0.0991696452700507	 0.9470862586735556	 0.3052752857483542	 -6.965124536955652e-05	 
-0.31244150996809233	 -0.26163560472461056	 0.9131960978832776	 -0.047365775616850396	 
0.0	 0.0	 0.0	 1.0	 
26	 27	  37
0.9223772003228355	 0.09086692937022844	 -0.37545106401691475	 0.006961655469644298	 
-0.13238977831620877	 0.9874368055716555	 -0.08626413855032454	 -0.004038565030088994	 
0.36289564191650553	 0.12927395773809333	 0.9228190488545069	 0.033569252165666974	 
0.0	 0.0	 0.0	 1.0	 
26	 28	  37
0.9762415030741746	 0.007688883435073102	 -0.21654885995312317	 -0.013756583703771814	 
-0.024405255308302242	 0.9969128718198732	 -0.07462646657312012	 0.030098875154419762	 
0.21530655166253557	 0.07813838411033515	 0.9734153695826938	 -0.01796624537412585	 
0.0	 0.0	 0.0	 1.0	 
26	 29	  37
0.9386944790187887	 -0.20111610611599653	 0.280008905073363	 0.0037291977354997597	 
0.16027282077694543	 0.9736798124221694	 0.1620501336060208	 0.104976323253263	 
-0.30522991003478916	 -0.10723774868145688	 0.9462213098836268	 -0.06690381137387513	 
0.0	 0.0	 0.0	 1.0	 
27	 28	  37
0.9928098692629486	 -0.0353355056189469	 0.11436767697535888	 0.03933866015491463	 
0.027857522823185217	 0.9974083817539813	 0.06633610200381139	 -0.06555702615154836	 
-0.11641529932204943	 -0.0626731365862422	 0.9912212447451876	 -0.04052513525896487	 
0.0	 0.0	 0.0	 1.0	 
28	 29	  37
0.8348780435204216	 -0.23685172810580965	 0.4968701151617028	 -0.064229753614315	 
0.12271642860855063	 0.9600589520668578	 0.25145076397945026	 0.027248982609718975	 
-0.5365811500575424	 -0.1489565958579153	 0.8305977377487532	 -0.03942920683240004	 
0.0	 0.0	 0.0	 1.0	 
29	 30	  37
0.9835145909638064	 -0.035187707880879805	 0.17737213584829098	 -0.012503160677771972	 
0.08449689009752973	 0.9566401560087205	 -0.2787469954554779	 -0.2968469241773674	 
-0.15987283986074832	 0.2891391310869215	 0.9438428036220649	 0.3239069838374699	 
0.0	 0.0	 0.0	 1.0	 
29	 31	  37
0.7843046704242966	 -0.1904234352097423	 0.5904278950672615	 -0.12642950843244188	 
0.20441104111757155	 0.977902146071124	 0.043857940885548743	 -0.5341183501379552	 
-0.5857322854511833	 0.08629199286382672	 0.8058978730259329	 0.8540651816129979	 
0.0	 0.0	 0.0	 1.0	 
30	 31	  37
0.902259903535546	 -0.16544270270313785	 0.39819063097253754	 -0.11824915788698857	 
0.0488295805613629	 0.9567261667937377	 0.28686358052977506	 -0.1274820425575862	 
-0.42841888209348106	 -0.23938202500280228	 0.8712941567411835	 0.5521016002000005	 
0.0	 0.0	 0.0	 1.0	 
30	 32	  37
0.695574905729078	 -0.3943948613147705	 0.6005233083640361	 0.018741890476819435	 
0.07830149112874861	 0.8724912303254075	 0.4823151765104129	 -0.36495343190835083	 
-0.7141739473034554	 -0.28846446293046113	 0.6377647110175052	 0.5176663361243904	 
0.0	 0.0	 0.0	 1.0	 
31	 32	  37
0.9201450623932714	 -0.2216460034867765	 0.32280971684821147	 0.057051617793555776	 
0.16246065199705906	 0.9661700154425035	 0.20030486217893703	 -0.19600857858109513	 
-0.3562858412931573	 -0.1318656528371678	 0.9250253233808545	 -0.06845066033129397	 
0.0	 0.0	 0.0	 1.0	 
31	 33	  37
0.9514835525416242	 -0.07486604239762192	 0.29845288562600225	 -0.23057914351899925	 
0.10080678000907527	 0.9922630416343756	 -0.0724710239385271	 -0.4780773054043056	 
-0.2907181493250326	 0.09904106169773319	 0.9516689685761607	 0.44971502808421965	 
0.0	 0.0	 0.0	 1.0	 
31	 47	  37
0.08024192590961217	 -0.3247931984202341	 0.9423749845927948	 -2.2348146938866176	 
0.5702903499416373	 0.79035717588189	 0.223840236095855	 -0.7030401869435169	 
-0.8175146176612139	 0.5194659880992765	 0.24864620873498397	 1.6169973807655336	 
0.0	 0.0	 0.0	 1.0	 
31	 48	  37
-0.5816162427211851	 0.1836896357327075	 -0.7924523101911418	 1.161688674825836	 
-0.8005173046497839	 -0.3023524666209104	 0.5174505105655007	 -1.4887020135564404	 
-0.14454961487025028	 0.9353294091669726	 0.32289983770238384	 2.1219907394738042	 
0.0	 0.0	 0.0	 1.0	 
33	 34	  37
0.9002835979012216	 0.13097934343692194	 -0.41513112981666905	 -0.43011115142766704	 
-0.17239978193565345	 0.9829625578997401	 -0.06374107745982929	 -0.16050668459947837	 
0.3997095927527509	 0.12895356280473128	 0.9075258784747661	 0.5994854991671533	 
0.0	 0.0	 0.0	 1.0	 
33	 36	  37
0.876668939462198	 0.15358412568935492	 -0.45592048310912797	 -0.505681635159367	 
-0.1382711415955604	 0.9881261680237251	 0.06699080137309518	 -0.30301213587088593	 
0.46079568355626394	 0.00431189088282411	 0.8874957721662279	 0.9458258947524596	 
0.0	 0.0	 0.0	 1.0	 
33	 38	  37
0.9671698118842098	 -0.1871079543676471	 0.17196850988543688	 -1.0410879053897268	 
0.1706908394877674	 0.9796196164630719	 0.1058774969278496	 -0.6511020690788949	 
-0.18827424756143446	 -0.07304806946867327	 0.9793961339785233	 1.1890822183044722	 
0.0	 0.0	 0.0	 1.0	 
33	 41	  37
0.5261199631605548	 -0.45074248108908915	 0.7211303627677796	 -1.4531801406454636	 
0.32780512436545034	 0.889939770738325	 0.31709778444191367	 -0.4721674354984557	 
-0.784692031821204	 0.06955875358192087	 0.6159707744661601	 1.2083526809656497	 
0.0	 0.0	 0.0	 1.0	 
33	 42	  37
0.2774793574923197	 -0.4822869184275907	 0.8309058517541374	 -1.9740760366397088	 
0.3877938888851568	 0.8475068424190113	 0.3624197177255731	 -0.35866686424227445	 
-0.8789886836068914	 0.2216562211321304	 0.42219357376024574	 1.0640387255807116	 
0.0	 0.0	 0.0	 1.0	 
33	 47	  37
0.29289743017729164	 -0.2595085626522608	 0.920253444060763	 -2.670115816794675	 
0.5718724214967265	 0.8188833805377831	 0.04890749033106189	 0.3992835483685289	 
-0.7662721637427585	 0.5119426872113421	 0.3882546278974929	 0.8892635327649184	 
0.0	 0.0	 0.0	 1.0	 
33	 48	  37
0.9840282008171516	 -0.0582990838827586	 0.1681954720406898	 -0.6451802325635725	 
0.08207691759690262	 0.9870147354554245	 -0.13807712189805493	 0.11456833534464662	 
-0.15796163962921686	 0.14967674773420903	 0.9760353434140389	 0.6225325119172626	 
0.0	 0.0	 0.0	 1.0	 
34	 35	  37
0.9592312925972488	 0.04147446239145809	 -0.2795625087016333	 -0.2250658281082196	 
-0.1021928422701673	 0.9731435733673692	 -0.20627217117811084	 -0.04920091367689254	 
0.2634994312915221	 0.2264320087424186	 0.9377081609572976	 0.012168140552918552	 
0.0	 0.0	 0.0	 1.0	 
34	 36	  37
0.9988084028411931	 -0.04080258851184648	 -0.0267754212769192	 0.009131384667144297	 
0.042818747030156784	 0.99590401674717	 0.07963506972194453	 -0.06942438798754853	 
0.023416432618804987	 -0.08068666678940466	 0.9964644160660348	 0.3654267662708038	 
0.0	 0.0	 0.0	 1.0	 
34	 37	  37
0.9652670975801236	 -0.22455771970315172	 0.1335412327746153	 -0.1333070343012881	 
0.17803150861081846	 0.9394340647801297	 0.2928624589674107	 -0.41832141691993263	 
-0.19121770909358574	 -0.2589159486250369	 0.9467831426871716	 0.7542456919241016	 
0.0	 0.0	 0.0	 1.0	 
35	 50	  37
0.743196123953737	 -0.20628393994843797	 0.6364797384516574	 -1.6703800737283858	 
0.08138065497238503	 0.9720923621872257	 0.22003097139612834	 0.09935226950525224	 
-0.6641059481260545	 -0.11172902709953006	 0.7392427978458669	 1.265315689477309	 
0.0	 0.0	 0.0	 1.0	 
36	 37	  37
0.9598158108515346	 -0.20537323647358335	 0.19124707312734776	 -0.18740571919762183	 
0.16570624973616638	 0.9647623464680025	 0.204389465569852	 -0.3890282611239041	 
-0.2264841010706648	 -0.16448540536448802	 0.9600257826664308	 0.36647929943122337	 
0.0	 0.0	 0.0	 1.0	 
36	 48	  37
0.38083063146576296	 -0.2541310280247114	 0.8890362482669039	 -1.899536568654466	 
0.46136486258086384	 0.8854740703355158	 0.05548093671878773	 0.07351981114709503	 
-0.8013179729128309	 0.38904124634613874	 0.4544627761745888	 0.5836797006120303	 
0.0	 0.0	 0.0	 1.0	 
36	 49	  37
0.8315630178694379	 -0.11469180877353416	 0.5434599675340662	 -1.932115600521497	 
0.203062408449011	 0.9734910229072726	 -0.10526579023518738	 0.10756286996454344	 
-0.5169802758198421	 0.19789142810947186	 0.8328087277965048	 0.4451756089915832	 
0.0	 0.0	 0.0	 1.0	 
37	 38	  37
0.920516816185813	 -0.1292289249462508	 0.3687121859613132	 -0.09586082946581455	 
0.18804052963590523	 0.9737630127788702	 -0.12816533914466252	 -0.022111062563275465	 
-0.34247562005693505	 0.18731118466619728	 0.9206655037338827	 0.012424385568513552	 
0.0	 0.0	 0.0	 1.0	 
37	 49	  37
0.2493268137824369	 0.5713111052674192	 -0.7819461368452543	 1.8789391185157118	 
-0.936218987116724	 0.34868178265597516	 -0.043760971264195266	 -0.22564681014359766	 
0.24764924407563302	 0.742983603750426	 0.6218080221955944	 0.9093308932651125	 
0.0	 0.0	 0.0	 1.0	 
38	 39	  37
0.9283615469522996	 -0.12431348564062822	 0.35027274434104927	 0.10996627128860154	 
0.17415161840937277	 0.9780442430667724	 -0.11445816881874102	 0.10704942231778032	 
-0.32835354718006154	 0.16725912797758016	 0.929628061195686	 0.04880675859370092	 
0.0	 0.0	 0.0	 1.0	 
39	 40	  37
0.9193933139246738	 -0.14013321564387907	 0.36753042892243915	 -0.10972458827827057	 
0.1466633597696815	 0.9891333017678337	 0.010255254015976163	 0.1025585969203901	 
-0.3649736883827035	 0.04447463554846946	 0.9299549524472444	 0.013139061327055949	 
0.0	 0.0	 0.0	 1.0	 
40	 41	  37
0.9982884702997874	 -0.029469236806897205	 0.05051429647662779	 -0.19549803958379208	 
0.02345977033375038	 0.993009198178118	 0.11568220048709765	 0.22369038778902453	 
-0.05357022720128491	 -0.1142991531712655	 0.9920009749702533	 -0.46138136710412186	 
0.0	 0.0	 0.0	 1.0	 
41	 42	  37
0.9715757243545009	 -0.12638645028591988	 0.2001676223297613	 -0.06335313622785683	 
0.1281352693226451	 0.9917476019561339	 0.004248148993349242	 0.22673640875039774	 
-0.19905266790635728	 0.021521133761518027	 0.9797524565934909	 -0.37103055947709285	 
0.0	 0.0	 0.0	 1.0	 
41	 43	  37
0.8628232758598755	 -0.17889767344836727	 0.4727913039272131	 0.08006189157142242	 
0.2572334986889702	 0.9605188486611372	 -0.10599277578643326	 0.2592066218867646	 
-0.4351630979146375	 0.21307079528044895	 0.8747764939753991	 -0.650645567301654	 
0.0	 0.0	 0.0	 1.0	 
41	 44	  37
0.8914313042561886	 -0.0996597407092239	 0.4420612693664548	 -0.03139744627385833	 
0.3016883973624592	 0.8584247280752129	 -0.414838639865993	 0.9323966050704084	 
-0.33813361366327077	 0.503164905682785	 0.795292862409975	 -0.36697408605920995	 
0.0	 0.0	 0.0	 1.0	 
41	 45	  37
-0.4909629683006319	 -0.10032885165150038	 0.8653840103004692	 -2.3699284467458632	 
0.42595651289488884	 0.8388669847427325	 0.33891478432057315	 -1.1523685202112397	 
-0.7599450064839278	 0.5350105638535797	 -0.36911689704647177	 2.9263057384953464	 
0.0	 0.0	 0.0	 1.0	 
41	 46	  37
0.9139047367028775	 -0.04719027362425836	 0.403176400980155	 -0.08793150210354488	 
0.15831344312635484	 0.9560055622885795	 -0.2469619780427255	 0.5399661246681199	 
-0.3737846786018946	 0.2895279657452192	 0.8811688663893619	 -0.524251610395004	 
0.0	 0.0	 0.0	 1.0	 
41	 47	  37
0.9941138355050718	 -0.09206031511478717	 0.057119002427922755	 0.2425939822968609	 
0.10047061215313607	 0.9806373337372941	 -0.16809543650612882	 0.6290266921494805	 
-0.0405381073925401	 0.1728447802555168	 0.9841144972956416	 -0.8025811463601004	 
0.0	 0.0	 0.0	 1.0	 
41	 48	  37
0.9241996923087081	 0.10295261558320029	 -0.3677712436842602	 0.20996235659405732	 
-0.16801469784440393	 0.9743900610142211	 -0.14944922316612	 0.6268589529466769	 
0.3429664561509529	 0.1999119004493746	 0.9178285471775084	 -0.9457612940151283	 
0.0	 0.0	 0.0	 1.0	 
42	 43	  37
0.9365513816300771	 -0.06514346319816942	 0.34442392305027497	 -0.028833504427271978	 
0.11519560899159931	 0.9852038580611712	 -0.12689889570219584	 -0.05017343812324658	 
-0.3310611442556302	 0.1585234596642748	 0.9301982753694079	 -0.22977620878415553	 
0.0	 0.0	 0.0	 1.0	 
42	 44	  37
0.9484328396888483	 -0.0862089109087151	 0.3050297891676814	 -0.09027653730106337	 
0.1625026397952247	 0.9584656086635215	 -0.23438551377772415	 0.20173818861833656	 
-0.27215444265955036	 0.27186706437006575	 0.9230494345653822	 -0.0895779269639608	 
0.0	 0.0	 0.0	 1.0	 
42	 45	  37
0.8953881102729594	 -0.04757181042035128	 0.44273813347750973	 -0.43797961762257753	 
0.19812443970710633	 0.9329982644605319	 -0.30043459338827966	 0.2944050795615459	 
-0.39878169262462904	 0.3567228074667582	 0.844820691188651	 0.051510927900462015	 
0.0	 0.0	 0.0	 1.0	 
42	 46	  37
0.9835594043114015	 0.01068722512256646	 0.1802683594249963	 0.07367517198748674	 
0.03447803368703723	 0.9687709147430767	 -0.24554873231384694	 0.232590618101317	 
-0.17726297804018637	 0.24772706345298914	 0.9524752693111156	 -0.16269164134682504	 
0.0	 0.0	 0.0	 1.0	 
42	 47	  37
0.9874937630802815	 0.00716486774219551	 -0.15749518261769646	 0.43403838013279983	 
-0.03164956322054048	 0.9876397611544419	 -0.1535122383875193	 0.3544029817890873	 
0.15444860965866175	 0.15657703170335827	 0.9755148692446832	 -0.3818065341016017	 
0.0	 0.0	 0.0	 1.0	 
42	 48	  37
0.8202529614852038	 0.17640082525137815	 -0.5441211519738818	 0.3839047982775547	 
-0.2829790487160907	 0.9518390595536452	 -0.11800535028449421	 0.4371316973028369	 
0.4970995244038034	 0.25076912401382806	 0.8306665451785383	 -0.5291614521866143	 
0.0	 0.0	 0.0	 1.0	 
43	 44	  37
0.9969194763620614	 -0.07387907386854507	 -0.026333250735908545	 -0.09161510714172837	 
0.07084335368144114	 0.9922706407942208	 -0.10188324031455258	 0.2559833820092456	 
0.033656751019080174	 0.09970385078898777	 0.9944477689897483	 0.049462264209632976	 
0.0	 0.0	 0.0	 1.0	 
43	 45	  37
0.994906778989992	 -0.058576448099024216	 0.08203231587527031	 -0.3859312375240544	 
0.07032481043719714	 0.9863994435098857	 -0.14856163327171185	 0.31419780065522135	 
-0.07221441792834742	 0.15357388310350448	 0.9854948707485899	 0.07901264702276738	 
0.0	 0.0	 0.0	 1.0	 
43	 46	  37
0.9816291737528565	 0.03422545933497707	 -0.18770397750339193	 0.13394401307928713	 
-0.05904406729438092	 0.9899800567659471	 -0.1282703602670078	 0.3351002147297997	 
0.1814330823048019	 0.13699673404501753	 0.9738141154791186	 0.07114624272569339	 
0.0	 0.0	 0.0	 1.0	 
43	 47	  37
0.8832072566215589	 0.09118423475202819	 -0.4600330174929904	 0.44896613342606045	 
-0.09915841903853387	 0.9950480216113908	 0.0068587623544831096	 0.3660818889106833	 
0.458380354928958	 0.03955843803720895	 0.8878753179333558	 -0.055562431567169814	 
0.0	 0.0	 0.0	 1.0	 
44	 45	  37
0.991362520304429	 -0.01667353916278494	 0.13008591940497322	 -0.34948687386006194	 
0.02082069092157616	 0.9993152815865592	 -0.030585402026518986	 0.011862523296755653	 
-0.12948688028212857	 0.03302969995871371	 0.9910308707378591	 0.04587393364688489	 
0.0	 0.0	 0.0	 1.0	 
44	 46	  37
0.981122566722409	 0.0931730187309784	 -0.16946178816650181	 0.2542892144320128	 
-0.09824922497730205	 0.9949230002069566	 -0.021801684580502485	 0.07020526388094189	 
0.16657010193726546	 0.03803961408512158	 0.9852955845333234	 -0.002759926519373309	 
0.0	 0.0	 0.0	 1.0	 
44	 47	  37
0.8884222257389942	 0.13959200085615156	 -0.43728711633198974	 0.576790220531655	 
-0.08741459549765491	 0.9866556665203672	 0.13736551320193408	 0.0410474158971676	 
0.45062693806179904	 -0.08381329858814476	 0.8887692015775642	 -0.13277690795554367	 
0.0	 0.0	 0.0	 1.0	 
45	 46	  37
0.9557203223413646	 0.10654928355021652	 -0.27430988979374005	 0.5486434518566732	 
-0.09511773027919977	 0.9939629692425885	 0.054683024431626495	 -0.05485867115256235	 
0.2784803096275414	 -0.026169943626077056	 0.9600853353740784	 0.0329917053009964	 
0.0	 0.0	 0.0	 1.0	 
45	 47	  37
0.80935339762007	 0.10811191489394832	 -0.577285797173993	 1.0188393338028454	 
-0.02912380933501559	 0.9890904773036674	 0.14440163239042877	 0.02645061889575071	 
0.5865994216589946	 -0.10005919030836997	 0.8036723691555945	 -0.025782283580125655	 
0.0	 0.0	 0.0	 1.0	 
46	 47	  37
0.9512426601957986	 -0.010560313845928319	 -0.3082626821318052	 0.31023455213134277	 
0.047531938877634614	 0.9924944146646675	 0.11267453858778914	 -0.00035203895803017157	 
0.3047591117754343	 -0.12183315078792796	 0.9446049794273448	 -0.18631271027666307	 
0.0	 0.0	 0.0	 1.0	 
46	 48	  37
0.7020277289439055	 0.19597048437468778	 -0.6846551227061782	 0.39060642218531594	 
-0.16969632702380066	 0.9797326305373338	 0.10642898691158773	 0.05252586406106821	 
0.6916359044963565	 0.0414673596259254	 0.7210549449918228	 -0.3121130760527937	 
0.0	 0.0	 0.0	 1.0	 
47	 48	  37
0.8705511287013171	 0.16717903881224738	 -0.46280870918628464	 0.11560986515558908	 
-0.17670392515637867	 0.9839938324450913	 0.023062101906590773	 0.014261639028446956	 
0.4592564154709113	 0.06170337666476621	 0.886158133832204	 -0.13760721496155992	 
0.0	 0.0	 0.0	 1.0	 
48	 49	  37
0.8470978997621866	 0.17784698908203123	 -0.5007949647240351	 0.11288466850358468	 
-0.16479608775055055	 0.9837961622034661	 0.07062124818949932	 0.008417225747087568	 
0.5052399407020434	 0.022705939931786837	 0.8626801508155898	 -0.11823183821962174	 
0.0	 0.0	 0.0	 1.0	 
48	 50	  37
0.6358927113648328	 0.3140136674855674	 -0.7050077136211674	 0.32310237161464217	 
-0.28107970055153664	 0.9449765074264679	 0.16737264516620945	 0.010354691789016483	 
0.7187730250718517	 0.0917323118881163	 0.6891665411094194	 -0.1486676304458257	 
0.0	 0.0	 0.0	 1.0	 
49	 50	  37
0.9633135864980494	 0.1099078201476141	 -0.24484118350200934	 0.08911616783698405	 
-0.09623429264470067	 0.9930900912456907	 0.06716421360218139	 -0.02547727885929632	 
0.2505312255736577	 -0.041138081384831264	 0.9672340788415884	 -0.12218339706681236	 
0.0	 0.0	 0.0	 1.0	 
49	 51	  37
