1	 2	  37
0.8672753774411519	 -0.10483289126453903	 0.48666568051735964	 -0.20930463003620103	 
0.07717424209854348	 0.9940704925721188	 0.07660282079623837	 -0.02113224036521385	 
-0.49181048793292625	 -0.028877685269815344	 0.8702232605789353	 0.3054788888894212	 
0.0	 0.0	 0.0	 1.0	 
2	 3	  37
0.8307218319338913	 -0.15639133064552377	 0.5342686493210342	 -0.5747694793571613	 
0.14219076083199933	 0.9875026324090382	 0.06797307201559653	 -0.045787615623381926	 
-0.5382220967987258	 0.019501350828671903	 0.8425773981263918	 0.1398058223247841	 
0.0	 0.0	 0.0	 1.0	 
2	 5	  37
0.7068542609812253	 -0.15178644311370884	 0.6908819938452402	 -1.0334561812285834	 
0.10134952468580533	 0.9883609701303868	 0.11344984164326098	 -0.09878821192666873	 
-0.7000609456173418	 -0.010171942282987848	 0.7140106469875254	 0.24176837314543811	 
0.0	 0.0	 0.0	 1.0	 
2	 7	  37
0.8409466894724464	 -0.0986929845171334	 0.5320416903518315	 -0.9191384913970458	 
0.10978386604418067	 0.9938963532576135	 0.010841666735805241	 -0.11430253666495754	 
-0.5298642922689988	 0.04929232991366582	 0.8466487453424562	 0.3466628544521311	 
0.0	 0.0	 0.0	 1.0	 
3	 4	  37
0.9554567436686368	 -0.020407131309060054	 0.2944247951003093	 -0.3888287517698911	 
-0.00690460777390307	 0.9957878898847083	 0.09142649916981715	 0.06970880198258797	 
-0.2950503980163611	 -0.08938695291089567	 0.9512913514164264	 -0.36320258277202516	 
0.0	 0.0	 0.0	 1.0	 
3	 5	  37
0.9791424249000451	 0.005410968408848452	 0.20310301125718971	 -0.4263923539326712	 
-0.01280332986737682	 0.9993017579228622	 0.03510087401453454	 -0.013689959241747776	 
-0.20277126646832122	 -0.03696914974888565	 0.9785280248729095	 -0.16660257417672233	 
0.0	 0.0	 0.0	 1.0	 
3	 6	  37
0.9893691233900739	 0.04934553433360532	 0.13679823070378883	 -0.4215761531290604	 
-0.016081574148835546	 0.9720265136794538	 -0.23431995151301713	 -0.06767475413984893	 
-0.14453415048095594	 0.2296289941307458	 0.9624865736202506	 -0.015327596499374182	 
0.0	 0.0	 0.0	 1.0	 
3	 7	  37
0.9989255775216266	 0.03407503563011514	 -0.031409911172905605	 -0.33724796025298126	 
-0.03516217537361043	 0.9987778223235307	 -0.03473446498308502	 -0.06677776973461573	 
0.030187944548758786	 0.03580158629826451	 0.998902865359014	 -0.0046622490256052205	 
0.0	 0.0	 0.0	 1.0	 
3	 38	  37
0.381952045900684	 -0.49769047046072123	 0.7787276996774082	 -2.2164018376463495	 
0.3420832007224096	 0.8588997912792797	 0.38114332254930094	 -0.5494834804627509	 
-0.8585404582288431	 0.12081119216775824	 0.4983100816070369	 1.5341991304966263	 
0.0	 0.0	 0.0	 1.0	 
3	 39	  37
0.09452879430915276	 -0.33792576975926436	 0.9364136271856929	 -2.1416831471260167	 
0.23080708492581137	 0.9224354121353511	 0.3095819761981194	 -0.6682160156634723	 
-0.9683968177325382	 0.18686648862568242	 0.16519236917666785	 1.5218416521665745	 
0.0	 0.0	 0.0	 1.0	 
3	 40	  37
0.9874664909981029	 -0.010888949308227735	 0.15745272286897904	 -0.7035478429503954	 
-0.024882833015997644	 0.9744001410187324	 0.22343949920229297	 -0.09093526566485344	 
-0.15585497674758622	 -0.22455688803872448	 0.9619165401724687	 -0.19676836298455663	 
0.0	 0.0	 0.0	 1.0	 
3	 41	  37
-0.1409122661527563	 -0.5160091332696845	 0.8449131953224326	 -1.6431858690952814	 
0.20337508840726803	 0.8201400848700644	 0.5347979194094331	 -0.7911279745937285	 
-0.9689077905884695	 0.24719388255292923	 -0.01062439482407481	 1.761659047834244	 
0.0	 0.0	 0.0	 1.0	 
3	 45	  37
-0.2354692382290325	 -0.00883202497776721	 0.9718416708407962	 -2.066523194417004	 
0.26630671561876196	 0.9611003848002838	 0.07325833435926675	 -0.7510061204770562	 
-0.9346844232489308	 0.27605804764856695	 -0.22395754790646058	 1.842022535870291	 
0.0	 0.0	 0.0	 1.0	 
3	 46	  37
0.06977175521954981	 -0.18034697849794762	 0.9811253077564782	 -2.4585738007521214	 
0.22237527629772866	 0.9615857416948996	 0.1609412869980221	 -0.599999596607298	 
-0.9724613815803138	 0.20694885531389523	 0.10719623416508782	 1.6575677606021726	 
0.0	 0.0	 0.0	 1.0	 
3	 47	  37
-0.14818476277554007	 -0.46455063618772213	 0.8730601253629319	 -1.7474483091416688	 
0.20678154817092584	 0.8487390883842935	 0.4867066377034877	 -0.7020830072459515	 
-0.9671001330871544	 0.25265523201822215	 -0.029709700715868495	 1.83848762234218	 
0.0	 0.0	 0.0	 1.0	 
4	 5	  37
0.9959582652840719	 0.01889437613699011	 -0.08780738216536521	 -0.11255289908668303	 
-0.024355511470431655	 0.9978070889479775	 -0.06154528662842591	 -0.09813573075219538	 
0.08645196859154937	 0.06343513061037544	 0.9942343995915096	 0.1602804941622142	 
0.0	 0.0	 0.0	 1.0	 
4	 6	  37
0.9893250492063699	 -0.020251228477899806	 -0.1443115891325036	 -0.1565492441044603	 
-0.024487973764022827	 0.953111537090093	 -0.30162681745277803	 -0.21859296426442248	 
0.14365335413329255	 0.3019408644269515	 0.94244120677916	 0.2996080167894471	 
0.0	 0.0	 0.0	 1.0	 
4	 7	  37
0.9465167441096071	 0.02143820170903374	 -0.3219416975597153	 -0.08098896230579387	 
-0.06817087722516071	 0.9885527974948989	 -0.13459605515527168	 -0.13015657371082628	 
0.3153708683732545	 0.14934446783356792	 0.9371432362819506	 0.3248017748593358	 
0.0	 0.0	 0.0	 1.0	 
4	 38	  37
0.6047820288681096	 -0.543864073329516	 0.5817650447556988	 -2.2011056052842752	 
0.43413915350562626	 0.8375623952250167	 0.33168121668003875	 -0.768924424029805	 
-0.6676540218942678	 0.05197214490820498	 0.7426553731052171	 1.1527089566519908	 
0.0	 0.0	 0.0	 1.0	 
4	 39	  37
0.3398622496299567	 -0.3877275227852049	 0.856831966812229	 -2.2888760621603024	 
0.3557502610493068	 0.8963683548698252	 0.264509969852388	 -0.8596257282429226	 
-0.8705948558542105	 0.21492124246525632	 0.44257593303000003	 1.2858121985184707	 
0.0	 0.0	 0.0	 1.0	 
4	 40	  37
0.3870860420315765	 -0.4820661743981924	 0.78598765865974	 -2.0191126867852733	 
0.31929266594408484	 0.8697798516644171	 0.37621164670029045	 -0.8210792544413487	 
-0.8649951384479846	 0.1053338176452202	 0.49059983420465586	 1.4083413173309005	 
0.0	 0.0	 0.0	 1.0	 
4	 41	  37
0.15114727752796217	 -0.5647669527599294	 0.8112908168875997	 -1.7803881283605874	 
0.2900878328553031	 0.8099265549948135	 0.5097725225466232	 -0.9923698479856062	 
-0.9449886505801002	 0.1582948659448484	 0.28625021517948845	 1.546176745597516	 
0.0	 0.0	 0.0	 1.0	 
4	 46	  37
0.33843134247621637	 -0.22843529858404032	 0.912842560790504	 -2.6075619022103496	 
0.2970886311565356	 0.9464078192240049	 0.12669090318250256	 -0.7956351386291826	 
-0.8928620115489743	 0.22831897440309873	 0.388159598954136	 1.291370887274989	 
0.0	 0.0	 0.0	 1.0	 
4	 47	  37
0.18238375922861724	 -0.5166942538359001	 0.8365185069217539	 -1.8698635396394419	 
0.2616780238103405	 0.8456119231893727	 0.4652580866730689	 -0.862764533689169	 
-0.9477662033562667	 0.13404299091311275	 0.28943341265775546	 1.517871317673066	 
0.0	 0.0	 0.0	 1.0	 
5	 6	  37
0.9991072524935131	 -0.031153183006273837	 -0.028533790555082247	 -0.09499582329204814	 
0.023207249314694887	 0.9691218390384105	 -0.2454878503674975	 -0.1191077463032379	 
0.03530044750579358	 0.24460650090990388	 0.9689796376180994	 0.14062028454375322	 
0.0	 0.0	 0.0	 1.0	 
5	 7	  37
0.974267744581246	 0.0019162655947146774	 -0.22538564682504222	 0.03167309859726889	 
-0.016428519450976606	 0.9979078196249677	 -0.06253069070457723	 -0.06882402177927405	 
0.22479427398673008	 0.06462438748269221	 0.9722608821326021	 0.15970530360124094	 
0.0	 0.0	 0.0	 1.0	 
5	 38	  37
0.5457804078995834	 -0.54533635692777	 0.6361855108108896	 -2.0319616442329838	 
0.3858945838347217	 0.8375126964375172	 0.3868563731838801	 -0.6601144178595678	 
-0.7437802878000943	 0.03436191378119665	 0.6675403675893331	 1.2420222474611988	 
0.0	 0.0	 0.0	 1.0	 
5	 39	  37
0.3091955716197804	 -0.4046059407618695	 0.8606347257640256	 -1.9580945132853451	 
0.3149017867181921	 0.8974859006295463	 0.30879754353437255	 -0.7231670714041992	 
-0.8973488525720684	 0.17553657986691912	 0.4049097997285535	 1.1669902142251052	 
0.0	 0.0	 0.0	 1.0	 
5	 40	  37
0.24775652250236854	 -0.5187633047248528	 0.818230614942073	 -1.8116554444064321	 
0.30696470388230274	 0.8430819248803437	 0.44157166860035846	 -0.7144684036414879	 
-0.9189066199173795	 0.14176565737513488	 0.36812107011282624	 1.5197324099521328	 
0.0	 0.0	 0.0	 1.0	 
5	 45	  37
-0.1947802234524677	 -0.15824626374423592	 0.9679973060720756	 -2.070068620221982	 
0.2765889025657243	 0.9379869427113953	 0.20899539296457295	 -1.1505311221142924	 
-0.9410415737518159	 0.30844548191522875	 -0.13893214587267844	 1.9450456091967023	 
0.0	 0.0	 0.0	 1.0	 
5	 46	  37
0.291873917305016	 -0.29600229064085337	 0.9095011051848112	 -2.252159782901318	 
0.2957116544673161	 0.9322446317148174	 0.20850554920938522	 -0.7857445791736558	 
-0.9095956430245408	 0.20809274512647574	 0.3596292196366977	 1.1543384687168385	 
0.0	 0.0	 0.0	 1.0	 
6	 7	  37
0.9785508371574966	 0.024724889922588783	 -0.20451635366561657	 0.1592938157343201	 
0.01681627549172611	 0.9798710553694443	 0.198921913643916	 -0.002556089906578845	 
0.20531797772467486	 -0.19809440847102944	 0.9584378609777277	 0.030328052273264208	 
0.0	 0.0	 0.0	 1.0	 
6	 46	  37
0.1908612891646686	 -0.2868375189330688	 0.938773777877675	 -2.216263416623161	 
0.09899151249799812	 0.9571033272711028	 0.2723121396117761	 -0.33173061891112554	 
-0.9766128448631832	 0.04095679014407807	 0.21106845474711408	 1.4330724030170274	 
0.0	 0.0	 0.0	 1.0	 
7	 38	  37
0.35714620389504453	 -0.5344668180311236	 0.7660233739691265	 -1.767141582647052	 
0.36742953892370983	 0.8343826989639974	 0.4108540441517698	 -0.4788692016054455	 
-0.8587445038948831	 0.1347246528785291	 0.4943755100498913	 1.5334105411250398	 
0.0	 0.0	 0.0	 1.0	 
7	 46	  37
-0.010865391953469227	 -0.3019314655589022	 0.9532677133749733	 -1.9072345718310548	 
0.19705824389541438	 0.9339822292272902	 0.29806919331000575	 -0.8008712995402955	 
-0.9803315723624082	 0.19108790017443728	 0.04935000138167652	 1.7642042748396392	 
0.0	 0.0	 0.0	 1.0	 
8	 9	  37
-0.540118619040367	 -0.2836727894775476	 0.7923393375795214	 -2.012275119340857	 
-0.2691997045794668	 -0.8337813528907705	 -0.4820167783656128	 1.5976128003566832	 
0.7973728089295844	 -0.4736437522882187	 0.3739762017803826	 1.9169599979413015	 
0.0	 0.0	 0.0	 1.0	 
8	 35	  37
0.9565856049885564	 -0.2852475074866283	 0.0598150466132312	 -2.0209445769865755	 
0.2747906159289579	 0.9510993642598173	 0.1410677734351644	 -0.5834898284389503	 
-0.09712928356608454	 -0.11850678789519639	 0.9881912990391591	 0.0688363719226698	 
0.0	 0.0	 0.0	 1.0	 
8	 36	  37
-0.8775621672466779	 -0.029077425750074003	 -0.47858034427780616	 0.2894515016885706	 
-0.29577131576807353	 0.8184387783821097	 0.4926228728035497	 -1.2173481726527209	 
0.3773645073216837	 0.5738575340205518	 -0.7268311765889746	 3.58745246944946	 
0.0	 0.0	 0.0	 1.0	 
8	 37	  37
0.7866333562314066	 -0.4417649276848303	 0.43133712051217027	 -1.4512301577049456	 
0.334813070703873	 0.8921869601396009	 0.30315447521470357	 -0.6140396786787107	 
-0.518756369165678	 -0.09405411646746699	 0.8497326948079426	 1.0020985185303217	 
0.0	 0.0	 0.0	 1.0	 
8	 38	  37
-0.11321330013098468	 -0.5498660638899009	 0.8275445972608843	 -1.0215411524358577	 
0.4490931457705338	 0.7146416874036001	 0.5362859359025383	 -0.776349661274582	 
-0.8862833040824913	 0.4323593070666601	 0.1660341365426393	 1.4404323915094088	 
0.0	 0.0	 0.0	 1.0	 
9	 10	  37
0.8097327855230034	 0.10711766509106091	 -0.5769390105328277	 0.41354201138971275	 
-0.22047439578624708	 0.9666970737838161	 -0.12995310054207115	 -0.0886280998231036	 
0.5438049805324038	 0.2324275658420224	 0.8063830168008905	 0.5112269259939566	 
0.0	 0.0	 0.0	 1.0	 
9	 11	  37
0.7845440566067853	 -0.15708453597256533	 -0.5998458733718639	 0.49275674824597715	 
-0.20897703040695578	 0.8438023565805758	 -0.49429362103041324	 -0.06303445028632805	 
0.5837972456300735	 0.5131491319171761	 0.6291730639556883	 0.5514364875076386	 
0.0	 0.0	 0.0	 1.0	 
9	 32	  37
0.341350834373006	 -0.5844505060612868	 0.7361366814916624	 -1.7805780538017602	 
0.8535635851314869	 0.5206914204338581	 0.017596898137235212	 -0.09814341042528696	 
-0.3935845703407766	 0.6223327491392975	 0.6766041201015477	 -0.5461295234169525	 
0.0	 0.0	 0.0	 1.0	 
9	 33	  37
-0.8606792527493199	 -0.21454445008971365	 -0.4617379157298811	 1.5074703557227802	 
-0.422479835127605	 0.8070634433122429	 0.4125038028667589	 -1.3042274760698818	 
0.28415139063081174	 0.5501084233173388	 -0.7852634652127191	 3.7929810992353867	 
0.0	 0.0	 0.0	 1.0	 
9	 35	  37
0.78468518127445	 -0.5403089924240249	 0.3038673378203364	 -1.4951084687561371	 
0.5585957366068841	 0.8288490526511688	 0.03130576566500627	 -0.01842417156941465	 
-0.2687749417875407	 0.1451738289947429	 0.9521998687471602	 -0.017947091852734003	 
0.0	 0.0	 0.0	 1.0	 
9	 36	  37
0.5434699187362021	 -0.4549497697265601	 0.7054510290974246	 -1.4105488123274061	 
0.4129990420306515	 0.8765605066208616	 0.24713047063108545	 -0.6551948067770053	 
-0.7308024621678751	 0.1570426224256582	 0.6642780863697393	 0.5117981654397535	 
0.0	 0.0	 0.0	 1.0	 
9	 37	  37
-0.9063718774044676	 0.4173554178500684	 -0.06560849824142752	 0.08107968149529264	 
-0.16185980862394675	 -0.48647880498349205	 -0.8585684449442877	 2.10689182417166	 
-0.39024533591385857	 -0.7675629143549261	 0.5084837758517491	 1.7985120143034936	 
0.0	 0.0	 0.0	 1.0	 
10	 11	  37
0.9988756149153104	 -0.041818809416489695	 -0.022331437628342644	 0.06568204629829275	 
0.03046351044297221	 0.9271152703942983	 -0.37353614274016106	 0.007293629631536585	 
0.03632465359851605	 0.37243585028927395	 0.9273467835498503	 -0.04253748992975215	 
0.0	 0.0	 0.0	 1.0	 
10	 12	  37
0.9304622649723748	 -0.03846269226756994	 -0.3643632730751106	 0.2393396335963953	 
-0.06950889114521645	 0.9578833510860361	 -0.2786180176584916	 -0.0902920550793307	 
0.35973391209926237	 0.28457003885812576	 0.8886008133408637	 0.36616959450176617	 
0.0	 0.0	 0.0	 1.0	 
10	 32	  37
-0.06880181653723386	 0.9453643582126833	 0.31867309309431424	 -0.9444031989803534	 
0.8102018654745349	 -0.13343313444326732	 0.5707613650329074	 -0.4207054799286663	 
0.5820990012212356	 0.29745895322508936	 -0.7567555245410992	 3.224123183546145	 
0.0	 0.0	 0.0	 1.0	 
10	 33	  37
-0.7960638709606369	 -0.49095645277420336	 -0.35389839619661595	 0.5619089761530086	 
-0.2420944777896159	 0.7942497961322541	 -0.5572768837549658	 0.7965438828252334	 
0.5546824110920943	 -0.3579511458610568	 -0.7511314132705522	 3.39352008169548	 
0.0	 0.0	 0.0	 1.0	 
10	 35	  37
0.10070769689064318	 0.8937381691321391	 0.4371384732819949	 -1.1970735752689257	 
0.1906440138795521	 0.413895473246501	 -0.8901378529182699	 2.7202363440954933	 
-0.9764798102156925	 0.17298156625024017	 -0.12870337205659518	 2.7328452974433417	 
0.0	 0.0	 0.0	 1.0	 
10	 36	  37
0.24667177480697527	 0.03336478111707665	 -0.968524561843728	 2.1514865262496614	 
-0.9348713703569552	 -0.25507249175007496	 -0.24688771706854162	 0.20028490834751067	 
-0.25528132795111674	 0.9663461157025551	 -0.03172740559984736	 1.6758193239342418	 
0.0	 0.0	 0.0	 1.0	 
11	 12	  37
0.9543624781822252	 -0.04146950533290562	 -0.29575757025869154	 0.0953987918639806	 
0.0663971519841092	 0.9949900536592119	 0.0747409615113235	 0.07600599821054617	 
0.2911763699998337	 -0.09096742959258644	 0.9523346304251655	 0.3772678679220875	 
0.0	 0.0	 0.0	 1.0	 
11	 32	  37
0.9772029565340312	 0.006248999605053577	 -0.21221529573780612	 0.6461681501442125	 
0.022665837094169975	 0.990783374628425	 0.13354611334191174	 -0.633143745344376	 
0.2110939164684029	 -0.13531169411342958	 0.9680548041646115	 -0.3721495359924138	 
0.0	 0.0	 0.0	 1.0	 
11	 33	  37
0.22886082030600233	 0.8133220809019859	 -0.5349111306059422	 -0.007191283904573229	 
0.9327646707698596	 -0.026001553825622532	 0.3595469206685662	 -1.0250299050118648	 
0.2785189291456844	 -0.5812324078334903	 -0.7645888399601608	 3.615093231281726	 
0.0	 0.0	 0.0	 1.0	 
13	 14	  37
0.9091374155559335	 0.06382024686430081	 -0.4115776181067878	 0.04200457735032124	 
-0.04774025056650131	 0.9976452014410018	 0.04924348198076604	 -0.07111493173593837	 
0.41375116690122427	 -0.02512027332498704	 0.9100433746563694	 0.46575285935507243	 
0.0	 0.0	 0.0	 1.0	 
13	 15	  37
0.9075189698074245	 0.1665011306384385	 -0.38559913502988025	 -0.05165205460267219	 
-0.06990436720786185	 0.9651405615390691	 0.25222425719450103	 -0.05981284460012525	 
0.4141529897090432	 -0.20194323451943402	 0.8875225243039695	 0.5508295360834613	 
0.0	 0.0	 0.0	 1.0	 
13	 16	  37
0.8694730495464924	 0.12369729383785735	 -0.4782421934642669	 -0.16375771990294669	 
-0.029408173984864196	 0.9793846890168001	 0.1998519207371806	 -0.11462335094096351	 
0.4931042236842013	 -0.1597016293487806	 0.8551863037772214	 0.9799629773548808	 
0.0	 0.0	 0.0	 1.0	 
14	 15	  37
0.9993464504990645	 0.036038104331625805	 -0.002815477065002918	 -0.015329321726778795	 
-0.03472756415156633	 0.978781552721105	 0.2019422401107834	 0.00869503977136809	 
0.010033352531409008	 -0.20171248620014906	 0.9793933861058771	 0.11963155392398699	 
0.0	 0.0	 0.0	 1.0	 
14	 16	  37
0.9999844454508005	 -0.0032476096019386507	 -0.004534521841112377	 -0.1301162243147816	 
0.0038476208579480728	 0.9902434322370504	 0.13929515686167454	 -0.053147652162750435	 
0.004037904182569145	 -0.13931043730912054	 0.9902405250173082	 0.5403875779688906	 
0.0	 0.0	 0.0	 1.0	 
15	 16	  37
0.9996181141427248	 -0.02567500083479839	 -0.010218620742320864	 -0.08917355540368589	 
0.025020514126196387	 0.997902015092823	 -0.059712160792794663	 -0.14595366464015835	 
0.011730292008434092	 0.05943368241844689	 0.9981633321473898	 0.41095357489981105	 
0.0	 0.0	 0.0	 1.0	 
15	 57	  37
0.7487155316458926	 0.05945741381295199	 0.6602195609150675	 -2.485536853194539	 
0.39587256881389415	 0.7587618214686457	 -0.517267249632404	 0.4129437605897288	 
-0.5317047695224274	 0.648648837372163	 0.5445592014123387	 1.0147400739530619	 
0.0	 0.0	 0.0	 1.0	 
16	 24	  37
0.9845840849333315	 0.08902086571817726	 -0.15056382421677572	 -0.23476743760475036	 
-0.0020894724104896156	 0.8667226201044633	 0.4987860602545943	 -0.481869871271413	 
0.17489943911013464	 -0.49078221775655256	 0.8535473044494488	 1.3592902544452183	 
0.0	 0.0	 0.0	 1.0	 
16	 55	  37
0.7155772000234614	 -0.23618493617888323	 0.6573932968389318	 -1.7402748016761502	 
0.2087071741313021	 0.9704060829707478	 0.12146336731499092	 -0.4600905385679391	 
-0.6666262718140576	 0.05028628098743164	 0.7436939583402189	 0.08575627607334615	 
0.0	 0.0	 0.0	 1.0	 
16	 56	  37
0.8338039476394823	 -0.09811575622881169	 0.5432718244861071	 -1.4647255767180762	 
0.23648410989104177	 0.9526989319507112	 -0.1908926683479903	 -0.37111656896947576	 
-0.49884490843333035	 0.28764221428646797	 0.8175669476504789	 -0.24162426202686757	 
0.0	 0.0	 0.0	 1.0	 
16	 57	  37
0.6067948697485593	 0.7157104655998248	 -0.3457723463172155	 0.6537860286353879	 
-0.7063151612381018	 0.285981945878797	 -0.6475594332851408	 1.735838254962766	 
-0.3645804150691918	 0.6371599925154283	 0.6790495305099002	 0.03384848972934164	 
0.0	 0.0	 0.0	 1.0	 
16	 58	  37
0.5271723743479898	 0.2803971247239806	 0.8021637863745951	 -1.1831112532486368	 
-0.03479720345155077	 0.9503219201772526	 -0.30931764039991344	 0.12427656591306366	 
-0.849045606758703	 0.13515065844139698	 0.5107404988510337	 0.6274058969361979	 
0.0	 0.0	 0.0	 1.0	 
17	 18	  37
0.9949169861335548	 0.07767598002431172	 -0.06408301514589543	 -0.30138600596871495	 
-0.07810237299423985	 0.9969366150613939	 -0.004171915938807968	 -0.1740233421314394	 
0.06356264654335078	 0.00915574558376166	 0.9979358507876201	 0.30555807625116	 
0.0	 0.0	 0.0	 1.0	 
17	 19	  37
0.9979939447594202	 -0.015806562561119716	 0.06130447621123391	 -0.6426845798495288	 
0.01640169675888093	 0.9998230020890772	 -0.009216769337176755	 -0.2696969392086574	 
-0.061147940005874514	 0.010203777417525565	 0.9980765563620123	 0.5091579058264893	 
0.0	 0.0	 0.0	 1.0	 
17	 20	  37
0.865492149836949	 -0.23954659574939546	 0.4399326846637922	 -0.5370582824803037	 
0.1835151978938189	 0.968815003096847	 0.16649222779592174	 -0.19657809092494546	 
-0.4660960316422019	 -0.06336338248020017	 0.8824622207483214	 0.46237537548562646	 
0.0	 0.0	 0.0	 1.0	 
17	 21	  37
0.8280887129104303	 -0.3172582475333218	 0.4621864211791956	 -0.505122121185774	 
0.21978656826018217	 0.9421823836682721	 0.2529549768587003	 -0.16875692336132073	 
-0.5157159566687458	 -0.10788679380377818	 0.849939698896328	 0.4729923835795373	 
0.0	 0.0	 0.0	 1.0	 
17	 22	  37
0.8141425648925446	 -0.38075732517443417	 0.4384013496286245	 -0.5906165473116677	 
0.16267041829244452	 0.8743235415917925	 0.45727090398465775	 -0.34219297698031015	 
-0.5574138669272143	 -0.3009687756967412	 0.7737619640515128	 0.6527769035768359	 
0.0	 0.0	 0.0	 1.0	 
17	 54	  37
0.94140158252425	 -0.010620396853246658	 0.3371205534990681	 -1.4951987352742544	 
-0.041955786472524605	 0.9880539082070176	 0.14828751281989636	 0.5861566870748562	 
-0.3346681526561951	 -0.15374225719534143	 0.9297099257027277	 -0.8810595033652994	 
0.0	 0.0	 0.0	 1.0	 
17	 55	  37
0.9311373088715329	 -0.09276667635760905	 0.35267216474374785	 -1.5950604379759543	 
0.12839953300283055	 0.9885732708210533	 -0.07897118552243591	 0.21480747240330988	 
-0.34131638101933154	 0.11881595842195034	 0.932408652937187	 -1.051637567611973	 
0.0	 0.0	 0.0	 1.0	 
17	 56	  37
0.9768362969266836	 0.03446495863545047	 0.21119426041637349	 -1.3488192801213479	 
0.04039823079506837	 0.9394954895411399	 -0.3401708513092813	 0.2482930914575499	 
-0.21014002939752016	 0.3408231091902506	 0.916340971629392	 -1.1774047111119141	 
0.0	 0.0	 0.0	 1.0	 
17	 57	  37
0.9830242607254417	 -0.0035719132676405615	 0.18344084676212927	 -1.787781548450445	 
0.06472853373278968	 0.9422764019696227	 -0.3285200134116408	 0.3529431522990535	 
-0.1716785360666896	 0.3348170003551046	 0.9265117681536529	 -1.442445719584059	 
0.0	 0.0	 0.0	 1.0	 
17	 58	  37
0.6682753159561212	 -0.31672161497962326	 -0.6731237038527508	 1.0278647587809602	 
0.16074805896056607	 -0.8219836736674436	 0.5463541907632662	 -0.966814030537159	 
-0.726338876574948	 -0.4733183482909493	 -0.4983990143920537	 1.424347805361614	 
0.0	 0.0	 0.0	 1.0	 
18	 19	  37
0.9941500636458301	 -0.06495971590058557	 0.08628954897962512	 -0.28204226469419896	 
0.06416697145477013	 0.9978678397303501	 0.011932066300841001	 -0.1316201671100787	 
-0.08688066946861421	 -0.006325325446186681	 0.9961986446139575	 0.22903455343023318	 
0.0	 0.0	 0.0	 1.0	 
18	 20	  37
0.8257684230832438	 -0.2511834287316818	 0.5049885113239785	 -0.24095980308151274	 
0.13149531998152028	 0.9564216357927894	 0.2607041146786962	 -0.1035340405343187	 
-0.5484664914664978	 -0.14887759978600204	 0.822812231326436	 0.21747149298202453	 
0.0	 0.0	 0.0	 1.0	 
18	 21	  37
0.781982473889102	 -0.4220938618044989	 0.4586285886828742	 -0.14077102948714407	 
0.2024193581695467	 0.8678989994319973	 0.4536273032161609	 -0.16723659300004598	 
-0.5895165934632451	 -0.26189329623322277	 0.7641217752554814	 0.23023787324835154	 
0.0	 0.0	 0.0	 1.0	 
18	 22	  37
0.7568037766188195	 -0.448352212957992	 0.4756346673983749	 -0.25462054790206945	 
0.20333013712333245	 0.8530479492686838	 0.48058927535464085	 -0.19571737386551394	 
-0.6212124427544075	 -0.26700091644817187	 0.7367534265837772	 0.3665239669350042	 
0.0	 0.0	 0.0	 1.0	 
18	 23	  37
0.9767149690788072	 -0.18383067211755344	 0.11060810624087067	 -0.32780655724142477	 
0.13547353320050232	 0.9282370809685733	 0.34644313143301586	 -0.21178990486174754	 
-0.1663574193703289	 -0.32339172145209616	 0.9315272424984109	 0.48337345455271913	 
0.0	 0.0	 0.0	 1.0	 
18	 54	  37
0.9221362667101014	 -0.19627903770526753	 0.3333755314588192	 -1.3529084404595264	 
0.0994800500247443	 0.9530636303763657	 0.28596054990312236	 0.3632394892167678	 
-0.37385615584744636	 -0.23053037936748422	 0.8983803865421669	 -1.1814471192946863	 
0.0	 0.0	 0.0	 1.0	 
18	 55	  37
0.8930912574140217	 -0.11411195117736564	 0.43516257712392475	 -1.4312510610394296	 
0.14339630941563838	 0.9890484464588222	 -0.034938073835917544	 0.27069121626797943	 
-0.42641001908563997	 0.09360359584911285	 0.8996737533503465	 -1.2253415552055582	 
0.0	 0.0	 0.0	 1.0	 
18	 56	  37
0.9434417920186585	 0.0509748865882245	 0.3275960103693889	 -1.2976358709605729	 
0.04423154942687843	 0.9599237038649768	 -0.27674907911941227	 0.23662958361313263	 
-0.32857442856668073	 0.27558672626863345	 0.9033774411599045	 -1.3892058393031415	 
0.0	 0.0	 0.0	 1.0	 
18	 57	  37
0.965059984833048	 -0.1132349271505555	 0.23629870280482784	 -1.5506085328038484	 
0.17111219230100935	 0.9553098869662079	 -0.24104696121410152	 0.17607131873114024	 
-0.19844355197379981	 0.2730583658081522	 0.9413072216562464	 -1.743874040803068	 
0.0	 0.0	 0.0	 1.0	 
18	 58	  37
0.7021141984684607	 0.3952816705694667	 0.5922736303608348	 -0.8427052862907389	 
0.27140994008633773	 0.6204190571258426	 -0.7358103274468306	 1.4149785543150883	 
-0.6583101827644179	 0.6773718288110985	 0.32832165448198236	 0.016615586680771174	 
0.0	 0.0	 0.0	 1.0	 
19	 20	  37
0.8737474069064918	 -0.2555402159476515	 0.41384135481801265	 0.07391949572910209	 
0.19466216125849245	 0.9634701109808755	 0.183934739026295	 0.0657310900624008	 
-0.4457264989860412	 -0.08015324871723095	 0.8915735218262811	 -0.023366496033900633	 
0.0	 0.0	 0.0	 1.0	 
19	 22	  37
0.8139314469621083	 -0.4024727540004069	 0.4189645354126019	 0.02105187243988225	 
0.1956504098800124	 0.868926721116184	 0.45462871713526976	 -0.07301921137214452	 
-0.5470251518531414	 -0.28806602648977264	 0.7859907427078529	 0.1411922679335091	 
0.0	 0.0	 0.0	 1.0	 
19	 23	  37
0.986305840495039	 -0.14359636349484012	 0.0811225825305831	 -0.08963529722045838	 
0.09616504176628994	 0.9003190524251433	 0.42447366064619235	 -0.15583481912778438	 
-0.13398908070235058	 -0.41085969409440576	 0.9017988900088476	 0.28846742879290005	 
0.0	 0.0	 0.0	 1.0	 
19	 54	  37
0.9470036536693263	 -0.19706901036711616	 0.25366884926981614	 -0.9697647976513283	 
0.11999886825276834	 0.9495626792360814	 0.2897084565904996	 0.4501896961393544	 
-0.29796703098665445	 -0.2439149920667446	 0.9228873848363502	 -1.485313729596742	 
0.0	 0.0	 0.0	 1.0	 
19	 55	  37
0.9499711318469036	 -0.06772322606108591	 0.30490722082199195	 -0.8592617714340904	 
0.0928260245202067	 0.9933175402541046	 -0.06858274852548275	 0.49557590562562	 
-0.2982250456103343	 0.0934549563983348	 0.9499094658415078	 -1.596276568421778	 
0.0	 0.0	 0.0	 1.0	 
19	 56	  37
0.9760626307258367	 -0.05684513881776033	 0.20992944313113365	 -0.7418629873315598	 
0.10201381906487757	 0.9721319002197203	 -0.2110752218878227	 0.1611324349432497	 
-0.19208050817393366	 0.22743834058483825	 0.9546606096470401	 -1.7418960869419187	 
0.0	 0.0	 0.0	 1.0	 
19	 57	  37
0.9886351653031703	 0.035899600499531746	 0.14598537121899022	 -1.1245886811365868	 
0.008657279025086223	 0.9558625062482757	 -0.2936867730570217	 0.5594899131753024	 
-0.15008518063371232	 0.2916129075208069	 0.9446884940134537	 -2.010023765592984	 
0.0	 0.0	 0.0	 1.0	 
19	 58	  37
-0.4915843057518563	 -0.7249543235184245	 0.4824791178386975	 -0.7460895086715419	 
0.4593620786859434	 0.2548197625570605	 0.8509132560230167	 -1.4684659611682809	 
-0.7398184581394233	 0.6399282127100706	 0.20775112893532002	 0.010415910994113077	 
0.0	 0.0	 0.0	 1.0	 
20	 21	  37
0.9946696867686615	 -0.046807053725682196	 0.09187662349615636	 0.005060417007148714	 
0.02575515789264906	 0.9755686843486536	 0.21817977440670913	 -0.10245181531152825	 
-0.09984430912905377	 -0.21465051092359153	 0.9715741207415849	 0.04480738817089162	 
0.0	 0.0	 0.0	 1.0	 
20	 22	  37
0.9950210443317482	 -0.04487685526768397	 0.08898982637492693	 -0.12783416334050848	 
0.021770428588805762	 0.969193834166834	 0.2453351997819513	 -0.11760238916270467	 
-0.0972582632788394	 -0.24217634003814945	 0.9653452494054705	 0.0982290683778881	 
0.0	 0.0	 0.0	 1.0	 
20	 23	  37
0.9520457943887326	 0.24679194777252297	 -0.1808384359072255	 -0.3725004600413719	 
-0.2211361703893575	 0.9635240222903029	 0.15073238741240935	 -0.08877147277291222	 
0.2114417166319281	 -0.10351421633843261	 0.9718936194273444	 0.1221499750940287	 
0.0	 0.0	 0.0	 1.0	 
20	 54	  37
0.9507138616159698	 -0.042939368035539806	 -0.30708201510990424	 0.0823807714618411	 
0.0484087705354807	 0.9987753970745207	 0.010212596823426637	 1.0052400373429757	 
0.3062674391222389	 -0.024574720168155664	 0.9516282566539119	 -1.506809687296647	 
0.0	 0.0	 0.0	 1.0	 
20	 55	  37
0.9859242885885866	 0.003992483732082134	 -0.16714471946411533	 -0.04104570937446934	 
-0.03911962598151389	 0.9774729315091265	 -0.20740376811914638	 0.709886507313454	 
0.16255138275067113	 0.21102305144368255	 0.9638704890830724	 -1.7095975999754593	 
0.0	 0.0	 0.0	 1.0	 
20	 56	  37
-0.2201908654338739	 0.9630609465492928	 -0.15501482513315465	 -0.29542842130442803	 
0.5678970469073972	 0.2557698050200126	 0.7823520633026307	 -2.522552219424985	 
0.7931008302185419	 0.08423431647259814	 -0.6032376422563951	 2.1610579604619664	 
0.0	 0.0	 0.0	 1.0	 
20	 57	  37
0.48528244143236643	 -0.8637724715680228	 -0.13563948318506344	 0.2352183713117012	 
-0.7716375442159558	 -0.3501324938120437	 -0.5310204677160081	 2.4889547262293754	 
0.41118907134530075	 0.3623594267274251	 -0.8364324201440072	 2.8624983783688225	 
0.0	 0.0	 0.0	 1.0	 
20	 58	  37
0.8676784645580838	 -0.0598709243370113	 -0.49350740071569116	 1.4634217208670888	 
0.07343803208620675	 0.9972666253296254	 0.008132247350232474	 -0.5096223069445803	 
0.491671574921137	 -0.04329838822279606	 0.8697035770835239	 -2.0972791819791805	 
0.0	 0.0	 0.0	 1.0	 
21	 22	  37
0.9963685911483109	 0.02535384709816251	 -0.08128230441156806	 -0.0764981050987014	 
-0.020456619288898158	 0.9979569612608623	 0.0605262769237886	 -0.03879858426024755	 
0.08265081548539581	 -0.058643720109735994	 0.9948516255157304	 0.05061191061119336	 
0.0	 0.0	 0.0	 1.0	 
21	 54	  37
0.5239797598856754	 0.08179705440473002	 -0.8477938741939923	 1.9553986627609827	 
-0.8195078970952437	 -0.2227807875397265	 -0.5279919765505048	 1.1321921261958812	 
-0.23206037539545657	 0.9714308841054448	 -0.049699291518402154	 2.0307048053847394	 
0.0	 0.0	 0.0	 1.0	 
21	 55	  37
-0.8095968247947143	 -0.32909321193976004	 0.48605620985384795	 -1.5131724038690366	 
0.3657363298887697	 -0.9304857050254011	 -0.0208156129593811	 -0.18682557188004728	 
0.45911863203513015	 0.16091616015352142	 0.873679615831591	 -1.5612295310635376	 
0.0	 0.0	 0.0	 1.0	 
21	 56	  37
-0.6375840512222709	 0.1465451823464356	 -0.7563141458137931	 1.9925652231947175	 
-0.5645609345020937	 0.5791031006044493	 0.5881416071869391	 -1.8692802123114303	 
0.5241731859425084	 0.8019751295404134	 -0.28649321586647986	 1.0168098369600844	 
0.0	 0.0	 0.0	 1.0	 
21	 57	  37
-0.10782966432120039	 0.9925326649573399	 0.057023438032604776	 -0.3028781415162537	 
-0.9713743979647266	 -0.09297162873499029	 -0.21860479232859348	 0.29174164445581297	 
-0.21167083519238447	 -0.0789631891645983	 0.9741459194011513	 -1.0443336967865495	 
0.0	 0.0	 0.0	 1.0	 
21	 58	  37
0.4979272137776771	 -0.07574975810078002	 -0.8639041983502993	 1.97964453298066	 
-0.1754914159475483	 0.9667666277188055	 -0.18591678369080236	 0.06636582211216627	 
0.8492768999026905	 0.244180797109194	 0.4680859810064757	 0.2422251002188812	 
0.0	 0.0	 0.0	 1.0	 
22	 23	  37
0.8927318601252089	 0.2522453584585711	 -0.3733659130845925	 -0.17162663238827194	 
-0.25896852431130546	 0.9653229893630634	 0.032967099101745403	 -0.039346138499469545	 
0.36873449707534733	 0.06725923983562691	 0.9270981961601072	 0.012580538205775278	 
0.0	 0.0	 0.0	 1.0	 
22	 54	  37
0.9609886558908061	 0.2643374744205563	 -0.08140333449032347	 -0.07304893756271288	 
-0.27011005847050484	 0.9602389349573177	 -0.07058147140076204	 1.2170965156086317	 
0.05950932332199834	 0.08981585277108903	 0.994178934110334	 -1.591282015572471	 
0.0	 0.0	 0.0	 1.0	 
22	 55	  37
0.9317412034127784	 -0.020514805619611498	 -0.3625430631156759	 0.5515622240680382	 
5.542340809895943e-05	 0.998410878212676	 -0.05635348431852507	 0.2144797991161262	 
0.363123018812018	 0.05248676992330534	 0.9302616901667319	 -1.866254585175797	 
0.0	 0.0	 0.0	 1.0	 
22	 56	  37
0.9141179186705735	 0.02663187896598173	 -0.40457282878132056	 0.4799357437384103	 
-0.22207032407928418	 0.8677448279713144	 -0.4446388249943488	 0.7090909882976582	 
0.3392244123418892	 0.49629593646510417	 0.799135246075108	 -1.7970157375122042	 
0.0	 0.0	 0.0	 1.0	 
22	 57	  37
0.880304666119015	 -0.09221143943827716	 -0.46536087635920886	 0.4613027577986721	 
-0.21199989470904324	 0.8010738634366561	 -0.5597648702464497	 1.4016925118634422	 
0.42440515954974484	 0.5914200839973145	 0.6856402444373906	 -2.010616058894279	 
0.0	 0.0	 0.0	 1.0	 
22	 58	  37
0.6277886621276109	 0.7783742762029993	 -0.003857700024607069	 -0.543289188949729	 
-0.7102333505669987	 0.570788331306514	 -0.4120306646193929	 1.0498800149272691	 
-0.3185121401868341	 0.26140804691091857	 0.9111618130517882	 -2.4664692953525575	 
0.0	 0.0	 0.0	 1.0	 
23	 24	  37
0.6672297667716195	 0.5689144162906266	 -0.48077107366249294	 0.09427275901915246	 
-0.4920078521330522	 0.8212331124080721	 0.28897136280948726	 0.1511547843786152	 
0.5592250993770855	 0.04373284830933349	 0.8278615380638495	 -0.009312328027224268	 
0.0	 0.0	 0.0	 1.0	 
23	 54	  37
0.9974407983123535	 -0.028083157917254284	 0.0657509703609709	 -0.29210360878094843	 
0.03111995770143079	 0.998473696761401	 -0.045627021689817734	 1.1642866065401147	 
-0.06436926358655881	 0.04755642035536859	 0.9967923478780858	 -1.6016822322641382	 
0.0	 0.0	 0.0	 1.0	 
23	 55	  37
0.9735330810228239	 0.017975476065601893	 0.22783814960278856	 -0.6315921497570948	 
0.06634201301675462	 0.931751254613557	 -0.3569850652827748	 1.093037731352625	 
-0.2187054582379976	 0.3626520119705352	 0.9058981403836911	 -1.6332083919152578	 
0.0	 0.0	 0.0	 1.0	 
23	 56	  37
0.9746750527834439	 0.22328583693068763	 -0.01232787523271878	 -0.23787257150916657	 
-0.20174865819955703	 0.8542050258762677	 -0.4791985524627594	 0.8603672743059461	 
-0.0964677168604576	 0.46955000670204267	 0.8776199466795652	 -1.8899429465891358	 
0.0	 0.0	 0.0	 1.0	 
23	 57	  37
0.9436496698059826	 0.3078183556505374	 -0.12154489129395261	 -0.3817251097205139	 
-0.3236845949658303	 0.7819332285967974	 -0.5327369979624036	 1.4579871789709316	 
-0.0689462374380638	 0.5420593011293018	 0.8375070927474861	 -2.0864001612331013	 
0.0	 0.0	 0.0	 1.0	 
23	 58	  37
0.01599326249963661	 -0.49018737743606094	 0.8714703383116231	 -1.386188272468356	 
0.7200250723919495	 0.6103954178977202	 0.33012320266293865	 -0.8099741437000658	 
-0.6937637282833297	 0.6222007463928538	 0.3627094160710334	 -0.5079751299691627	 
0.0	 0.0	 0.0	 1.0	 
24	 25	  37
0.908318075826498	 0.16042419747040707	 -0.38629308820224106	 -0.1324706889917728	 
-0.26291352847792215	 0.9372555089402718	 -0.22897289687733952	 -0.03534782331450561	 
0.32532253175907905	 0.30954189995392845	 0.8935038122485965	 -0.08532558445709218	 
0.0	 0.0	 0.0	 1.0	 
25	 26	  37
0.9219361045264366	 0.21642775531370348	 -0.32123643302167826	 -0.06661828899956884	 
-0.22856767335994083	 0.9735280232171452	 -8.188858907933918e-05	 0.07416382027917742	 
0.31271494666140104	 0.07349976014103247	 0.9469990218547045	 -0.12881908961898128	 
0.0	 0.0	 0.0	 1.0	 
26	 27	  37
0.9720711741948386	 0.10784763793038023	 -0.20843828653178195	 -0.10815492068959466	 
-0.11922862573009155	 0.9919441626457776	 -0.04279384300902597	 0.09206550468366584	 
0.20214392671060238	 0.06645047167481313	 0.9770988525774725	 -0.08791304670982619	 
0.0	 0.0	 0.0	 1.0	 
26	 28	  37
0.9106353750569068	 0.08042123478798917	 -0.4053093123654358	 -0.20242337774736427	 
-0.13690794617603239	 0.984195704057073	 -0.11231665232486361	 0.08631802560419082	 
0.38987104017716945	 0.1577695823369603	 0.907253730177173	 -0.26366374787152136	 
0.0	 0.0	 0.0	 1.0	 
26	 50	  37
0.8534675218646018	 0.2149767675848039	 -0.4747401168229665	 -0.3165424573629913	 
-0.15482981723421532	 0.9744184695457098	 0.16289988920627205	 0.011727558072525578	 
0.4976152296880738	 -0.06552583923144507	 0.8649193300970327	 -0.2966609380990222	 
0.0	 0.0	 0.0	 1.0	 
26	 51	  37
0.8457914644530726	 -0.13508801629724035	 0.5161279168105558	 -1.918578184418657	 
0.1890092762738254	 0.9805388841466411	 -0.053094163134046586	 0.30508160144350677	 
-0.4989111064516121	 0.14245955401213622	 0.8548643069691773	 -0.3547672650847361	 
0.0	 0.0	 0.0	 1.0	 
27	 28	  37
0.9765927684179175	 -0.021846259158068527	 -0.2139843583877683	 -0.10489199574499229	 
-0.002546268230935701	 0.9935850527768657	 -0.11305865476153332	 0.01653635314042691	 
0.21508156869411768	 0.11095712622085135	 0.9702723509143641	 -0.11802481110826837	 
0.0	 0.0	 0.0	 1.0	 
27	 50	  37
0.9508865090014671	 -0.21920913891669566	 0.2185456483538455	 -1.8925175894850077	 
0.21371597885709803	 0.9756778369094092	 0.04876719127576803	 0.125997508975097	 
-0.22392035945879127	 0.0003346328968795521	 0.9746073879468947	 0.14029163225569674	 
0.0	 0.0	 0.0	 1.0	 
27	 51	  37
0.47030020702320097	 -0.171739836632536	 0.8656345324600703	 -2.697948428377288	 
0.05474964561587543	 0.9846702854454485	 0.16561070395875638	 -0.6388186339558775	 
-0.8808065574113714	 -0.03049356447200823	 0.47249333428834844	 0.6297859759120331	 
0.0	 0.0	 0.0	 1.0	 
28	 50	  37
0.841427918991025	 -0.3711583258971157	 0.39273471231823176	 -1.7157393814623842	 
0.19347225268975726	 0.8855337863721561	 0.42237234832851434	 -0.681339658818295	 
-0.5045468705497875	 -0.27941261659174216	 0.8169216884792397	 0.6640535270323458	 
0.0	 0.0	 0.0	 1.0	 
28	 51	  37
0.5432163227379565	 -0.20715036878792062	 0.8136367441445109	 -1.651569124826868	 
0.14399333015399896	 0.9777124988707712	 0.15278805720026914	 -0.05310021888313567	 
-0.827152916686033	 0.034161297734418936	 0.5609376597759209	 0.5848285207049428	 
0.0	 0.0	 0.0	 1.0	 
29	 41	  37
0.4329957966824846	 -0.7969476002780087	 -0.4211759281659194	 1.0270822108978113	 
0.37109858469894647	 0.583419666044999	 -0.7224315425743677	 2.785038172606011	 
0.821462403576536	 0.15651203047390683	 0.5483643896417743	 -0.08005834447192123	 
0.0	 0.0	 0.0	 1.0	 
29	 42	  37
0.9006843928292172	 0.0021293040558418063	 0.43446874522582263	 -0.8082802765572649	 
-0.055735662718993766	 0.9922919406109477	 0.11068080456805937	 0.3634825475503061	 
-0.43088416124886475	 -0.12390387670608255	 0.89386054221118	 -0.10440123225179249	 
0.0	 0.0	 0.0	 1.0	 
29	 43	  37
0.9064364010793764	 -0.23959580358045304	 0.34780296391046533	 -0.4471635813392456	 
0.16366055430594206	 0.9584312988523903	 0.23371920833425602	 -0.9521668712201175	 
-0.38934338797845186	 -0.15492997220278779	 0.9079693992369475	 0.48636144167603906	 
0.0	 0.0	 0.0	 1.0	 
29	 45	  37
0.8687891672233371	 0.47494536537105836	 -0.14011524837765665	 2.5229345214253502	 
0.4906573386157224	 -0.8638342232046571	 0.1142182598490424	 1.4963071058135737	 
-0.0667889135853906	 -0.1679801617244101	 -0.9835252443578273	 5.776179511679044	 
0.0	 0.0	 0.0	 1.0	 
29	 47	  37
0.5803574677074596	 0.8129364053050377	 0.048162335968143566	 0.8695916049932458	 
-0.6029668631218673	 0.38920237472577945	 0.6963852909738905	 -0.715269756705189	 
0.5473720596204751	 -0.43319269665766247	 0.7160502188459285	 1.791622474794903	 
0.0	 0.0	 0.0	 1.0	 
29	 48	  37
0.5838485868690702	 -0.3230320246272574	 0.7448296037861311	 -2.1436408802139644	 
-0.06555063044544271	 0.8956810462818752	 0.4398392640267689	 0.21350415027016081	 
-0.8092119267900068	 -0.30562358285417146	 0.5017671602886986	 2.4388701795555052	 
0.0	 0.0	 0.0	 1.0	 
29	 49	  37
-0.2233671278077181	 0.9093417466024896	 0.3510052907020972	 0.7214866306767599	 
0.8484765434773075	 0.3586411454726237	 -0.3891838690681891	 1.161136790449139	 
-0.4797860787723332	 0.2108888727743064	 -0.8516637845747878	 3.6050121854696595	 
0.0	 0.0	 0.0	 1.0	 
29	 50	  37
0.6887752135796137	 -0.3239232900057639	 0.64858492686016	 -1.2303310025129568	 
