0	 1	  37
0.9973648740425055	 0.058619163737391435	 -0.04274460982282713	 -0.1161388826088312	 
-0.057530153503432886	 0.9979978678043617	 0.02627807633406537	 -0.05228753793691148	 
0.04419942832264098	 -0.02374972632845292	 0.9987403872054412	 0.10358328621877527	 
0.0	 0.0	 0.0	 1.0	 
0	 1	  37
0.9975106557126456	 0.040121861160039324	 -0.05798903341824389	 -0.08835709766587561	 
-0.03915124824108936	 0.999075122195578	 0.017778638053975972	 -0.048993647805029156	 
0.05864871269595203	 -0.015464037860281166	 0.9981589011936741	 0.12316282091112987	 
0.0	 0.0	 0.0	 1.0	 
0	 2	  37
0.9466759657687386	 0.04281123037875202	 -0.3193302591194305	 -0.2888975814909505	 
-0.022653331781764877	 0.9975241373433058	 0.06657643709811158	 -0.1935279522254823	 
0.3213898604421281	 -0.05579241857950727	 0.9453019431028574	 0.32961626352577533	 
0.0	 0.0	 0.0	 1.0	 
0	 3	  37
0.922275347587527	 0.12935127164690272	 -0.364247761497082	 -0.2641472290161638	 
-0.16721251583343488	 0.9831204448768844	 -0.07425742665707286	 -0.4870616251853135	 
0.34849412876110153	 0.12939257856773112	 0.9283369015775651	 0.6149267187530549	 
0.0	 0.0	 0.0	 1.0	 
0	 4	  37
0.9810929671528119	 -0.11879422461854242	 0.15278914228625856	 -0.0177348763385794	 
0.12646877027032857	 0.9911022089113164	 -0.0414977305092843	 -0.5209913858007257	 
-0.14649996569829596	 0.06003618649106333	 0.9873871663952336	 0.4897019272100867	 
0.0	 0.0	 0.0	 1.0	 
0	 5	  37
0.9292223822899209	 -0.26236112552358154	 0.26021607188151147	 0.07766927329428747	 
0.29189936417221385	 0.9529669674498772	 -0.0815396844808847	 -0.2740843122115382	 
-0.2265844775074006	 0.15172540579410035	 0.9621012814612168	 0.33356726230774497	 
0.0	 0.0	 0.0	 1.0	 
0	 6	  37
0.9498674112852675	 -0.22090039048518129	 0.22125758396430237	 0.4026835808546775	 
0.23322091223216485	 0.971933932364165	 -0.030861581565561125	 -0.049698709842355984	 
-0.20823041822899624	 0.08091630616028732	 0.9747269588564546	 0.2888113544529355	 
0.0	 0.0	 0.0	 1.0	 
0	 10	  37
0.9994226950906423	 -0.03211201349902897	 0.011094824324716975	 0.6202037183248156	 
0.03262484060723501	 0.9982344509974537	 -0.04963467152269346	 -0.21905755347131792	 
-0.009481366626740291	 0.0499679840583079	 0.9987058146701855	 0.19004746326032457	 
0.0	 0.0	 0.0	 1.0	 
0	 11	  37
0.9770623073828539	 -0.20614443587055106	 0.05342021201104643	 0.49138827759292947	 
0.2081557401153261	 0.9774602429340563	 -0.03525140196268777	 -0.24461799735664813	 
-0.04494925303866181	 0.04556253990842188	 0.9979497079554457	 0.40139534994869913	 
0.0	 0.0	 0.0	 1.0	 
0	 12	  37
0.9853246088299494	 -0.13072681187337354	 -0.1097538878196551	 0.24994305209183248	 
0.13082870325292065	 0.9913849474882476	 -0.006303673443565162	 -0.3801844216669712	 
0.10963241144508788	 -0.008147794250439443	 0.9939388048615404	 0.689554716513138	 
0.0	 0.0	 0.0	 1.0	 
0	 13	  37
0.9751273015961235	 -0.15713167623924487	 -0.15632140609688785	 -0.15804499355335283	 
0.14786495137487002	 0.9865757093260799	 -0.06931324492945094	 -0.3314828214699483	 
0.16511420846423305	 0.04447478038155893	 0.9852711769219895	 0.7259029688234718	 
0.0	 0.0	 0.0	 1.0	 
0	 14	  37
0.9800355271364635	 -0.1977190432172789	 -0.020917588283484962	 -0.33366956617981675	 
0.19864413038056153	 0.9781773377625552	 0.06090652964263944	 -0.5714407167517324	 
0.00841873005292505	 -0.06384571901860837	 0.9979242702466418	 0.9253375522967711	 
0.0	 0.0	 0.0	 1.0	 
0	 15	  37
0.8676471470264829	 -0.44172020075538093	 0.22819222708372602	 -0.07362823358049435	 
0.406640497782821	 0.8945614490555098	 0.18548131826857148	 -0.6157428475853199	 
-0.28606281446518844	 -0.06814013581094056	 0.9557850114287851	 1.033444772672571	 
0.0	 0.0	 0.0	 1.0	 
0	 19	  37
0.7955615363316052	 -0.5015657728271609	 0.33987294308018695	 0.3082941733128656	 
0.5307245612233946	 0.8475027493714097	 0.008398209460115944	 -0.10799652528582258	 
-0.29225550811563883	 0.1736976261674108	 0.9404338640435468	 0.31537472306514	 
0.0	 0.0	 0.0	 1.0	 
0	 26	  37
-0.6799108146480193	 -0.3389743994981572	 0.6502442930234212	 -2.0147108989026705	 
0.4766331536320219	 0.4695859468956478	 0.7431755346732769	 -1.379703694349393	 
-0.5572630626404902	 0.8152210712211635	 -0.15771012666775405	 1.7119673228967147	 
0.0	 0.0	 0.0	 1.0	 
0	 27	  37
-0.9351545616950404	 -0.3160295642979041	 0.16003518435217384	 -0.5405857534964651	 
-0.10976025265821414	 -0.17103695482451872	 -0.9791317822544423	 2.009627450129169	 
0.3368065211324781	 -0.933205054944535	 0.125258503697774	 1.7774139981791486	 
0.0	 0.0	 0.0	 1.0	 
0	 28	  37
-0.00672187086103968	 0.2663799545506412	 -0.9638446639711842	 1.6262830401165342	 
-0.3636415645525552	 0.8972248827369194	 0.25050413634806656	 -0.8515421740420446	 
0.9315146960632972	 0.35217783804680103	 0.09083579364316513	 2.0789867715580344	 
0.0	 0.0	 0.0	 1.0	 
0	 29	  37
0.17042597890897754	 0.3202530372695845	 -0.9318760528270508	 1.068554824336523	 
-0.31725640571236846	 0.9131868446112313	 0.2558088346079028	 -1.2316925340249283	 
0.9329005084934764	 0.25204717603772253	 0.2572330894422866	 2.0746547317865556	 
0.0	 0.0	 0.0	 1.0	 
0	 31	  37
-0.7918978509586327	 0.484842054214083	 -0.3712492102517763	 -0.8260646036519925	 
-0.5950359420484665	 -0.7492805269412158	 0.2907076187807747	 0.30979280969442113	 
-0.1372225248186063	 0.45111736212671194	 0.8818520875238909	 0.33012016643222764	 
0.0	 0.0	 0.0	 1.0	 
0	 32	  37
-0.9044712578706561	 0.2420008016095498	 0.3512368939992033	 -0.9620108716465323	 
-0.1322300712922575	 -0.9419833753398382	 0.3085166589171623	 -1.324414469757898	 
0.4055205937211041	 0.23260037103087233	 0.8839966716364848	 1.0755664428749812	 
0.0	 0.0	 0.0	 1.0	 
0	 37	  37
0.870967239102256	 -0.08482915676621232	 -0.48396289379757934	 0.5173236968746425	 
0.19356111983343705	 0.964569898667947	 0.17927354370495507	 -0.767562938580618	 
0.45160841588639555	 -0.24981778308607255	 0.8565284081421586	 0.9896525439368938	 
0.0	 0.0	 0.0	 1.0	 
0	 38	  37
0.60225127810564	 -0.5798762817883875	 0.5486682930873602	 -0.4738410067844253	 
0.39013692907698877	 0.8134171090335889	 0.43144615342104303	 -0.8067196118370984	 
-0.6964815680192114	 -0.04578323438456938	 0.7161126453699781	 0.7538303151212749	 
0.0	 0.0	 0.0	 1.0	 
0	 39	  37
0.7097844111959328	 -0.4844697836749591	 0.5113659338763007	 -0.3196008907649269	 
0.3413148652322138	 0.8715623904919476	 0.3519703996808216	 -0.6372741404082167	 
-0.6162063391387322	 -0.0752863080905141	 0.7839781370799457	 0.36252088391974097	 
0.0	 0.0	 0.0	 1.0	 
0	 41	  37
0.8816996751047128	 -0.4594829919130708	 -0.10714972264478892	 -0.588772148872922	 
0.2801581840355722	 0.6925984556243813	 -0.66469449462487	 0.4149381586364847	 
0.3796275475227433	 0.5560420482385597	 0.7393917539116409	 0.2514262205826425	 
0.0	 0.0	 0.0	 1.0	 
1	 2	  37
0.9715714734847838	 0.06952786336590762	 -0.22630675669625022	 -0.24024270923780366	 
-0.06199557780137202	 0.9972652608351518	 0.0402311802520011	 -0.19246035510187623	 
0.2284850547490537	 -0.02505744893573017	 0.9732248989874612	 0.24417353651145354	 
0.0	 0.0	 0.0	 1.0	 
1	 3	  37
0.9525411237376638	 0.03550139718868458	 -0.3023326948681536	 -0.11500387082037894	 
-0.05787681320645107	 0.9961810673860766	 -0.06537243665798709	 -0.5538234531145517	 
0.2988572938404795	 0.07976798718275545	 0.9509581411077765	 0.48062465454370956	 
0.0	 0.0	 0.0	 1.0	 
1	 4	  37
0.9593393173182398	 -0.1656413770070808	 0.22854104329544628	 0.04828242865661716	 
0.1748732253998285	 0.9843752933070248	 -0.02060672135419223	 -0.5494960003711562	 
-0.22155683082593874	 0.05973454737341492	 0.9733161637230007	 0.3917250495482505	 
0.0	 0.0	 0.0	 1.0	 
1	 5	  37
0.9031836650657088	 -0.27565908468565237	 0.32904610040044857	 0.13896154369817737	 
0.3579111386110615	 0.9068000858522556	 -0.22274025490798888	 0.028736016071963414	 
-0.2369786573018913	 0.31894462423532177	 0.9176684818902643	 0.21158622024207124	 
0.0	 0.0	 0.0	 1.0	 
1	 10	  37
0.9981209832439523	 -0.05963660369045059	 0.014070476480740989	 0.877343458992496	 
0.06033208295934107	 0.9966242325257135	 -0.05567925024927071	 -0.13339316238896548	 
-0.010702456442992787	 0.05642352915940127	 0.9983495594145798	 0.06156887535269178	 
0.0	 0.0	 0.0	 1.0	 
1	 11	  37
0.9289695723694189	 -0.3695017634156978	 0.02199955555161275	 0.7397725843536224	 
0.36978456967060225	 0.9237344947244821	 -0.09986969154670261	 -0.03614025582749619	 
0.01658027880665643	 0.10091100083140389	 0.9947572891242856	 0.26116302105731487	 
0.0	 0.0	 0.0	 1.0	 
1	 12	  37
0.9779006441667503	 -0.2087679317122168	 0.01123747422062536	 0.2898031869649075	 
0.20755954886237488	 0.97588119622838	 0.0676381883547576	 -0.49093702886171076	 
-0.025087124472594136	 -0.06381098288280444	 0.9976466281450697	 0.4905202455500383	 
0.0	 0.0	 0.0	 1.0	 
1	 13	  37
0.9672310648765278	 -0.19769719898616867	 -0.15931065454275845	 0.10787439901137368	 
0.17763908302326695	 0.9752406622189779	 -0.13171942505698292	 -0.22807575506518	 
0.18140678962065257	 0.099103321173977	 0.9784018133731235	 0.5950951247429559	 
0.0	 0.0	 0.0	 1.0	 
1	 14	  37
0.9928150461674313	 -0.11874276668854644	 -0.014779697652920386	 -0.04930728541261824	 
0.11958866576867848	 0.9803981042457195	 0.15658259229897553	 -0.8297558100243162	 
-0.004103062664596908	 -0.15722503792510048	 0.9875542781671407	 0.8187178637947062	 
0.0	 0.0	 0.0	 1.0	 
1	 26	  37
0.6020316707282941	 -0.5600116589124104	 -0.5691614966969115	 1.5513577600074189	 
0.6565237552088719	 0.7528806928553411	 -0.04633811791713326	 0.38343399325193683	 
0.4544605882654072	 -0.3457710285837023	 0.820918978648702	 0.34240474112047203	 
0.0	 0.0	 0.0	 1.0	 
1	 27	  37
0.8486482471363792	 0.5211892112470216	 -0.09032141889972425	 1.8170303169869688	 
-0.5142402637182719	 0.7729205626619425	 -0.37168636642377606	 1.04351533342431	 
-0.12390764223127937	 0.36187789362443007	 0.923954158117507	 0.22019126721040685	 
0.0	 0.0	 0.0	 1.0	 
1	 28	  37
0.107472275372735	 0.19682647151267443	 -0.9745301689214534	 1.8253357181327805	 
-0.13979729809439168	 0.9734606545269534	 0.1811934588594822	 -0.7552713328432517	 
0.9843304452630296	 0.11676341122040633	 0.13213584043876855	 1.8249391081340132	 
0.0	 0.0	 0.0	 1.0	 
1	 29	  37
0.2499627913865005	 0.23279074369694305	 -0.9398548146236697	 1.372020539268788	 
-0.24931737177864088	 0.9534123049181296	 0.16984058690457357	 -1.0177221622897579	 
0.9356064616341957	 0.19186830504208616	 0.2963563774724903	 1.8662110676092	 
0.0	 0.0	 0.0	 1.0	 
1	 31	  37
-0.09888591680400628	 0.686087598209304	 -0.7207672183452988	 0.14242929665056656	 
-0.5897360181929402	 0.5430082316177783	 0.5977905061484909	 -1.4993694362618921	 
0.8015191852374886	 0.4841754516481819	 0.3509147014838662	 1.7040653771569827	 
0.0	 0.0	 0.0	 1.0	 
1	 32	  37
-0.7885099650457983	 0.16822952872350105	 0.5915664465543513	 -1.0379491952190594	 
-0.001523707025010715	 -0.9623936881032537	 0.2716543160266719	 -0.1429634915558401	 
0.6150200918184504	 0.21330076128435582	 0.7591133458813238	 0.8800931247100887	 
0.0	 0.0	 0.0	 1.0	 
1	 40	  37
0.9787937678807919	 -0.09609592238654677	 -0.18090973898162954	 -0.2814844491802361	 
0.04533538755844323	 0.9628592415929604	 -0.2661705910012487	 -0.3198197946383775	 
0.19976852252706942	 0.25232450253534017	 0.9467971709017956	 -0.38597555996602295	 
0.0	 0.0	 0.0	 1.0	 
1	 41	  37
0.9275808455695682	 -0.34210455795838146	 -0.15019402903093584	 -0.37322316044143145	 
0.15104721038036997	 0.7110443776005498	 -0.6867318496465381	 0.36238258911424776	 
0.3417287157508915	 0.614312920673778	 0.7112250841502284	 0.1234280549883776	 
0.0	 0.0	 0.0	 1.0	 
2	 3	  37
0.9977131297093568	 -0.050318343526200134	 -0.045128429070135874	 0.10365903893181408	 
0.042460880735664785	 0.9860819754574618	 -0.16074641919825244	 -0.32094505421519653	 
0.05258882402859568	 0.1584626201433256	 0.9859634950669328	 0.23157272599052967	 
0.0	 0.0	 0.0	 1.0	 
2	 11	  37
0.884171193791074	 -0.3558514560061203	 0.3026731592467203	 0.8519533999487845	 
0.40983598011579814	 0.9018198293700983	 -0.13695059239524884	 0.3669212469767009	 
-0.22422258912203602	 0.24513411964312676	 0.943203845366525	 -0.16127930292723533	 
0.0	 0.0	 0.0	 1.0	 
2	 12	  37
0.9602751199707534	 -0.24133363047140957	 0.1401062909674013	 0.7505608238421935	 
0.2541983206569525	 0.9636370419215922	 -0.08238243266490382	 -0.053086214920902056	 
-0.11512996022034482	 0.11472458428816117	 0.9867032796233977	 0.1821226207219442	 
0.0	 0.0	 0.0	 1.0	 
2	 13	  37
0.9657686577622596	 -0.23212947786554364	 0.11578775924056989	 0.2970574696111768	 
0.237866376358536	 0.9705433259506089	 -0.03827844629538126	 -0.2769833204712167	 
-0.1034914812056602	 0.06451013841714419	 0.9925361229493151	 0.20815077521989192	 
0.0	 0.0	 0.0	 1.0	 
2	 14	  37
0.8979662685211206	 -0.35562774344983794	 0.2592016371225882	 0.18938616795429486	 
0.3850386543366413	 0.9201278697975097	 -0.07148382955972468	 -0.25247683213290545	 
-0.2130770172141565	 0.16399271724888137	 0.9631742175870607	 0.5838565773718347	 
0.0	 0.0	 0.0	 1.0	 
2	 26	  37
0.8695714172265776	 -0.22565415625547308	 -0.4392331409481661	 1.7486378677791592	 
0.2037022805992	 0.9741949358468652	 -0.09720909344813143	 0.21425595697482566	 
0.44983433753021324	 -0.004942543368888635	 0.8930983372752412	 -0.16720341282560852	 
0.0	 0.0	 0.0	 1.0	 
2	 27	  37
0.43324337415972036	 0.16319153294882427	 -0.8863795475531431	 2.926977246688649	 
-0.15390258047176533	 0.9824215825259865	 0.10564956181294971	 -0.16274216454974844	 
0.888039511773453	 0.0906441270074861	 0.4507432392928577	 0.7015462057437368	 
0.0	 0.0	 0.0	 1.0	 
2	 28	  37
0.5295136053846763	 0.13929889200448886	 -0.8367862094937043	 2.1782242056371866	 
-0.14328894314495014	 0.9869387281513432	 0.07362218176209406	 -0.38095994085773544	 
0.8361122056787129	 0.08091826469548913	 0.5425574752537707	 0.6026661146642279	 
0.0	 0.0	 0.0	 1.0	 
2	 29	  37
0.6829938739805788	 0.3707315526940609	 -0.6293468709241762	 1.5426489070855405	 
-0.4324241844404659	 0.8996274187379703	 0.06066162020465727	 -0.7722535902772325	 
0.5886668776277456	 0.23071329240402863	 0.7747533051830717	 0.5142986400388717	 
0.0	 0.0	 0.0	 1.0	 
2	 30	  37
-0.9579537359066023	 0.20478542783528714	 0.20096658530437875	 -0.4753308002494646	 
0.28240489499125065	 0.7967602040136142	 0.5342477445765823	 -0.6392422190967564	 
-0.05071602456388381	 0.5685385702364466	 -0.8210918213001107	 3.240243400969364	 
0.0	 0.0	 0.0	 1.0	 
2	 31	  37
0.2895630727432528	 0.48588044427972976	 0.8246656418027958	 -1.123005402682074	 
-0.09908141045024507	 0.8721637771673313	 -0.47907538018604373	 0.038535091333462994	 
-0.9520168596231243	 0.05701350422263532	 0.30068814298136187	 1.481315342345249	 
0.0	 0.0	 0.0	 1.0	 
2	 40	  37
0.9947562581109043	 -0.07948214262722471	 0.06436284605716247	 -0.19932638820445953	 
0.09846834876401096	 0.9143822402556789	 -0.39269466891809984	 0.11066388098014604	 
-0.027640029683080384	 0.3969731826060703	 0.9174139311405329	 -0.5855788306108504	 
0.0	 0.0	 0.0	 1.0	 
2	 41	  37
0.9941964160302017	 -0.10315805256207748	 -0.030527078869443624	 -0.03712227596529933	 
0.08250886727550573	 0.9132495482683576	 -0.3989580797634696	 -0.17452176016251708	 
0.06903457954977743	 0.3941239383483852	 0.9164608818968455	 -0.3834032209946975	 
0.0	 0.0	 0.0	 1.0	 
2	 42	  37
0.9818635395589514	 -0.15289819136032548	 0.1120987634343426	 -0.05688531842710214	 
0.1865343473532307	 0.8847982361710209	 -0.4270093892716583	 -0.23775677072291113	 
-0.03389582485014504	 0.4401752200515058	 0.8972718922992831	 0.0886389009607559	 
0.0	 0.0	 0.0	 1.0	 
3	 4	  37
0.8628876702597765	 -0.1560089820252447	 0.48071412090878163	 0.26579547333954895	 
0.13987496468489893	 0.9877287366067936	 0.06947616235476368	 0.016962231671144495	 
-0.4856540566782638	 0.0072897468127559265	 0.8741206992305766	 -0.23103311370825189	 
0.0	 0.0	 0.0	 1.0	 
3	 5	  37
0.7967716362300725	 -0.247041270783113	 0.5514758111006476	 0.21244253131859864	 
0.28368946129402417	 0.9587159580914886	 0.01959594987300567	 0.26341337338868914	 
-0.5335496689624678	 0.1408343787240305	 0.8339606876342897	 -0.35220538811742685	 
0.0	 0.0	 0.0	 1.0	 
3	 10	  37
0.9547827705462724	 -0.13968954257526536	 0.26244369446244764	 0.9399146023937933	 
0.13686883672203132	 0.9901618675866165	 0.029092911709604558	 0.41965171547821684	 
-0.26392571417416577	 0.008142952320752942	 0.9645086364181295	 -0.7573196634803796	 
0.0	 0.0	 0.0	 1.0	 
3	 11	  37
0.8290020030860347	 -0.4309707949854728	 0.35639844661408343	 0.6097226682532604	 
0.42478929351453554	 0.8997588400674489	 0.09994041142550956	 0.33083085899530273	 
-0.3637440514905555	 0.0685434430858845	 0.9289736602375592	 -0.517358955557271	 
0.0	 0.0	 0.0	 1.0	 
3	 12	  37
0.9079366835582888	 -0.31511625646769387	 0.27631996590721003	 0.3560562515936095	 
0.31130324961268463	 0.9484911768920248	 0.058777326738839356	 0.3272206833799404	 
-0.2806087408292153	 0.0326532122120967	 0.9592666481758205	 -0.09923755101399315	 
0.0	 0.0	 0.0	 1.0	 
3	 13	  37
0.9572269911704968	 -0.23760273652829408	 0.16511034785543602	 0.19679508732650278	 
0.229996233361355	 0.9710823622407905	 0.06403732024713796	 0.13199547400777703	 
-0.17555118915651438	 -0.02332349328705621	 0.9841939822243486	 -0.0020722321896918744	 
0.0	 0.0	 0.0	 1.0	 
3	 14	  37
0.8695152600823238	 -0.3767124362517766	 0.3194228433553546	 0.049230150232426995	 
0.34094127960375986	 0.9257276358433755	 0.1636685311780643	 -0.02889044433657553	 
-0.35735452473155993	 -0.03340785250634086	 0.933371126104078	 0.3457777766449033	 
0.0	 0.0	 0.0	 1.0	 
3	 26	  37
0.9680164784524101	 0.09967066430783096	 -0.2302386937963099	 2.3638323177592566	 
-0.06328037973893491	 0.9850274756778662	 0.1603635423024431	 0.20453157264213395	 
0.24277498014558993	 -0.1406649595177383	 0.9598300256707859	 -0.9418049378057161	 
0.0	 0.0	 0.0	 1.0	 
3	 27	  37
0.7872620749484917	 0.03296501370336126	 -0.6157367401896144	 2.2394026768275848	 
-0.09220203313380376	 0.9936367590754404	 -0.06468984541678745	 0.8881722147227358	 
0.6096861573250525	 0.10770004125158049	 0.7852919779805593	 -0.4613454528020913	 
0.0	 0.0	 0.0	 1.0	 
3	 28	  37
0.5175257859894422	 0.2843231358747372	 -0.8070485829504723	 2.14388687614583	 
-0.20890491686185336	 0.956622647435799	 0.20305626344406438	 -0.11178450596060571	 
0.8297745456128138	 0.06350956478577606	 0.5544733885713263	 0.39774463321346093	 
0.0	 0.0	 0.0	 1.0	 
3	 29	  37
0.5644284874267426	 0.1856489955459055	 -0.8043350875312827	 1.773544631899837	 
-0.15546654113038197	 0.9808526961703452	 0.11729511074345582	 -0.25285485943981223	 
0.810709958721437	 0.05884249202881096	 0.582483410889722	 0.7591420540174438	 
0.0	 0.0	 0.0	 1.0	 
3	 30	  37
0.3714755838926613	 0.2851816667873169	 -0.8835594532910696	 1.3485245459814503	 
-0.26118764591834004	 0.945323609812494	 0.19530562293674808	 -0.4593316614299871	 
0.8909471949511045	 0.1582235433160418	 0.42565056812986213	 1.1350208264254993	 
0.0	 0.0	 0.0	 1.0	 
3	 40	  37
0.9820164030159724	 -0.06445453292887762	 0.17745252151629298	 -0.5570264541792244	 
0.11793300700813394	 0.9434024734273252	 -0.30997351336722834	 0.45443317408365075	 
-0.1474299496899783	 0.32532658409070114	 0.9340380204350812	 -0.779948475224613	 
0.0	 0.0	 0.0	 1.0	 
3	 41	  37
0.9875961713786352	 -0.11702437031145814	 0.10468571550822113	 -0.4060506540347749	 
0.1466156998679108	 0.9259172530339507	 -0.3481107253250108	 0.29805676953680854	 
-0.05619287170544127	 0.35914138899223125	 0.9315899440645692	 -0.5388207697649557	 
0.0	 0.0	 0.0	 1.0	 
3	 42	  37
0.9746556163921855	 -0.08610783158125783	 0.20647486717647517	 -0.25733275231664415	 
0.14607565959662197	 0.9439955640317694	 -0.29586192178405224	 0.07676061491720032	 
-0.1694353301663531	 0.3185244361563406	 0.9326488366275408	 -0.06161040031510589	 
0.0	 0.0	 0.0	 1.0	 
3	 43	  37
0.9843577729258345	 -0.1369578512496868	 0.11082563720349073	 -0.11357267555164027	 
0.16493073629001392	 0.9375298411366331	 -0.30632605048404254	 -0.10465545268450323	 
-0.06194858438515732	 0.31981298278742115	 0.9454533457200771	 0.3326798578797414	 
0.0	 0.0	 0.0	 1.0	 
3	 44	  37
0.9063460126006108	 -0.14799130617148415	 0.39577200348260083	 -0.13045173948587796	 
0.23874006763549505	 0.9521781034492602	 -0.19068308634267983	 -0.2512840093004953	 
-0.34862599666171384	 0.26731148985673714	 0.8983342817916937	 0.7009434232330001	 
0.0	 0.0	 0.0	 1.0	 
3	 45	  37
0.8627361246212403	 -0.0770717390290398	 0.49974626193355803	 0.18111315980371726	 
0.1441334965433422	 0.9847978165378432	 -0.0969473863313869	 -0.4629085868590556	 
-0.48467712391623685	 0.15567018849264802	 0.8607292710062489	 0.859129106236353	 
0.0	 0.0	 0.0	 1.0	 
4	 5	  37
0.9867229198090797	 -0.13347076647143427	 0.09253882439804498	 0.22293174673451857	 
0.13733597391439864	 0.9898439417217934	 -0.03671241350886736	 0.23270075632230727	 
-0.08669896073441691	 0.048933889424306945	 0.9950320420335126	 -0.158022320960821	 
0.0	 0.0	 0.0	 1.0	 
4	 6	  37
0.9972875081925743	 -0.05175481856184229	 0.052336075117239096	 0.6192588816117959	 
0.05262459209090738	 0.9984959395176163	 -0.015378916545005247	 0.4416280500153125	 
-0.05146142545938762	 0.018091365964553324	 0.9985111036774826	 -0.1499462301578512	 
0.0	 0.0	 0.0	 1.0	 
4	 7	  37
0.9833536571822992	 0.10894743585134997	 0.14541678420187443	 0.77046172767906	 
-0.13590706158769683	 0.9722017963364149	 0.1906644639434621	 0.11313558272165446	 
-0.1206020543639146	 -0.2072537657599147	 0.9708249178206845	 -0.34213801852716796	 
0.0	 0.0	 0.0	 1.0	 
4	 9	  37
0.9941617421072831	 0.020449792798813676	 0.10594449728370763	 1.3129411772977664	 
-0.02346056712756877	 0.9993532995185404	 0.027250404243955865	 0.3225392817962439	 
-0.10531871780583345	 -0.029576827346619584	 0.9939985809667152	 -0.2760707929549466	 
0.0	 0.0	 0.0	 1.0	 
4	 10	  37
0.9788254785039789	 0.0503701827185332	 -0.19840243779842487	 0.8789572957995884	 
-0.04827705362550853	 0.9987156242560442	 0.015376214101663926	 0.23244649907549356	 
0.19892211723359443	 -0.005472344996614502	 0.9800000228140519	 -0.19373417618976696	 
0.0	 0.0	 0.0	 1.0	 
4	 11	  37
0.9850139361374468	 -0.11608722351970938	 -0.12755901438353592	 0.5982751211773709	 
0.12411614386139903	 0.9906359011664946	 0.05688316229802988	 0.1995452678383457	 
0.11976113078954506	 -0.07186284057517296	 0.9901984668219176	 -0.05188150802127345	 
0.0	 0.0	 0.0	 1.0	 
4	 12	  37
0.9680951352765986	 -0.06341137949761874	 -0.2424269085806943	 0.2588326118007082	 
0.08140899164286418	 0.9945624011473272	 0.06494771977333265	 0.1401386864524324	 
0.2369902637946872	 -0.08261130173452214	 0.9679932787433252	 0.18924403683731916	 
0.0	 0.0	 0.0	 1.0	 
4	 13	  37
0.917474024241305	 0.01595126501613747	 -0.3974757501871647	 0.09424942867291967	 
0.0475580530576842	 0.9876307976586584	 0.1494109738455816	 -0.13119676654151885	 
0.394942586247453	 -0.15598386025646274	 0.905366991284565	 0.1866116302908597	 
0.0	 0.0	 0.0	 1.0	 
4	 14	  37
0.9637048788333635	 -0.09047966370403486	 -0.2511699364350287	 -0.20827050675550035	 
0.11687118491420843	 0.988858103602303	 0.09219965876729329	 0.03715383319495894	 
0.2400292329061621	 -0.11820778906679998	 0.9635418444231767	 0.41355011126000796	 
0.0	 0.0	 0.0	 1.0	 
4	 15	  37
0.9515610960045435	 -0.29156100855270006	 0.09758923538159055	 -0.0836015624837932	 
0.2624001012517449	 0.9355373897349245	 0.23646559849381238	 -0.04044692463815743	 
-0.1602425269199941	 -0.19940403882493282	 0.9667266220946846	 0.5258475327710147	 
0.0	 0.0	 0.0	 1.0	 
4	 18	  37
0.7011005966094855	 -0.410664678433828	 0.5829343662203016	 -0.11265073001944394	 
0.392125923746183	 0.9048416272202647	 0.16582789142838986	 0.0619837253306329	 
-0.595562938202191	 0.11232164322259444	 0.7954172710620193	 0.1716860624282639	 
0.0	 0.0	 0.0	 1.0	 
4	 19	  37
0.9089667602419094	 -0.27716711846757996	 0.3113805023049868	 0.2348277982620868	 
0.27374595878490987	 0.960194440547803	 0.05558584702980834	 0.23803600711471626	 
-0.31439239625706217	 0.03471346686041794	 0.9486582084155881	 -0.21428393672268883	 
0.0	 0.0	 0.0	 1.0	 
4	 20	  37
0.8880657954064229	 -0.310440382691641	 0.3390662351568259	 0.26058278006220004	 
0.1954951719635326	 0.9225659908983086	 0.3326464041242154	 -0.3282284530975349	 
-0.4160778542149358	 -0.22912608151864655	 0.8799888965207486	 -0.8813750394588556	 
0.0	 0.0	 0.0	 1.0	 
4	 25	  37
0.7219353907461303	 -0.1391518035759799	 -0.677824510584991	 2.7610557562837728	 
0.29395003064921477	 0.9484632067076454	 0.1183677532234814	 0.5657319992218808	 
0.6264205225481975	 -0.2847004058363829	 0.7256328326688647	 0.6307646324615387	 
0.0	 0.0	 0.0	 1.0	 
4	 26	  37
0.6824557437092605	 0.6467434605707939	 -0.34055403989257277	 1.7750731835138118	 
-0.5819205864179647	 0.7626874969364725	 0.28226975239962915	 -0.7340635762550963	 
0.4422924247386679	 0.005538792800775212	 0.8968537967768764	 -0.09936653876077102	 
0.0	 0.0	 0.0	 1.0	 
4	 27	  37
0.5576436881132631	 -0.19764466428808222	 0.8062072337717442	 -3.607494066582644	 
0.24447230888268717	 0.96726684001526	 0.0680305107761312	 0.09003518524453519	 
-0.7932633908715346	 0.15915855894467174	 0.5877088954726223	 1.0992022548733456	 
0.0	 0.0	 0.0	 1.0	 
4	 37	  37
0.5369730318030562	 -0.5812188937462547	 0.6114282956067814	 -0.35584841195875977	 
0.37419612720464185	 0.8136848228638197	 0.44485308521591943	 -0.49855011417840345	 
-0.7560669424735357	 -0.010080009595942933	 0.6544166653633328	 0.7019068165665091	 
0.0	 0.0	 0.0	 1.0	 
4	 38	  37
0.8453577334196758	 -0.4753721775165795	 0.24370390926428348	 -0.3293169893579231	 
0.36315515963877865	 0.8459702010869953	 0.3904519802748634	 -0.2489643938280904	 
-0.3917762532049147	 -0.24156926898091718	 0.8877813107453568	 -0.002138096301157754	 
0.0	 0.0	 0.0	 1.0	 
4	 39	  37
0.7962292771532048	 -0.3788610066287681	 0.47168132871709084	 -0.3093669948027384	 
0.22772235180558778	 0.9099875409518231	 0.3465042651982587	 -0.07810706026241004	 
-0.5605010871463287	 -0.1684844591310716	 0.8108338413874283	 -0.16267605698670717	 
0.0	 0.0	 0.0	 1.0	 
4	 41	  37
0.8258601456779256	 -0.019570383532352183	 -0.5635352871553235	 0.10078306867443923	 
-0.16669847409422078	 0.9462532469715108	 -0.2771577372734384	 0.3279968769572577	 
0.5386711784711476	 0.3228340017474471	 0.77821049131982	 -0.4859508715320351	 
0.0	 0.0	 0.0	 1.0	 
5	 6	  37
0.9969678529208817	 0.07740039507675833	 0.008017423793774053	 0.33069422917375674	 
-0.07756324486187027	 0.9967331438757909	 0.022516281797399562	 0.16372830614270045	 
-0.006248462916974664	 -0.0230698665241928	 0.9997143281806713	 0.03485099114594779	 
0.0	 0.0	 0.0	 1.0	 
5	 7	  37
0.9934582617616056	 0.065516044078213	 -0.09353250828429417	 0.8164418080952759	 
-0.06080472997345046	 0.9967751604404296	 0.05236472421212429	 0.22546576761900847	 
0.09666161053109837	 -0.04633494898343721	 0.9942382036273986	 -0.057111772255237434	 
0.0	 0.0	 0.0	 1.0	 
5	 8	  37
0.9957136628745215	 0.05775296730597401	 0.07224192918491733	 1.1452330572378786	 
-0.0699563322374814	 0.9812142143065982	 0.17979092641889155	 0.19889005469915902	 
-0.06050134828979006	 -0.18407406229569512	 0.9810485851603262	 -0.09929583181132516	 
0.0	 0.0	 0.0	 1.0	 
5	 9	  37
0.959623662065135	 0.27429642299031937	 0.062320939814920366	 1.0514647461964985	 
-0.27776804502085456	 0.9590037412279965	 0.05618485094754819	 -0.18501489164638832	 
-0.044354710798196764	 -0.07122707803512268	 0.9964734632616092	 -0.05608412627180781	 
0.0	 0.0	 0.0	 1.0	 
5	 10	  37
0.9565896049871735	 0.19802507803920055	 -0.21382795911211544	 0.5214047522713048	 
-0.18195260484202716	 0.9789375421880175	 0.09259880175296314	 -0.09994430628802946	 
0.22766110168776138	 -0.049672497042648804	 0.972472655562028	 0.006226387361114871	 
0.0	 0.0	 0.0	 1.0	 
5	 11	  37
0.9804543202012944	 0.007604392604454765	 -0.1965998454010997	 0.396517650753993	 
0.012814036270574102	 0.9946630903907205	 0.10237742470309788	 -0.03847116592400038	 
0.19632912792827084	 -0.10289562589099423	 0.9751242811557029	 0.14484434642933372	 
0.0	 0.0	 0.0	 1.0	 
5	 12	  37
0.9559536567903902	 -0.00988957600806671	 -0.293350988332169	 -0.08308644655109965	 
0.04781307586705874	 0.9913297005973447	 0.1223900914686724	 -0.0737521314299817	 
0.28959716132105057	 -0.13102526855519053	 0.9481381034189217	 0.37314133975778285	 
0.0	 0.0	 0.0	 1.0	 
5	 15	  37
0.982784368864931	 -0.1813098082946124	 0.03551954012836175	 -0.4278065846699242	 
0.16062574807282626	 0.9334821999646756	 0.32064053300410084	 -0.30848904734550636	 
-0.09129213203121243	 -0.3094151511566295	 0.946534738329194	 0.649728717484928	 
0.0	 0.0	 0.0	 1.0	 
5	 16	  37
0.8233359822650882	 -0.31582353478584047	 0.4715647942573313	 -0.4751931624715474	 
0.19946344671963134	 0.938885943258335	 0.28054860358702677	 -0.1928852907451927	 
-0.5313494083278038	 -0.13692582089322253	 0.8360138311310464	 0.6721755404160311	 
0.0	 0.0	 0.0	 1.0	 
5	 17	  37
0.5657656857877139	 -0.3731049385451009	 0.7353243458627048	 -1.5611727715289212	 
0.3858962664229066	 0.9078924518244572	 0.1637539846264435	 -0.15416720366718148	 
-0.7286928436220712	 0.19111253426563293	 0.6576341983964553	 0.6811027350340884	 
0.0	 0.0	 0.0	 1.0	 
5	 18	  37
0.8427285704961264	 -0.2407751737817873	 0.48149337706754075	 -0.11848903656983802	 
0.2040870187190724	 0.9705323848892327	 0.12812251430400057	 -0.17794966907523815	 
-0.4981536362006358	 -0.009705955469087979	 0.8670344567365913	 0.2535964812010289	 
0.0	 0.0	 0.0	 1.0	 
5	 19	  37
0.95305972545323	 -0.17529916433127776	 0.24687519661515314	 -0.0255982503319519	 
0.1638005982551358	 0.9842471243233708	 0.06653542118628356	 0.019218357088043484	 
-0.2546498060676161	 -0.022973925348797802	 0.9667604020768504	 -0.04319423529666856	 
0.0	 0.0	 0.0	 1.0	 
5	 20	  37
0.964001109543663	 -0.06285181327920526	 0.2583631366238256	 0.30831392417761455	 
0.019412398384437462	 0.9857046534873894	 0.1673603742893416	 -0.08584771566465359	 
-0.26518864905487455	 -0.15632013837257427	 0.9514404840827559	 -0.7189972257456005	 
0.0	 0.0	 0.0	 1.0	 
5	 21	  37
0.881968666476463	 -0.08802606593984656	 0.4630147762964837	 0.4499843738715638	 
0.003510918392868724	 0.9836035525812613	 0.18031007958946968	 -0.05233562718107492	 
-0.4712949658184008	 -0.15740223335352058	 0.867816565945567	 -0.5970726696045643	 
0.0	 0.0	 0.0	 1.0	 
5	 25	  37
0.66943120410779	 -0.5986850272645375	 -0.43981598549399364	 0.9359949682749402	 
0.6851787687131687	 0.7263586252607233	 0.05415904738875413	 1.1691586629828912	 
0.28703992382855026	 -0.33760833170792826	 0.8964533989504913	 -0.24513879859229704	 
0.0	 0.0	 0.0	 1.0	 
5	 26	  37
0.6184257996609979	 0.3359851518844731	 -0.7103967257996212	 1.9343332660591415	 
-0.18205102194768388	 0.940654006180723	 0.2864043750782429	 -0.48239272703681424	 
0.7644651435621238	 -0.04779140476406163	 0.6428911462364515	 0.8205738992119656	 
0.0	 0.0	 0.0	 1.0	 
5	 36	  37
-0.468131480013661	 0.47125489491594713	 -0.7475103620940505	 1.8688346181802242	 
0.22833374465466322	 0.8817076758583681	 0.4128622959104084	 -1.0075687722834037	 
0.853649001916009	 0.022591997481279963	 -0.520358514081982	 3.7561892128676067	 
0.0	 0.0	 0.0	 1.0	 
5	 37	  37
0.6017342317113057	 -0.5087167037319085	 0.6157298350177179	 -0.7458081849401084	 
0.30307071816712494	 0.8586935559889181	 0.4132717225903188	 -0.6455207452490718	 
-0.7389614700215892	 -0.062070059185147936	 0.6708824439320825	 0.8320039911516424	 
0.0	 0.0	 0.0	 1.0	 
5	 38	  37
0.8366521332229282	 -0.3710191970322143	 0.4029366741897471	 -0.8378569505084197	 
0.16130887066272198	 0.8699181848287477	 0.4660705954571407	 -0.44103935387065707	 
-0.5234430782989117	 -0.3249416980595561	 0.7876675927338456	 0.30866803981715085	 
0.0	 0.0	 0.0	 1.0	 
5	 39	  37
0.8754596564922981	 -0.2996220574170678	 0.3792057654671792	 -0.5082291578009765	 
0.1462711987693893	 0.9120998162595225	 0.3829865031432692	 -0.34059340035074787	 
-0.4606247130419209	 -0.27982235058784427	 0.8423326693453955	 -0.06223206210116758	 
0.0	 0.0	 0.0	 1.0	 
6	 7	  37
0.9956017709837723	 -0.006025883676141498	 -0.09349225818161852	 0.47119687256859755	 
0.00644009242326526	 0.9999707365068417	 0.004129326766459143	 0.12960499439119236	 
0.09346463942880523	 -0.004713263825207092	 0.995611443445965	 -0.12725545665350943	 
0.0	 0.0	 0.0	 1.0	 
6	 8	  37
0.9947767858455274	 0.07372075292551046	 0.0706002615500714	 0.7626889592534634	 
-0.08389278588050045	 0.9844926983701443	 0.15406533462489658	 0.05300871720907998	 
-0.058147629530799896	 -0.15918347101369695	 0.9855351215131708	 -0.09094500789766548	 
0.0	 0.0	 0.0	 1.0	 
6	 9	  37
0.9743033194927627	 0.22401636403189218	 0.02344590094906631	 0.8196980908505437	 
-0.22427948359734678	 0.9744811034811677	 0.009235377384356007	 -0.2614102707597276	 
-0.020778711766850255	 -0.014256493399677729	 0.9996824483471008	 -0.06505683006069964	 
0.0	 0.0	 0.0	 1.0	 
6	 10	  37
0.9516716116420346	 0.14301781245748688	 -0.27178493136030735	 0.3375714217968721	 
-0.13722113329510113	 0.9897195300627486	 0.04031888378389759	 -0.21972482331946766	 
0.2747571731035602	 -0.0010757008164369742	 0.961513046555216	 -0.00717513377832828	 
0.0	 0.0	 0.0	 1.0	 
6	 11	  37
0.9783343538661851	 -0.060696576790483577	 -0.19793387181367234	 0.032996065929468445	 
0.06963799145811701	 0.9968282003993613	 0.03852387615816564	 -0.14990871560914806	 
0.1949677978305996	 -0.05147294876425217	 0.9794580610493739	 0.1264952471664759	 
0.0	 0.0	 0.0	 1.0	 
6	 12	  37
0.9488161514661752	 0.1011678826577728	 -0.2991871826055699	 -0.2984606537323238	 
-0.065518189782475	 0.9897496381823658	 0.12689767738419522	 -0.30830616882959333	 
0.30895837506781265	 -0.10080036327523283	 0.9457187791510949	 0.34427249587722675	 
0.0	 0.0	 0.0	 1.0	 
6	 15	  37
0.9739864083279104	 -0.22630371476544306	 0.011709187668552624	 -0.7270948452963106	 
0.2108000570466492	 0.9237981103458675	 0.3196253858355647	 -0.5838503405263675	 
-0.08314933758982053	 -0.30884248413190346	 0.947471639498306	 0.6331604640131011	 
0.0	 0.0	 0.0	 1.0	 
6	 16	  37
0.8458955286342337	 -0.36213450775662115	 0.3915601523756972	 -0.5750157841907108	 
0.2616793161279796	 0.9215118483932686	 0.2869492094110292	 -0.3940682473837978	 
-0.46474153047409306	 -0.14026586028927784	 0.8742658624754285	 0.5434773107816824	 
0.0	 0.0	 0.0	 1.0	 
6	 17	  37
0.5889110684642016	 -0.379641454620249	 0.7134816881841993	 -0.6612100761204374	 
0.2958532760733275	 0.9227955738882698	 0.24681808655140808	 -0.49310539977030804	 
-0.752100121311672	 0.06573199180034446	 0.6557626954752213	 0.5015208477738428	 
0.0	 0.0	 0.0	 1.0	 
6	 18	  37
0.8251353944730778	 -0.22013116360816495	 0.5202824728897492	 -0.5959411132645713	 
0.23375964492490597	 0.971459056788108	 0.04029552566899617	 -0.21666523897795212	 
-0.5143034213305788	 0.08837178165497236	 0.8530430346792508	 0.2528825171900781	 
0.0	 0.0	 0.0	 1.0	 
6	 19	  37
0.9420315753749732	 -0.26498191918324093	 0.20581810781005624	 -0.2638118386116154	 
0.26057196720097286	 0.9642226184796491	 0.048754404121721016	 -0.15495763694519663	 
-0.2113735104159484	 0.007702241116394936	 0.9773750122528321	 -0.07575888021349372	 
0.0	 0.0	 0.0	 1.0	 
6	 20	  37
0.9648416205867572	 -0.11574137064110504	 0.23597580872970692	 0.0036791701474532296	 
0.08054066937198096	 0.9848253447745535	 0.15372781422630036	 -0.2261595566102787	 
-0.25018762511490095	 -0.12931734381667878	 0.9595223691126565	 -0.7587796560420124	 
0.0	 0.0	 0.0	 1.0	 
6	 21	  37
0.7795870957789034	 -0.27135335816699524	 0.5644566547632418	 -0.15162555919127546	 
0.14148844857183568	 0.9542718028307117	 0.2633369424197036	 -0.3092935688561248	 
-0.6101024332157267	 -0.1254299857837738	 0.7823313490142989	 -0.5133384028700827	 
0.0	 0.0	 0.0	 1.0	 
6	 24	  37
0.9065956323635902	 -0.4080819900157745	 -0.10748697039189492	 1.6873114751306622	 
0.4214471190649304	 0.8885837108703263	 0.18111133207999888	 -0.005954539170915429	 
0.02160289821142512	 -0.20949481664396014	 0.9775710902989001	 -0.006267628276996889	 
0.0	 0.0	 0.0	 1.0	 
6	 25	  37
0.850962061859424	 0.17550496033020427	 -0.4950369462731558	 1.8618998322036302	 
-0.05807592738920384	 0.9681815448721472	 0.24341668559666724	 -0.5450545877941464	 
0.5220064711608869	 -0.1783886349195943	 0.8340783770112264	 0.41127509949389357	 
0.0	 0.0	 0.0	 1.0	 
6	 26	  37
0.549583578887868	 0.3355494440500786	 -0.7650911451680021	 1.7850867034518936	 
-0.2132027641488446	 0.9418042455185163	 0.2599025672874168	 -0.6894880925911051	 
0.8077762506883286	 0.02028136388365962	 0.5891402168439396	 0.9713712962205585	 
0.0	 0.0	 0.0	 1.0	 
6	 35	  37
-0.6911760592377852	 0.4772904790626784	 -0.5426503973394332	 1.759472721808918	 
0.638412723307995	 0.755142407112702	 -0.14896019501364965	 1.0198131594179976	 
0.3386810444282287	 -0.4493926385424594	 -0.8266446676588743	 5.15868119766356	 
0.0	 0.0	 0.0	 1.0	 
6	 36	  37
0.46719928078374584	 -0.560666523291877	 0.683650408977388	 -0.8445746474685798	 
0.3206724345921226	 0.8280302739092092	 0.45992940238975916	 -1.129730016174718	 
-0.8239502544012661	 0.004349155048885352	 0.5666454474558575	 1.2824953786566329	 
0.0	 0.0	 0.0	 1.0	 
6	 37	  37
0.5339606326396554	 -0.3882424429776482	 0.7511017562632957	 -1.2859244586257048	 
0.1416977394561386	 0.9168687510373484	 0.37319357444124535	 -0.8294465328920004	 
-0.8335513142117161	 -0.0928412561416571	 0.5445848948822944	 1.0278233990026482	 
0.0	 0.0	 0.0	 1.0	 
6	 38	  37
0.864793750976601	 -0.38334559496229137	 0.32431146001155775	 -1.0005831581230136	 
0.21598270808648318	 0.867057359536891	 0.4489576874055565	 -0.6566882947005568	 
-0.45330258997655204	 -0.31821013512445345	 0.8326218059987548	 0.2157093018681627	 
0.0	 0.0	 0.0	 1.0	 
6	 39	  37
0.8773553727893951	 -0.2851336625262043	 0.3859356738265769	 -0.845708505871598	 
0.13357113945358817	 0.9176339045546366	 0.37430838611615774	 -0.5381205201571463	 
-0.46087558032797915	 -0.27685160593033403	 0.8431766646149217	 -0.08993171416656187	 
0.0	 0.0	 0.0	 1.0	 
6	 53	  37
0.683512094687726	 -0.23706690453890614	 0.6903698278371801	 -0.9098866432831761	 
0.16530115356431602	 0.971491186981502	 0.16994234977655964	 -0.8095518192547022	 
-0.7109759103133546	 -0.002038722544446664	 0.7032134089765943	 1.6627981642484777	 
0.0	 0.0	 0.0	 1.0	 
6	 54	  37
-0.5784562486317903	 0.19191448769172614	 -0.7928159924174457	 2.3411967544006327	 
0.6243678952737846	 -0.5212902091135714	 -0.5817398466958519	 0.43124924722561625	 
-0.5249315191243711	 -0.8315199019243925	 0.1817183340596888	 1.8112337849868134	 
0.0	 0.0	 0.0	 1.0	 
6	 59	  37
0.018065078241432737	 -0.12986357789706743	 0.9913672902027296	 -0.8748026471513982	 
-0.9758522933585045	 0.21358431346632492	 0.045760710091364544	 0.7035148563425584	 
-0.21768315161049587	 -0.9682547145131237	 -0.12286925298068209	 1.0354297992945507	 
0.0	 0.0	 0.0	 1.0	 
7	 8	  37
0.9871683141876855	 0.04068875666181472	 0.15441225516505172	 0.314171313403601	 
-0.05918818749195601	 0.9913468800020567	 0.11716706863109841	 -0.0027687221008860234	 
-0.14830872504764656	 -0.12480299912863892	 0.9810345220649667	 -0.010854111726530283	 
0.0	 0.0	 0.0	 1.0	 
7	 9	  37
0.9738861949777536	 0.1960152089387042	 0.11455879318702823	 0.28549538351305526	 
-0.19926409494799532	 0.9797892133241128	 0.017519072985501063	 -0.3835892775982279	 
-0.10880946510441275	 -0.03988903757213512	 0.9932619820496809	 0.007602875171402109	 
0.0	 0.0	 0.0	 1.0	 
7	 10	  37
0.9760946965340205	 0.10472545431075982	 -0.19045136549146088	 -0.1556590122510825	 
-0.10706497255543274	 0.9942500002043804	 -0.002007173458985126	 -0.2936039913985239	 
0.18914606802643633	 0.02234986158782791	 0.9816945801200813	 0.09463268617095351	 
0.0	 0.0	 0.0	 1.0	 
7	 11	  37
0.9688052128954839	 -0.17482519386298273	 -0.17564911345436976	 -0.28849509381484806	 
0.1870399241583976	 0.9807863027652708	 0.05544632610778757	 -0.3348056256386848	 
