0	 1	  37
0.98767282905713	 0.11502318723276025	 0.10616990694684349	 -0.3155305489995728	 
-0.1082993974118207	 0.9918526890456477	 -0.06707819133781852	 0.1521134971601909	 
-0.11302045506243763	 0.054753170061046366	 0.9920828932633325	 -0.16902097975807226	 
0.0	 0.0	 0.0	 1.0	 
0	 2	  37
0.9974626893896338	 0.02522552056914319	 -0.06657218929562922	 -0.5361268123001796	 
-0.008442600981900979	 0.970433826617143	 0.24121963155155637	 -0.0371199865585653	 
0.07068879518182308	 -0.2400455399902777	 0.9681845035769355	 -0.3984108679417165	 
0.0	 0.0	 0.0	 1.0	 
0	 3	  37
0.9959235886453603	 0.09018750496084807	 -0.0015554834245457073	 -0.5821197467958376	 
-0.08937691234436494	 0.9843532642422779	 -0.15185657284213905	 0.06034576444156404	 
-0.01216442023011147	 0.1513765672900175	 0.9884013161443871	 -0.13465177405850173	 
0.0	 0.0	 0.0	 1.0	 
0	 10	  37
0.8991113188739024	 -0.05744562474174216	 0.43393413840220335	 -0.4776246052841923	 
-0.03590679968486425	 0.9783302167221652	 0.20391343453718655	 -0.24360387803911643	 
-0.4362448143063969	 -0.19892206324686948	 0.8775650829108838	 -0.3737715697108588	 
0.0	 0.0	 0.0	 1.0	 
0	 19	  37
0.08725789068360708	 -0.16773816080524412	 0.9819623057547172	 -1.8055274639231755	 
0.18152188074943332	 0.9718967105190808	 0.14988859493429998	 -0.6137457976128309	 
-0.9795079720567035	 0.16516868193414955	 0.11525380334505043	 2.244797327505916	 
0.0	 0.0	 0.0	 1.0	 
0	 35	  37
0.9248801167580922	 0.02153435046154103	 0.3796485761539707	 -2.0629432826181855	 
-0.041679428177050226	 0.9981206511119035	 0.04492205572750226	 0.1756345606490859	 
-0.3779677167330192	 -0.05737105170859497	 0.9240394837524414	 -0.09670023899637517	 
0.0	 0.0	 0.0	 1.0	 
0	 36	  37
0.3350428780040903	 -0.2159722753404241	 0.9171162664477256	 -1.6515445031522944	 
0.16376385835104135	 0.9719074028899937	 0.16904851050987646	 -0.054565764912579674	 
-0.9278618801291043	 0.0935519988664477	 0.36099910652434514	 0.5517748899764277	 
0.0	 0.0	 0.0	 1.0	 
0	 43	  37
0.9971632025161938	 0.051008620623413034	 0.055350412552613276	 0.4193213148489283	 
-0.07406560495060074	 0.7959561792981433	 0.6008061640832281	 -0.4334210760965739	 
-0.013410209206024872	 -0.6032013604586761	 0.7974761971556593	 -0.6788699829145075	 
0.0	 0.0	 0.0	 1.0	 
0	 44	  37
0.9764264921342795	 -0.17004411930178578	 0.13295225815767608	 0.37455864632389063	 
0.12230659746172852	 0.9433835538563211	 0.30833190968622204	 -0.33935873713889225	 
-0.17785500182924277	 -0.2848025066678625	 0.9419422118792755	 -0.7018763065646978	 
0.0	 0.0	 0.0	 1.0	 
0	 45	  37
0.9985737057985065	 0.05315081792378301	 0.005054170740216263	 0.27277810043686473	 
-0.053204894998646605	 0.9827438483850798	 0.17715464320606072	 -0.12456835731369308	 
0.004448958981762829	 -0.17717087518922658	 0.9841700502193019	 -0.6563061742299946	 
0.0	 0.0	 0.0	 1.0	 
0	 54	  37
0.8869726008303673	 0.23613565767485845	 -0.3968873348327909	 0.1286103483280052	 
-0.1494769316875524	 0.9599240288593677	 0.237070676617069	 -0.012463608241362212	 
0.43696252959434473	 -0.15094969358320048	 0.8867231460482178	 -0.25965266321979114	 
0.0	 0.0	 0.0	 1.0	 
1	 2	  37
0.9728939511921454	 -0.0596555439185067	 -0.22342465354907162	 -0.09629496085031296	 
0.11936586879145265	 0.9570421333919968	 0.26423880161732083	 -0.17952637802917945	 
0.1980634976501157	 -0.2837456096440674	 0.9382213384411587	 -0.24291244006694948	 
0.0	 0.0	 0.0	 1.0	 
1	 3	  37
0.9922068763703299	 -0.05553695746841761	 -0.11153995175982552	 -0.19914465986595942	 
0.042451656650454056	 0.9922898377274489	 -0.1164419803613173	 -0.08046860226498491	 
0.11714679394274947	 0.11079947787776198	 0.9869144361954336	 0.0037061103009965717	 
0.0	 0.0	 0.0	 1.0	 
1	 10	  37
0.9388238764737118	 -0.13284771127175743	 0.3177439449820072	 -0.10540680574616972	 
0.04019178855909271	 0.9585661453355668	 0.2820205048377415	 -0.3893512750961731	 
-0.34204436714451864	 -0.2519968861441925	 0.905264171542394	 -0.20145182327837363	 
0.0	 0.0	 0.0	 1.0	 
1	 11	  37
0.9047838635768383	 0.2656222023122358	 -0.3328828710669354	 -0.39396963574277666	 
-0.13433306448115465	 0.9197537225593037	 0.36879224181834913	 -0.46536691534948804	 
0.40412966730749955	 -0.2889600932258634	 0.867860171067223	 0.19417655494012317	 
0.0	 0.0	 0.0	 1.0	 
1	 35	  37
0.960241909156653	 -0.10218055088851197	 0.2597972496376869	 -1.710491643255528	 
0.06723375312327318	 0.987861840504518	 0.14003073418354955	 -0.19276587205740547	 
-0.270952206745295	 -0.11699623538877389	 0.955456321641502	 -0.11577296619286401	 
0.0	 0.0	 0.0	 1.0	 
1	 43	  37
0.9945072155515828	 0.024023652454939246	 -0.10187375686879846	 0.8528944682273832	 
0.04912913784252008	 0.7522814452016648	 0.6570075760751518	 -0.5517435660481164	 
0.09242145871327416	 -0.6584037449225355	 0.7469690640456886	 -0.36047767143344556	 
0.0	 0.0	 0.0	 1.0	 
1	 44	  37
0.9753732269450408	 -0.21821626728935697	 -0.032073803159541385	 0.8783334377059248	 
0.2139496697985519	 0.9007426813897449	 0.3780055035523994	 -0.4623164654104815	 
-0.053596706539746096	 -0.3755586273980565	 0.9252475941254751	 -0.42577735184341936	 
0.0	 0.0	 0.0	 1.0	 
1	 45	  37
0.9913003066962273	 -0.03212730373538949	 -0.12763831046617258	 0.687691501633203	 
0.06038749406954002	 0.9726773896128139	 0.2241696819286725	 -0.21638053811637162	 
0.11694893117923855	 -0.229927232164211	 0.9661554820034604	 -0.3822869392254635	 
0.0	 0.0	 0.0	 1.0	 
1	 54	  37
0.8400189105274591	 0.15125020761955432	 -0.521048562661199	 0.4768812287264396	 
-0.027972289526104904	 0.9711530601103557	 0.23681065190772033	 -0.10527841287242905	 
0.5418355663620898	 -0.1843505045649007	 0.8200177501077275	 -0.03442383199966686	 
0.0	 0.0	 0.0	 1.0	 
2	 3	  37
0.9923289644649014	 0.1121927431889244	 0.051923161111016164	 -0.01065546234555751	 
-0.08460782496635127	 0.9225659265343432	 -0.376448704543251	 0.024133590234406945	 
-0.09013735207160097	 0.36916784742657743	 0.9249812745066509	 0.27661384132010397	 
0.0	 0.0	 0.0	 1.0	 
2	 10	  37
0.854185017909814	 -0.06526524776557299	 0.5158569594495239	 -0.0035992925655420594	 
0.07089135002621957	 0.9974451455095318	 0.008808983535474098	 -0.2519353044911987	 
-0.5151139404732406	 0.02904529451678158	 0.8566294410050147	 -0.007969823603577064	 
0.0	 0.0	 0.0	 1.0	 
2	 11	  37
0.9348223824015295	 0.33740691707744763	 -0.11074152640007881	 -0.20204773172132448	 
-0.32595746362815237	 0.9390263423093035	 0.10945894369265387	 -0.32968080163665414	 
0.14092141521510726	 -0.0662276434542421	 0.987803145356537	 0.38933216648909424	 
0.0	 0.0	 0.0	 1.0	 
2	 34	  37
0.9621572107284679	 -0.047031071734587294	 0.26840562612342767	 -1.6166292165463612	 
0.0329915319468296	 0.9978526885670608	 0.05658242429666515	 0.31606484648670813	 
-0.2704904077098017	 -0.04558607474857428	 0.9616427866552126	 0.040129681661989415	 
0.0	 0.0	 0.0	 1.0	 
2	 35	  37
0.9016395610839062	 -0.029485014331573793	 0.43148202258992	 -1.4763499570531793	 
0.09674294131716683	 0.9861429180632979	 -0.13476998352343095	 0.009027541400747149	 
-0.42152924595302355	 0.16325678878218033	 0.8919979348198098	 0.4092048644022246	 
0.0	 0.0	 0.0	 1.0	 
2	 43	  37
0.9911914443982064	 -0.03230150987396304	 0.12843727267292068	 0.8404832523623481	 
-0.02437653582874911	 0.9087333702531927	 0.41666466887565934	 -0.36193553187748206	 
-0.13017413357801028	 -0.41612531075162323	 0.8999413429213473	 -0.4186899223974537	 
0.0	 0.0	 0.0	 1.0	 
2	 44	  37
0.9571005991455785	 -0.18534385536706513	 0.22272426538850146	 0.8210543744614153	 
0.1676912422716694	 0.9811656135483888	 0.09588371110672815	 -0.262117975325479	 
-0.23630084718544603	 -0.054421448601507966	 0.9701547379421256	 -0.4437829441705869	 
0.0	 0.0	 0.0	 1.0	 
2	 45	  37
0.9951820963158007	 0.04758654571976411	 0.08572115164269457	 0.7579901181515222	 
-0.04372675601321124	 0.9979674536770937	 -0.046356576769851894	 -0.0644176372253051	 
-0.08775286879099814	 0.042384927364794045	 0.9952401478795114	 -0.32354315048679844	 
0.0	 0.0	 0.0	 1.0	 
2	 46	  37
0.8328451309830992	 0.2996918312977444	 -0.4653534076926347	 0.5984878030673162	 
-0.30467387317334516	 0.9501245137306763	 0.06661260701698081	 -0.14287009692256517	 
0.46210693438131384	 0.08630303969994671	 0.8826148460881755	 0.16177782651477554	 
0.0	 0.0	 0.0	 1.0	 
2	 53	  37
0.7896771353918121	 0.27806583199303303	 -0.546890679128291	 0.3437083298557875	 
-0.32576479779953865	 0.9453947360679308	 0.010299977168579565	 -0.0017321461649703767	 
0.5198916409733927	 0.17002407503959524	 0.837140666526793	 0.07648644345639347	 
0.0	 0.0	 0.0	 1.0	 
2	 54	  37
0.9127247639091502	 0.23630344372890894	 -0.33330794744326786	 0.6616609581819278	 
-0.23763952251967263	 0.9706332820555779	 0.03739637820216315	 -0.05621384641105472	 
0.3323566799142268	 0.04507454101680321	 0.9420760707440337	 0.09752236249750344	 
0.0	 0.0	 0.0	 1.0	 
3	 10	  37
0.8869176291407621	 -0.1271154259233611	 0.44409321950650565	 0.019573044040559002	 
-0.04707718492087869	 0.9315116286851477	 0.36065194340842016	 -0.31508466321959333	 
-0.45952242358698536	 -0.34077522520962006	 0.8201898488179898	 -0.177497308721362	 
0.0	 0.0	 0.0	 1.0	 
3	 35	  37
0.9179051150171397	 -0.09996475898437852	 0.3840016234165773	 -1.526102512805059	 
0.006638959725280865	 0.9714797127949474	 0.23702972775922562	 -0.0705342321184658	 
-0.3967444064371139	 -0.2150214282090082	 0.8923898595187089	 0.06297307212022146	 
0.0	 0.0	 0.0	 1.0	 
3	 45	  37
0.9989201661099291	 -0.03957910414191291	 -0.024330973146075206	 0.8786508002532178	 
0.04530173456547816	 0.9459660050395935	 0.32108576759923435	 -0.17919322553507036	 
0.010307986431422283	 -0.32184128359294417	 0.9467375209586729	 -0.48539711915472666	 
0.0	 0.0	 0.0	 1.0	 
3	 54	  37
0.8994919260867011	 0.16001587709535187	 -0.40658233358354545	 0.6403920964202443	 
-0.004514688256270967	 0.9338817079375401	 0.3575535948212674	 -0.08678339242831337	 
0.4369140561881535	 -0.31978097919836895	 0.840741478011016	 -0.09900830972071296	 
0.0	 0.0	 0.0	 1.0	 
4	 5	  37
0.9293040728115647	 -0.01670046708773227	 0.3689377110772067	 0.24503105688301188	 
0.01713890287444299	 0.9998509358513332	 0.0020890393661064394	 0.016790737026674052	 
-0.3689176036245724	 0.004381834805685123	 0.9294517745744731	 0.09398038264270321	 
0.0	 0.0	 0.0	 1.0	 
4	 6	  37
0.9011723122498554	 -0.05527843622983533	 0.42992180466014146	 0.3629731657842384	 
-0.041546041119048006	 0.9762533937652184	 0.21261053038179445	 -0.13550112219854274	 
-0.4314653984986317	 -0.20946027224721545	 0.8774759280165689	 -0.26838920799968097	 
0.0	 0.0	 0.0	 1.0	 
4	 9	  37
0.9747431502560339	 0.19039483774895138	 -0.1167287316280506	 0.6718687241626013	 
-0.1116244224739617	 0.8680556291453011	 0.4837555302180128	 -0.34369415689405497	 
0.1934315882587371	 -0.4585076122243846	 0.8673839923563241	 -0.1882234968107538	 
0.0	 0.0	 0.0	 1.0	 
4	 10	  37
0.8017995280007237	 0.3208481265389924	 -0.5041567182873152	 0.5724654754737738	 
-0.12590132662556902	 0.9154050296886207	 0.38233818482424164	 -0.33110708119014515	 
0.5841800859766945	 -0.2430845764691645	 0.7743665255104126	 -0.2243476932615142	 
0.0	 0.0	 0.0	 1.0	 
4	 18	  37
0.39094698628113883	 -0.3042085964922774	 0.8686872761459633	 -2.480895169869922	 
0.030859363390737193	 0.9476030174949934	 0.3179563192098901	 -0.18373299802072102	 
-0.919895729748113	 -0.09749692843665277	 0.37985022750632225	 -0.2537860734661838	 
0.0	 0.0	 0.0	 1.0	 
4	 19	  37
0.8963486482832724	 0.029129204407707963	 0.4423918965931949	 -2.4690618409554626	 
-0.09756939719250063	 0.9863362309941739	 0.13274431121407956	 -0.04237245406121428	 
-0.43248041973278084	 -0.16214909459748006	 0.8869432663192024	 -0.08169319119112302	 
0.0	 0.0	 0.0	 1.0	 
4	 20	  37
0.5773059722988577	 -0.08942971946149515	 0.8116157586106304	 -2.2957242006085226	 
0.028914248105807724	 0.9955997266904867	 0.0891355735399963	 -0.1997019333162436	 
-0.8160157967861571	 -0.027991239537872758	 0.5773514613340704	 -0.23937985958454874	 
0.0	 0.0	 0.0	 1.0	 
4	 36	  37
0.9860238716890061	 -0.027376168717525594	 0.16433949569647952	 -0.7362554264558865	 
-0.016143863514522492	 0.9660655551073827	 0.2577920070636179	 0.014225183413548986	 
-0.16582008361549	 -0.25684214728391735	 0.9521217418210435	 -0.7783233508497663	 
0.0	 0.0	 0.0	 1.0	 
4	 37	  37
0.7547424136851767	 -0.2455545882755258	 0.6083311870696008	 -0.18786756877501454	 
0.10452032187453891	 0.9604692116303825	 0.2580201461617945	 0.02236692440461173	 
-0.6476414064124648	 -0.13115577641472	 0.7505722956605413	 -0.14246092791320453	 
0.0	 0.0	 0.0	 1.0	 
5	 6	  37
0.9981942342233304	 -0.055699437432289375	 0.02249096336365164	 0.36294125326884114	 
0.052981862533065395	 0.992815092170657	 0.10728986438940377	 0.03786898749986672	 
-0.028305352953567148	 -0.10590451089493665	 0.9939733605918611	 -0.3121690942998906	 
0.0	 0.0	 0.0	 1.0	 
5	 7	  37
0.9941698031399627	 0.10010114307735651	 0.040076971932205954	 0.7087554274136483	 
-0.10781194823264022	 0.9287856960961963	 0.35458950145962576	 -0.07054447412783531	 
-0.0017281038541431934	 -0.3568429512848897	 0.934162791902653	 -0.2790166358237855	 
0.0	 0.0	 0.0	 1.0	 
5	 8	  37
0.970653782840218	 0.170301904389186	 -0.1697895615737049	 0.6616681033005293	 
-0.052419078397265825	 0.8388975515622507	 0.5417592991383183	 -0.3161045536290853	 
0.23469868784881537	 -0.5169605007583044	 0.8232061507166761	 -0.1202878716971713	 
0.0	 0.0	 0.0	 1.0	 
5	 9	  37
0.8252629975651753	 0.3847085274357343	 -0.4134493122112658	 0.4852653705705663	 
-0.1645429693339645	 0.8641244602120013	 0.4756201514928464	 -0.33794072427819416	 
0.5402467918391577	 -0.3244815344230628	 0.7764310257363182	 -0.10551807063540684	 
0.0	 0.0	 0.0	 1.0	 
5	 37	  37
0.9573908139426381	 -0.0948341488173825	 0.2727807060558609	 -0.2646224484812939	 
0.02297612599181679	 0.9665643839383545	 0.2553926180144536	 -0.025066078107250176	 
-0.28788005664279637	 -0.23824310256532294	 0.9275587836182615	 -0.36758652722323854	 
0.0	 0.0	 0.0	 1.0	 
5	 38	  37
0.9647042840108092	 -0.11602226718998948	 0.2363989803854626	 0.2962279739008204	 
0.03290047973590289	 0.9437789258720751	 0.32893600823397234	 -0.11039807221389403	 
-0.2612722772211759	 -0.3095483364449676	 0.9142847611985082	 0.10456886779485676	 
0.0	 0.0	 0.0	 1.0	 
5	 39	  37
0.9348552023790466	 0.19253176794821206	 -0.2982905779865797	 0.6912898595602053	 
-0.06036280677525228	 0.9141492559786679	 0.4008584155931644	 -0.1498010078016302	 
0.34986008938294944	 -0.35673891871280927	 0.8662189456093485	 0.42237483974299805	 
0.0	 0.0	 0.0	 1.0	 
5	 40	  37
0.9052472045252444	 0.3449546613483572	 -0.24806003368795276	 1.0280152024646485	 
-0.1112441768386662	 0.7558878797295325	 0.645180785824778	 -0.36708371334360373	 
0.41006369239267704	 -0.5564528685270929	 0.7226395874080331	 0.45245049296971035	 
0.0	 0.0	 0.0	 1.0	 
5	 41	  37
0.917611721395914	 0.3613971987732655	 -0.16547142797372766	 0.8409452759666778	 
-0.09012591387557851	 0.5946370420800814	 0.7989268476114337	 -0.598941252497553	 
0.38712536523059277	 -0.7181913762397093	 0.5782171726003926	 0.5774585311429499	 
0.0	 0.0	 0.0	 1.0	 
6	 7	  37
0.9846597138334634	 0.16892934268722928	 0.04368209166996801	 0.3088920408195978	 
-0.1744373347042128	 0.9589321890336394	 0.2236530194216997	 -0.07540127223042994	 
-0.004106606225728716	 -0.22784190574697497	 0.9736894791312546	 0.02832891286667338	 
0.0	 0.0	 0.0	 1.0	 
6	 8	  37
0.9515140277950455	 0.2508264395660806	 -0.17806502217969156	 0.30803591240000844	 
-0.13783883472843145	 0.865177838154604	 0.4821491097231585	 -0.4088318502691376	 
0.2749936554721921	 -0.4342273662273366	 0.8578024736903661	 0.18622373507395049	 
0.0	 0.0	 0.0	 1.0	 
6	 9	  37
0.7950460521691117	 0.43879413220309754	 -0.41876184696607727	 0.1111859691578189	 
-0.2715050894904159	 0.87482552741082	 0.4012047893173531	 -0.38867811205467423	 
0.5423898609958622	 -0.20528031112240458	 0.8146614220364047	 0.1691130756714896	 
0.0	 0.0	 0.0	 1.0	 
6	 37	  37
0.9593293133560842	 -0.04789646855877001	 0.27819632786099363	 -0.6686915512510647	 
0.00942909641649654	 0.990387660244404	 0.13799773395379433	 -0.01772390164463776	 
-0.28213181436433415	 -0.12976213136047296	 0.9505595344786543	 -0.07099754434649845	 
0.0	 0.0	 0.0	 1.0	 
6	 38	  37
0.9651507316668241	 -0.06023851983831756	 0.25466720615478294	 -0.12554624435191433	 
0.005482206250740212	 0.9775871105213535	 0.21045994097959445	 -0.18787659337147397	 
-0.2616371735392708	 -0.20172942787357176	 0.9438491549777341	 0.4066704421755538	 
0.0	 0.0	 0.0	 1.0	 
6	 39	  37
0.914512679971166	 0.2521058310577485	 -0.31640039209621246	 0.3179864090106986	 
-0.1480846220895779	 0.9364164036468738	 0.3181120300800367	 -0.2727151330167173	 
0.37648041499199086	 -0.24406345266700114	 0.8936976715868297	 0.7115713574404037	 
0.0	 0.0	 0.0	 1.0	 
6	 40	  37
0.893447406232809	 0.3862943446748581	 -0.22919077548646571	 0.5917122451668967	 
-0.2048435807745279	 0.8045273547710631	 0.5574718314323559	 -0.4778852035933011	 
0.3997384641379099	 -0.45112350270995366	 0.7979327951596972	 0.6955838851980736	 
0.0	 0.0	 0.0	 1.0	 
6	 41	  37
0.9327183512395053	 0.3383245231295639	 -0.12479180385831348	 0.3608153387086933	 
-0.17004478642663087	 0.7178204300313158	 0.6751433927979875	 -0.6437343850437851	 
0.31799567272241364	 -0.6084984365459041	 0.7270546092632998	 0.7347963366623081	 
0.0	 0.0	 0.0	 1.0	 
7	 8	  37
0.9694167499266503	 0.06952461813654598	 -0.23536671904629386	 0.00434541287268384	 
-0.02238117047686428	 0.9800830566901452	 0.19732279441814712	 -0.29759436384171417	 
0.24439772537758012	 -0.18602023938772977	 0.9516649738055911	 0.06417505408494178	 
0.0	 0.0	 0.0	 1.0	 
7	 37	  37
0.9496107974688617	 -0.1712936457338887	 0.26248394286459786	 -0.9969859748426837	 
0.19200331076866145	 0.9798409058348618	 -0.055195361277833206	 -0.04074101243652325	 
-0.24773788968267468	 0.10281189709324029	 0.9633564510769959	 -0.096554467299801	 
0.0	 0.0	 0.0	 1.0	 
7	 38	  37
0.9587589279648944	 -0.19909707382453307	 0.20283410275916297	 -0.3922379160683521	 
0.201011455918685	 0.9795233328827951	 0.011332913466170462	 -0.24088518089291816	 
-0.20093708626596785	 0.029906446340034996	 0.9791475332299283	 0.3228485951795904	 
0.0	 0.0	 0.0	 1.0	 
7	 39	  37
0.9345329918767422	 0.07370379928117533	 -0.3481606483585192	 0.007475968655050098	 
-0.07187883276319428	 0.9972477645801121	 0.018174967415908006	 -0.31893211460173837	 
0.34854199244066	 0.008040274341636464	 0.9372586801379893	 0.6052037747295248	 
0.0	 0.0	 0.0	 1.0	 
7	 40	  37
0.9256808906583363	 0.2114987250573135	 -0.31366092834320214	 0.30943268678222935	 
-0.1136873808339987	 0.9463197968950764	 0.3025789507608981	 -0.4710254590150668	 
0.36081860831876994	 -0.24443226322151387	 0.9000348885389463	 0.564633484006132	 
0.0	 0.0	 0.0	 1.0	 
7	 41	  37
0.9129816026023685	 0.3123788065815891	 -0.26245775756923423	 0.20665164018961324	 
-0.12805123513965422	 0.830158671485084	 0.5426227615363445	 -0.8015846268044979	 
0.3873854340173597	 -0.46179655840725076	 0.7979200863209291	 0.6295866184312935	 
0.0	 0.0	 0.0	 1.0	 
8	 9	  37
0.9390015061143612	 0.2370961240854274	 -0.24912165594068414	 -0.17379248687584523	 
-0.26926420824528835	 0.9574699957928162	 -0.10367252921841115	 0.0014730570617861583	 
0.21394615601360778	 0.16442820652239676	 0.962907268238655	 0.03503151251261224	 
0.0	 0.0	 0.0	 1.0	 
8	 36	  37
0.9898362516768384	 -0.1385895710599429	 -0.03189240755676226	 -1.365917629160283	 
0.12190418264151491	 0.9423672757733417	 -0.31158191187235995	 0.5467722719186371	 
0.07323636474354636	 0.3045272538623625	 0.9496839403370989	 -0.552070688060552	 
0.0	 0.0	 0.0	 1.0	 
8	 37	  37
0.8512994358055347	 -0.20120158477238567	 0.4845690795771625	 -1.004340793905211	 
0.3430788563035419	 0.9122167952165313	 -0.22395851598529282	 0.21307562193343155	 
-0.39697124449339094	 0.35690116392351723	 0.8455976526903364	 0.13768570069752736	 
0.0	 0.0	 0.0	 1.0	 
8	 38	  37
0.8667794001686375	 -0.23139894508946818	 0.4417555881421061	 -0.34427492763822776	 
0.3393210929845385	 0.922816417533735	 -0.1824035509138499	 0.021161152583475402	 
-0.3654513200127684	 0.30800062945014345	 0.8783968038188894	 0.37345988054756335	 
0.0	 0.0	 0.0	 1.0	 
8	 39	  37
0.9915128429611146	 0.06588967916199279	 -0.11207511955424407	 0.14971725225250473	 
-0.0866849028914717	 0.9775199756297456	 -0.1921989200165233	 -0.09698178408765652	 
0.09689174296019522	 0.20028291845474824	 0.9749352505276356	 0.529033219587648	 
0.0	 0.0	 0.0	 1.0	 
8	 40	  37
0.9889073630024017	 0.11316648376078892	 -0.09620589562420054	 0.45915407676237646	 
-0.1048490388682903	 0.9906294472276038	 0.08752129645936194	 -0.21342467663961864	 
0.1052088705767299	 -0.07646335879851861	 0.9915061514248	 0.36181054274109087	 
0.0	 0.0	 0.0	 1.0	 
8	 41	  37
0.9821393176867965	 0.16937274903446678	 -0.08194652242908065	 0.35950145947280904	 
-0.1375438966943847	 0.9434746682187993	 0.30155799924981164	 -0.5090130405236438	 
0.12839017538673572	 -0.2849007236107562	 0.9499197547952298	 0.3762611204685165	 
0.0	 0.0	 0.0	 1.0	 
8	 42	  37
0.5962501431093653	 0.6762969167826118	 -0.43256010818427826	 0.234987718690863	 
-0.5090445729887495	 0.7351441642373739	 0.4477015529327936	 -0.468028566983135	 
0.6207732191007946	 -0.04674973944382992	 0.7825950883497615	 0.4298961536055742	 
0.0	 0.0	 0.0	 1.0	 
9	 10	  37
0.9143494949294836	 0.17208978740249686	 -0.36653800102303236	 -0.16732059616333086	 
-0.2319114979078056	 0.9645886837099812	 -0.1256412686851076	 0.018598726317562323	 
0.3319368287194939	 0.1998844074219119	 0.9218807761360662	 -0.027516101824801267	 
0.0	 0.0	 0.0	 1.0	 
9	 20	  37
0.4168332885978796	 -0.23980689930897828	 0.8767797103950854	 -2.8662412689609345	 
0.5010424467737083	 0.8654214058829037	 -0.001502255195690144	 -0.45268271780887165	 
-0.7584236784592713	 0.4399300413514297	 0.4808898862201581	 0.3701335461181206	 
0.0	 0.0	 0.0	 1.0	 
9	 36	  37
0.9386058170377748	 -0.14843370401209932	 0.31142664583509755	 -1.5159148060197207	 
0.22384780846350943	 0.9489157644614369	 -0.22237587684515023	 0.41309817302906615	 
-0.26250957862320906	 0.2784354637430619	 0.9238844157475822	 -0.17550322990401804	 
0.0	 0.0	 0.0	 1.0	 
9	 43	  37
0.6865326781099387	 0.5137697873198501	 -0.5145031462727042	 0.5929294632845465	 
-0.3613482197397798	 0.8551250213499509	 0.37173735614293474	 -0.3704576816850953	 
0.6309519363454612	 -0.06929504671015986	 0.7727210690303129	 0.3120378731914687	 
0.0	 0.0	 0.0	 1.0	 
9	 44	  37
0.8080278648701728	 0.14375415109146433	 -0.5713367777741264	 0.5485671728589452	 
-0.139376828278911	 0.988889020066761	 0.05169725070361074	 -0.2849910617908698	 
0.5724203606898166	 0.03785828885955406	 0.8190858811091577	 0.2826219616876517	 
0.0	 0.0	 0.0	 1.0	 
9	 45	  37
0.6704023970502596	 0.24704796499500525	 -0.6996627251905683	 0.4513891721653809	 
-0.40503531873728843	 0.9119081339928619	 -0.06610556506860849	 0.03189577643255984	 
0.6216968848278468	 0.3277054441865187	 0.7114085501635943	 0.36236612022644976	 
0.0	 0.0	 0.0	 1.0	 
10	 18	  37
-0.18653066926912573	 -0.383971437747483	 0.9043076049752886	 -2.4589031828643484	 
0.42015483823295946	 0.8008650057671789	 0.4267143710340352	 -0.6518835137412936	 
-0.8880744458272891	 0.4595445326969601	 0.01194157179289646	 1.5224823253550994	 
0.0	 0.0	 0.0	 1.0	 
10	 19	  37
0.4782038511832151	 -0.24891207539146756	 0.8422374103765833	 -2.3782377775173438	 
0.37234594521830494	 0.9260034635607384	 0.062258192657694104	 -0.7805950463721562	 
-0.7954115750936919	 0.28383157716827057	 0.535499824471627	 1.710336594804971	 
0.0	 0.0	 0.0	 1.0	 
10	 20	  37
-0.030974249182793002	 -0.3431614337985973	 0.9387655864169999	 -2.1885290756119846	 
0.5345517136741739	 0.7879254476705329	 0.3056598670437359	 -0.8421320292516717	 
-0.8445679731647221	 0.5112863378445398	 0.15903213335031602	 1.3337073809125228	 
0.0	 0.0	 0.0	 1.0	 
10	 35	  37
0.9949019450836788	 -0.03279415520601511	 -0.09536594283619151	 -1.4896235671934253	 
0.01788564005395269	 0.9880376562930762	 -0.15317210459723157	 0.40814546256857254	 
0.09924829242144384	 0.15068554386937244	 0.9835871305177893	 -0.39458354699136666	 
0.0	 0.0	 0.0	 1.0	 
10	 36	  37
0.7144624582110204	 -0.27594492718736346	 0.6429601799230065	 -1.376804050274374	 
0.33710448464816645	 0.9410121525054743	 0.029269357135169656	 0.10195747863529152	 
-0.6131100735081411	 0.19583290325318786	 0.7653401281562782	 0.3157613733944623	 
0.0	 0.0	 0.0	 1.0	 
10	 43	  37
0.9061793714242378	 0.2893775756980223	 -0.30838217440103066	 0.9347793397954113	 
-0.1402523464361178	 0.8935968108553763	 0.42639655128561144	 -0.1914147798743184	 
0.3989589278664356	 -0.34314043526264176	 0.8503448803652719	 0.0776990836898869	 
0.0	 0.0	 0.0	 1.0	 
10	 44	  37
0.9442410871130396	 -0.059543208914153094	 -0.3238261503952252	 0.9826915644820652	 
0.09925850185194919	 0.9892343277146932	 0.10753229599039166	 -0.08905372332274769	 
0.3139371262174836	 -0.13367891061444234	 0.9399858667231353	 0.08661170793351752	 
0.0	 0.0	 0.0	 1.0	 
10	 45	  37
0.8888112299937541	 0.09721341225263758	 -0.4478438901170691	 0.8315809677757562	 
-0.1203439453424477	 0.9924562533653295	 -0.023407690519725244	 0.11913766301917497	 
0.442189927809764	 0.07470031883634826	 0.8938053088393152	 0.12676339854015078	 
0.0	 0.0	 0.0	 1.0	 
10	 54	  37
0.5994500966103825	 0.27792044749409794	 -0.7506129538840128	 0.4667623109115093	 
-0.31098507630926336	 0.9449763753347247	 0.10152798812232908	 0.13437227573413496	 
0.7375282123327385	 0.17256846445375326	 0.6528952910607869	 0.40025936722346583	 
0.0	 0.0	 0.0	 1.0	 
11	 34	  37
0.8447310204825241	 -0.3821812192622913	 0.3746558670002937	 -1.5893427932885131	 
0.37559688735522084	 0.9220341720390482	 0.09370146104162834	 0.10412539712790618	 
-0.3812564507567353	 0.061567046668284144	 0.9224169434268447	 -0.105401085647966	 
0.0	 0.0	 0.0	 1.0	 
11	 35	  37
0.743404304634047	 -0.3157025850761466	 0.5896455864566499	 -1.3366637587280386	 
0.43036215128225713	 0.9006348777460443	 -0.060375787622809304	 -0.05599202256037712	 
-0.5119945884433506	 0.2986447634960396	 0.8054022886987083	 0.22320323698809913	 
0.0	 0.0	 0.0	 1.0	 
11	 46	  37
0.9383758299809809	 -0.016654718519601003	 -0.3452150374165893	 0.7216422869904661	 
-0.0458711028364437	 0.9840002120664262	 -0.1721610425671116	 0.5193026624850163	 
0.34255896373043976	 0.17738715569132738	 0.9225980453933704	 -0.29289191250788216	 
0.0	 0.0	 0.0	 1.0	 
11	 47	  37
0.7259225658988909	 0.1723552929444437	 -0.6658303697735671	 0.2793998364753098	 
-0.20342541889726673	 0.9785826673194362	 0.0315287514571842	 0.23002201086717172	 
0.6570042064288796	 0.11255938972832293	 0.7454366884710902	 -0.09576363330000309	 
0.0	 0.0	 0.0	 1.0	 
11	 53	  37
0.8906787447267933	 -0.025106521994679627	 -0.45393946319441675	 0.537090123025288	 
-0.08624631625453147	 0.9710118522873376	 -0.22292948582463637	 0.5161124801702794	 
0.44637758302184893	 0.23770916109995396	 0.8626942726741196	 -0.3460861522028635	 
0.0	 0.0	 0.0	 1.0	 
11	 54	  37
0.9747259681806337	 -0.07962880527487137	 -0.20873078432473968	 0.7641651353428213	 
0.05081427478275928	 0.9888542318943118	 -0.13994719555251137	 0.5693443662321898	 
0.21754814738955297	 0.12580366224878747	 0.9679081785645605	 -0.3716671364595144	 
0.0	 0.0	 0.0	 1.0	 
12	 13	  37
0.8483003690348392	 0.2967564407399177	 -0.43854543524557565	 -0.12641301614907804	 
-0.2729090743795469	 0.9547552430148979	 0.11816540549950506	 -0.4224785958962697	 
0.45376989875558543	 0.019443271713863917	 0.890906750545985	 0.7030081488123473	 
0.0	 0.0	 0.0	 1.0	 
12	 32	  37
0.7774485385478286	 -0.49936698783705874	 0.3823694304836458	 -1.4462642899787446	 
0.38850956599939107	 0.8593939965645889	 0.33241882587438915	 -0.4802303749873823	 
-0.4946049808046914	 -0.1098843488731939	 0.8621434583849162	 1.1954172346995922	 
0.0	 0.0	 0.0	 1.0	 
12	 33	  37
0.5915180738789012	 -0.4876770760750545	 0.6420883410758057	 -1.8312208408714437	 
0.4834083873616322	 0.8518507660251827	 0.2016596227575968	 -0.2568343001094594	 
-0.6453082203900873	 0.19110557787044144	 0.7396323132501607	 0.8439950600206909	 
0.0	 0.0	 0.0	 1.0	 
12	 47	  37
0.9487688654546895	 -0.20602817749009797	 0.23956216317258577	 -0.6386362101788621	 
0.23563510681382238	 0.9664706495704337	 -0.10203224958679315	 0.650379049816372	 
-0.2105082810263257	 0.15325427758797402	 0.9655047332977346	 -0.7166021938599276	 
0.0	 0.0	 0.0	 1.0	 
12	 48	  37
0.9928080530270764	 -0.0955970680469272	 -0.07206504301960304	 -0.9098543255278452	 
0.08452446624238447	 0.9860272693538851	 -0.14354733956768562	 0.4913462321591263	 
0.0847808023730968	 0.13642369541744445	 0.9870161046698395	 -0.4624583175955696	 
0.0	 0.0	 0.0	 1.0	 
12	 52	  37
0.9955533857216149	 -0.08033802870370042	 0.04918594638950516	 -1.0996002819724844	 
0.09100996302440563	 0.9550306327151834	 -0.282194396127795	 0.5152614302097644	 
-0.024303144004926048	 0.2854159976589225	 0.9580955408892353	 -0.7144650721368369	 
0.0	 0.0	 0.0	 1.0	 
12	 53	  37
0.8648078754443869	 0.1472671540815114	 -0.48002054528748844	 0.8838915472762859	 
-0.15088069718133534	 0.9880562856552321	 0.03130162288540697	 -0.5013714985519749	 
0.4788970179354216	 0.04535594454885081	 0.8766986280967034	 0.47656033736178827	 
0.0	 0.0	 0.0	 1.0	 
13	 14	  37
0.8042560041597786	 0.25783285670364603	 -0.5354386031815249	 0.16949295154526184	 
-0.3758328373914485	 0.9185973610766145	 -0.12218251332073826	 -0.09238454182797837	 
0.46034982145238024	 0.2995014294241623	 0.8356894971588694	 0.31835442570703676	 
0.0	 0.0	 0.0	 1.0	 
13	 24	  37
0.6441944629191415	 0.2752552743097409	 -0.71361616286978	 -0.12214675658856297	 
-0.3919430717836426	 0.919988880816648	 0.001042906771566333	 -0.3597620477545113	 
0.6568060006007268	 0.2790250761820541	 0.7005361407068712	 0.6605054662389355	 
0.0	 0.0	 0.0	 1.0	 
13	 25	  37
0.9125826400022852	 0.2549999792323182	 -0.3196371939527338	 -0.16363255590308362	 
-0.16541562529390327	 0.9451269406403994	 0.28173167550764894	 -0.3080193916936591	 
0.3739392946389657	 -0.20423044990215722	 0.9046874196415444	 0.7070797738347181	 
0.0	 0.0	 0.0	 1.0	 
13	 26	  37
0.9868519057951781	 -0.03987501477822762	 -0.15663109277809806	 -0.049943797615206974	 
0.0300986623877217	 0.9974765689195608	 -0.0643005830372565	 -0.4667744818944172	 
0.15879983170927753	 0.05874076653311001	 0.9855618376318188	 1.012311996046365	 
0.0	 0.0	 0.0	 1.0	 
13	 47	  37
0.5386509903331828	 -0.3460530773986036	 0.7681812144514065	 -1.704797679094681	 
0.5019816680958105	 0.8640752538572621	 0.037260710772281026	 0.7006137627370241	 
-0.6766605615142861	 0.3655423686721752	 0.6391472922548503	 -0.6447540978532831	 
0.0	 0.0	 0.0	 1.0	 
13	 48	  37
0.8395354495637753	 -0.29007821041937515	 0.4593853075204328	 -1.5116821239436236	 
0.3976241636426743	 0.9042445435632298	 -0.15568182271411712	 0.6478570333540594	 
-0.3702367531907304	 0.31336310771374903	 0.8744874552049148	 -0.5111527179915047	 
0.0	 0.0	 0.0	 1.0	 
13	 49	  37
0.9958646343371959	 -0.07807977232634168	 0.046445443586118317	 -1.7590028165421956	 
0.08858011110803297	 0.9480602106365386	 -0.30550843020102075	 0.46162413642328315	 
-0.020179048355489164	 0.30835918368239046	 0.9510559499031579	 -0.36805408574921367	 
0.0	 0.0	 0.0	 1.0	 
13	 51	  37
0.9985269738497196	 0.032637107711022816	 -0.04334399260312436	 -1.8440026364282196	 
-0.04696256148767884	 0.9199665378982419	 -0.3891735948982636	 0.5054357861695815	 
0.02717352227880261	 0.3906358769337259	 0.9201441253081944	 -0.5128675203166234	 
0.0	 0.0	 0.0	 1.0	 
13	 52	  37
0.8086161460492826	 -0.20647412409798824	 0.5509159322676872	 -1.7281304088861809	 
0.34210817632115026	 0.9268259576492309	 -0.15477609609304455	 0.34511954227188507	 
-0.4786459276361006	 0.313627295217676	 0.8200829199854263	 -0.7456807833179668	 
0.0	 0.0	 0.0	 1.0	 
14	 15	  37
0.9302331864242375	 0.14209151381390503	 -0.33834334717426223	 0.20917853783605614	 
-0.13553834295866324	 0.9898364532217966	 0.04304826897001604	 -0.0191789266717659	 
0.34102137244318015	 0.0058135682130614425	 0.940037566250202	 0.04031468648327986	 
0.0	 0.0	 0.0	 1.0	 
14	 16	  37
0.8582540486458854	 0.21759786977390233	 -0.46481303236119087	 0.25798406454346146	 
-0.20096418940114627	 0.9758374938347211	 0.08575884913353907	 0.176461517677684	 
0.4722429274867818	 0.01980789479548393	 0.8812458594186322	 -0.3379062940526831	 
0.0	 0.0	 0.0	 1.0	 
14	 23	  37
0.8873041950886171	 0.11736158110263945	 -0.44600170925595106	 -0.06081935420394425	 
-0.09562155864808788	 0.9928801117787434	 0.07103239511617487	 0.005137845652290022	 
0.4511627011399011	 -0.02037996357500879	 0.8922089857117723	 0.16656948036081007	 
0.0	 0.0	 0.0	 1.0	 
14	 24	  37
0.9928133504347048	 0.021224446524572785	 -0.11777594859877641	 -0.25236806819182506	 
-0.023876456338624168	 0.9994911204499346	 -0.021152186044106923	 -0.13155205257682298	 
0.11726707138547382	 0.023812244989926536	 0.9928148925943915	 0.49414424997377043	 
0.0	 0.0	 0.0	 1.0	 
14	 25	  37
0.9650143940518986	 -0.2291007861579171	 0.1275148973825054	 -0.1486274076395964	 
0.15374287443021836	 0.8883772973647497	 0.4326071036042246	 -0.1562761397531305	 
-0.21239196744364122	 -0.39786757509091725	 0.8925194927040484	 0.5318911594601049	 
0.0	 0.0	 0.0	 1.0	 
14	 26	  37
0.8178791887894172	 -0.3461949400808118	 0.45958970398346516	 0.09938347259903837	 
0.3150663162831959	 0.9378131295916241	 0.14573863698175907	 -0.12881932116244885	 
-0.48146323731818025	 0.02560463684583824	 0.8760922061536047	 0.7159952318310019	 
0.0	 0.0	 0.0	 1.0	 
14	 49	  37
0.7321100870389035	 -0.24429592699403951	 0.6358728807788648	 -2.2110628314345067	 
0.31678544328228386	 0.9484971671571508	 -0.00032683223086942757	 -0.1556329626645994	 
-0.6030437823079983	 0.20167454958170491	 0.7717937371284379	 0.5288140582376383	 
0.0	 0.0	 0.0	 1.0	 
14	 51	  37
0.8014508017879581	 -0.07007753578114452	 0.5939408651476015	 -2.3856176372172158	 
0.18178111273096123	 0.9746688720062087	 -0.1302928125279304	 -0.0754982929966964	 
-0.5697650738398524	 0.21239051043063778	 0.7938879213788804	 0.5019184080735225	 
0.0	 0.0	 0.0	 1.0	 
15	 16	  37
0.9900165277819641	 0.06284551267522374	 -0.12616543209267836	 -0.1711303135408387	 
-0.059751604239009076	 0.9978159149816951	 0.028162840767716014	 0.1707152985122466	 
0.12765978422905455	 -0.020343090862285206	 0.9916093677173285	 -0.36302799858348533	 
0.0	 0.0	 0.0	 1.0	 
15	 22	  37
0.9195086000545655	 0.1919383042899656	 -0.34302131387420554	 -0.347241709255312	 
-0.11394024237760596	 0.9653578239877053	 0.2347379237205926	 0.30463666670971673	 
0.3761935081744847	 -0.17675960797652512	 0.909524318199002	 -0.5345816222722685	 
0.0	 0.0	 0.0	 1.0	 
15	 23	  37
0.9946065310429059	 -0.015813228294104944	 -0.10250751298181032	 -0.2550692656388183	 
0.01749754405692999	 0.9997259358855463	 0.015552783343993638	 -0.00668875011866665	 
0.10223347963741272	 -0.01726252961439701	 0.9946106377435038	 0.1916277806882975	 
0.0	 0.0	 0.0	 1.0	 
15	 24	  37
0.9707373319694916	 -0.10515580174737438	 0.2158964790811095	 -0.22867724327096323	 
0.11016843375940585	 0.993848904147317	 -0.011281486080131	 -0.20553886147239483	 
-0.21338216543036695	 0.0347363366526135	 0.9763510835719927	 0.577769338599243	 
0.0	 0.0	 0.0	 1.0	 
15	 49	  37
0.4361649953856307	 -0.26697814761934	 0.8593501995659274	 -2.1004132078234106	 
0.439556892493782	 0.8965032462946466	 0.055422627548413476	 -0.38232586532338947	 
-0.7852068740538782	 0.3535598931961969	 0.5083754192146108	 1.3156743078806206	 
0.0	 0.0	 0.0	 1.0	 
15	 50	  37
0.6489240451717381	 -0.10970493710182402	 0.7529026566385804	 -2.1817844380060345	 
0.37525331963807207	 0.9069723073673566	 -0.19127514153527517	 -0.49542688381902544	 
-0.6618780323432366	 0.40665225985381853	 0.6297232803837159	 1.4544327206891308	 
0.0	 0.0	 0.0	 1.0	 
15	 51	  37
0.48323995090979344	 -0.1595371166369717	 0.860829285201114	 -2.2485150776832916	 
0.34969005752900295	 0.9365897627190048	 -0.022726197115252807	 -0.5127688259287558	 
-0.8026182240081908	 0.31200564864296926	 0.5083861344537411	 1.3968195148509384	 
0.0	 0.0	 0.0	 1.0	 
16	 17	  37
0.9405887445343964	 0.14267126781647846	 -0.30811965694328136	 -0.30662698765025753	 
-0.14102384409864033	 0.989617727900728	 0.027731354461029256	 0.11174532112320604	 
0.30887714232498525	 0.01736841858775806	 0.9509433468850343	 -0.30895800259232703	 
0.0	 0.0	 0.0	 1.0	 
16	 22	  37
0.9673305543472052	 0.10732151239981844	 -0.22968171804160628	 -0.23297433192978856	 
-0.06432020755865078	 0.980226987347675	 0.18713087445665633	 0.14034739164231452	 
0.24522338698815085	 -0.16624423674677066	 0.9551064570101824	 -0.1532296009995785	 
0.0	 0.0	 0.0	 1.0	 
16	 23	  37
0.9976688581271234	 -0.06792982602585752	 0.006510626653270834	 0.042532992789698444	 
0.06795558108823156	 0.9976810361583135	 -0.003819566603023883	 -0.22459020405288163	 
-0.006236066250637611	 0.004253096068849904	 0.9999715109199595	 0.5675737734118345	 
0.0	 0.0	 0.0	 1.0	 
16	 24	  37
0.9277913182453856	 -0.16057392799122397	 0.3367777953457715	 0.0870091458388096	 
0.17704594438274135	 0.9840274621072157	 -0.018565758709394385	 -0.407860355509779	 
-0.3284174224460583	 0.0768502925713442	 0.9414010989825673	 0.93675368120416	 
0.0	 0.0	 0.0	 1.0	 
16	 48	  37
-0.7693665087374404	 0.5807684262723138	 0.26605114222333776	 -0.5881242325652509	 
-0.6062970620051968	 -0.5326960519421955	 -0.5904564241746076	 1.8742071085512901	 
-0.20119405517318098	 -0.6155834235019474	 0.7619566922552704	 0.40238953437441094	 
0.0	 0.0	 0.0	 1.0	 
16	 49	  37
0.28088489458331123	 -0.28200702187245313	 0.917374359577131	 -1.6758239246856788	 
0.4526419002538324	 0.8817963078499449	 0.13247860807241396	 -0.8121629945143481	 
-0.8462972209156319	 0.3780308335001717	 0.37533145723965633	 1.947487838380944	 
0.0	 0.0	 0.0	 1.0	 
16	 51	  37
0.3403873165598897	 -0.21538772533795789	 0.9152838917510226	 -1.7969662406040594	 
0.46080919032364126	 0.8867153413789683	 0.037293343594396296	 -0.9140710526353911	 
-0.8196287969797231	 0.40907704792241767	 0.40107929892310884	 1.9497313176322568	 
0.0	 0.0	 0.0	 1.0	 
17	 21	  37
0.9455896332062887	 0.16187286541747561	 -0.28223646294257104	 -0.26359894700463427	 
-0.1545549280256771	 0.9868097581160248	 0.048158857025175854	 0.050002799074856746	 
0.28630930790977616	 -0.0019174797337590966	 0.9581353262852255	 -0.09462945574200772	 
0.0	 0.0	 0.0	 1.0	 
17	 22	  37
0.9933684245187618	 -0.06754163687625979	 0.09304461541211893	 0.04865316028105666	 
0.04776179650551137	 0.9785461593330048	 0.20041513128801103	 -0.046652880815712436	 
-0.10458481708010771	 -0.19464208523004578	 0.9752827665316454	 0.1265216786810753	 
0.0	 0.0	 0.0	 1.0	 
18	 19	  37
0.7707471663203672	 0.18058655653257452	 -0.6110133396324761	 -0.2227529798135978	 
-0.2178662474444072	 0.975883831435677	 0.013603152829945734	 -0.17136136378222208	 
0.5987345854663956	 0.12263459194749902	 0.7915034131475703	 0.06001607775139741	 
0.0	 0.0	 0.0	 1.0	 
18	 20	  37
0.9890890953978922	 0.031758988398984875	 -0.14385453771380338	 -0.10798046461561159	 
-0.05741666021809759	 0.9823729699809015	 -0.17789512354278078	 -0.11430621635698607	 
0.13566904029430701	 0.18421377393337007	 0.9734778872675258	 0.10888911920897884	 
0.0	 0.0	 0.0	 1.0	 
18	 36	  37
0.5783385829691015	 0.26247490967137177	 -0.7724191901048917	 1.1409018153325807	 
-0.23366104072150712	 0.9604552598412301	 0.15142064552846746	 -0.3532596394630609	 
0.7816181941960121	 0.09291187026597227	 0.6167984945388933	 1.2835836247588654	 
0.0	 0.0	 0.0	 1.0	 
18	 45	  37
-0.5701346522698526	 0.41338633415239956	 -0.7099705747544578	 0.9763890878842187	 
-0.01853265761985283	 0.8574915654445454	 0.5141641331258031	 -1.0389287309304338	 
0.821342205711286	 0.3063004308314043	 -0.4812245080934846	 3.4310092716646583	 
0.0	 0.0	 0.0	 1.0	 
19	 20	  37
