0	 1	  37
0.8290083102398238	 -0.3132803259328265	 0.4632501040871263	 -0.25812638718887054	 
0.21262553862374894	 0.9427231577515345	 0.25702806882505014	 0.007945699428763078	 
-0.5172384381291395	 -0.11457960212182661	 0.8481367300732415	 -0.04050200974506985	 
0.0	 0.0	 0.0	 1.0	 
0	 14	  37
0.9505955158834335	 0.07586247073050242	 -0.30102001713668913	 0.7320536895338517	 
-0.06872539885187341	 0.9970476900200369	 0.034245048961273325	 -0.016643045940159886	 
0.3027292267604171	 -0.011865469243678442	 0.9530027418138246	 0.13169398233816282	 
0.0	 0.0	 0.0	 1.0	 
0	 24	  37
0.4727659903452617	 -0.3440702571829276	 0.8112385447542164	 -1.2949992403765465	 
0.2812828348404059	 0.9313814230427166	 0.23110303250946068	 -0.30335468350652667	 
-0.8350881900715689	 0.11892982356414339	 0.5371065181786508	 1.153813916203586	 
0.0	 0.0	 0.0	 1.0	 
0	 25	  37
0.579880776813573	 -0.427314952025747	 0.6936427152773396	 -1.2758194071007007	 
0.30956565852161716	 0.9031186064403458	 0.29756660727528605	 -0.23979943277645105	 
-0.7535963029010722	 0.04217480855297936	 0.6559831535774033	 0.40736422633471064	 
0.0	 0.0	 0.0	 1.0	 
0	 26	  37
0.8557575368516271	 -0.29472135016127926	 0.42522742606839087	 -1.8401269501957422	 
0.2333757504609712	 0.9534152036909419	 0.19114185430653075	 0.04344135845316588	 
-0.46175187841352144	 -0.06433331275531151	 0.8846730625782117	 -0.07673471597100362	 
0.0	 0.0	 0.0	 1.0	 
1	 2	  37
0.6775928193629368	 -0.0822674624922171	 0.7308214800913274	 -0.516879010261656	 
0.4751956613706817	 0.8074039103656088	 -0.34969702449521145	 -0.03443696892675766	 
-0.5612994339586199	 0.5842353893264387	 0.5861842332375696	 -0.09459717683348678	 
0.0	 0.0	 0.0	 1.0	 
1	 14	  37
0.5611464255047273	 0.3398347851360445	 -0.7547363830867075	 0.6973914248695522	 
-0.4273672958298861	 0.899841273246286	 0.08742355184704768	 -0.42401658267032943	 
0.7088525118798116	 0.273492233480297	 0.6501769871562977	 0.6134642354764297	 
0.0	 0.0	 0.0	 1.0	 
1	 15	  37
0.8780001509294328	 -0.293582471605842	 0.3780543179672713	 0.013071834569444319	 
0.3213522589979035	 0.9468959385822938	 -0.010991229835681595	 -0.2849311654025377	 
-0.3547512658255612	 0.131138910557323	 0.9257181674424458	 0.49984189358271264	 
0.0	 0.0	 0.0	 1.0	 
1	 16	  37
0.46624121035205357	 -0.3503865016069976	 0.8123105522280635	 -0.6354389497548245	 
0.3873277377779057	 0.9063851659544773	 0.16865098424119818	 -0.3961750081535898	 
-0.7953592630486567	 0.23599836954793663	 0.5583085278351154	 0.16653921800046947	 
0.0	 0.0	 0.0	 1.0	 
1	 23	  37
-0.02526173825089342	 -0.6497673283284918	 0.7597132772417481	 -1.7123285151896748	 
0.7611936698888176	 0.4801308209377423	 0.4359570984705313	 -1.1493967996906596	 
-0.6480324386184212	 0.5893019716770885	 0.48246983809950067	 0.6947226902208647	 
0.0	 0.0	 0.0	 1.0	 
1	 24	  37
0.8947896993172689	 -0.41910202814734154	 0.153963904855957	 -0.9960091022424254	 
0.4462699435842911	 0.8287249497925442	 -0.3377248807011658	 0.22920455305709325	 
0.013947453136060503	 0.37090220758864223	 0.9285671870989668	 0.018983330071742254	 
0.0	 0.0	 0.0	 1.0	 
1	 25	  37
0.9482319413636768	 -0.16112982352017305	 0.27366652215795567	 -1.0988755732274214	 
0.17773947718600855	 0.9833873041764783	 -0.03685224869886718	 0.08530930078309082	 
-0.2631821871390944	 0.08358582389901192	 0.9611183831432039	 -0.1645302767315968	 
0.0	 0.0	 0.0	 1.0	 
2	 15	  37
0.946071868980834	 0.27879800085597783	 -0.164983918737008	 -0.24541001566485557	 
-0.1323438675679775	 0.7974581692078683	 0.5886812117613255	 -0.03945666292627165	 
0.29569091876528714	 -0.5351001243527636	 0.7913499462800232	 0.9023195794971719	 
0.0	 0.0	 0.0	 1.0	 
2	 16	  37
0.9413641407260642	 0.08893769910880653	 0.3254591222140052	 -0.4156829536155443	 
-0.21339655217267256	 0.9041243346787876	 0.3701636110728019	 -0.07839634332397886	 
-0.2613340124742572	 -0.4179106042192181	 0.8700892257724105	 0.13542993534887288	 
0.0	 0.0	 0.0	 1.0	 
2	 23	  37
0.860724042221813	 -0.30150821666021665	 0.41017912968326203	 -1.3746012841579465	 
0.11675261564725728	 0.9011779237081404	 0.41742924737086634	 0.26643237637726697	 
-0.4955027243929812	 -0.3114019028642251	 0.8108673781893508	 -0.4406674725012382	 
0.0	 0.0	 0.0	 1.0	 
3	 4	  37
0.9615364121592224	 0.039955932200855394	 0.2717558675979784	 0.039342052071709814	 
0.14117217348990624	 0.7768053245451817	 -0.6137132108651316	 0.15564921909100066	 
-0.23562288837060097	 0.6284719653574171	 0.741285938916744	 -0.5440561383994375	 
0.0	 0.0	 0.0	 1.0	 
3	 12	  37
0.7732716183886308	 -0.14743017827037164	 0.6166971272268047	 -1.5882175633103788	 
0.29942690035400593	 0.9422230731552118	 -0.150197242845332	 -0.2580271913160365	 
-0.5589226561332253	 0.30079897431526237	 0.7727389219599764	 0.6115151593743037	 
0.0	 0.0	 0.0	 1.0	 
3	 16	  37
0.8321880042250641	 0.1948990838682322	 -0.5191121966696876	 -0.020126383319714766	 
-0.2670019006121445	 0.9613577433407985	 -0.06709153738132667	 -0.04501199891015986	 
0.4859764507601237	 0.19443671573550947	 0.8520688075974744	 0.022585073971507948	 
0.0	 0.0	 0.0	 1.0	 
3	 17	  37
0.9717251535244501	 -0.04285308977008628	 0.23219353717328106	 -0.17331763300598182	 
0.07403008739281361	 0.9891018034516783	 -0.12726809721705695	 0.37554423331990217	 
-0.22420921517300588	 0.14085891915599322	 0.9643075197911246	 -0.5941307931460595	 
0.0	 0.0	 0.0	 1.0	 
4	 17	  37
0.9848538969251863	 0.16571275247239708	 0.05101063986362381	 -0.2589334296870697	 
-0.168406945054007	 0.8442358264353529	 0.5088270533497543	 0.2187158059820793	 
0.041254121840744555	 -0.5097108523771479	 0.8593561219890793	 -0.27190024430480986	 
0.0	 0.0	 0.0	 1.0	 
5	 6	  37
0.8725195504707908	 -0.03910020424692152	 0.4870121231284671	 -0.00122578580835486	 
0.3114459105718284	 0.8125295327605578	 -0.4927445617964681	 0.012788061945381807	 
-0.37644531984649926	 0.5816071977028465	 0.721125501383711	 -0.12414800496576038	 
0.0	 0.0	 0.0	 1.0	 
5	 11	  37
0.9747651842965934	 -0.2225098711260014	 -0.017949727984539473	 0.3255793180804635	 
0.08511115446997747	 0.44477649374195194	 -0.8915884487808278	 1.321452202007086	 
0.20637084791223906	 0.8675616565213711	 0.45249071290566606	 0.27525954020578713	 
0.0	 0.0	 0.0	 1.0	 
5	 13	  37
0.6233377477762166	 -0.23115094382941564	 0.7470068897701304	 -1.6107404856381444	 
0.4222214038339237	 0.9035708691497812	 -0.07272393394487957	 0.4807516312282758	 
-0.658163458680125	 0.36073387086698544	 0.6608267065332154	 -0.040836959772954796	 
0.0	 0.0	 0.0	 1.0	 
5	 17	  37
0.5796935785868249	 0.4274580195608594	 -0.6937110323890686	 0.2149183050535984	 
-0.4112874651531293	 0.8884395659628518	 0.203759070079474	 -0.05845419760561884	 
0.7034187770831211	 0.1671968275561664	 0.6908308366756941	 -0.039978208545786834	 
0.0	 0.0	 0.0	 1.0	 
5	 18	  37
0.8817659724048609	 -0.21470811511236298	 0.4199871369623196	 0.10007360010887692	 
0.25613137076714826	 0.9656358613473128	 -0.04409199688123154	 0.2125558896263591	 
-0.3960877312134918	 0.14645070359998008	 0.9064583281084793	 -0.24222664275800943	 
0.0	 0.0	 0.0	 1.0	 
5	 22	  37
0.9805641356810086	 -0.15315210840604174	 0.12263118488761454	 0.41060191225004966	 
0.1564303804259958	 0.9875337836119386	 -0.017508920722502135	 0.435669346986278	 
-0.11842090987631557	 0.03635186261902782	 0.9922978535642374	 -0.648174975202504	 
0.0	 0.0	 0.0	 1.0	 
5	 32	  37
-0.220525679436449	 0.787103300933906	 -0.5760527913030544	 1.667740453996885	 
-0.20598112251351902	 0.5396918418605474	 0.8162747656256681	 -0.9997168489854902	 
0.9533835544402697	 0.29866554787607746	 0.0431125113478562	 1.1838010592652743	 
0.0	 0.0	 0.0	 1.0	 
6	 18	  37
0.9999633119971443	 0.0034383675561191324	 -0.007845526639528139	 0.15083386387483827	 
0.0007854838862275109	 0.8752364377558561	 0.4836946981717935	 0.06140878821235909	 
0.008529810945559615	 -0.4836831149140801	 0.8752016262966182	 -0.1579379966290908	 
0.0	 0.0	 0.0	 1.0	 
7	 8	  37
-0.6804017439905565	 -0.014885383124778063	 -0.7326881274756928	 0.8515080674017883	 
0.44531233762898864	 -0.8024363840020554	 -0.3972313829307936	 0.32773611878711023	 
-0.5820226702887219	 -0.5965519885130999	 0.5526077598722725	 0.06598223682599191	 
0.0	 0.0	 0.0	 1.0	 
7	 19	  37
-0.2148348036610808	 -0.6896049235132359	 0.6915858996554288	 -1.3994980485007824	 
0.5382172610674569	 -0.6744861307333246	 -0.5053618894786522	 1.824959741888789	 
0.8149651446687459	 0.26365414640147905	 0.5160603686201426	 1.2331266195111834	 
0.0	 0.0	 0.0	 1.0	 
8	 9	  37
0.9654312057451684	 -0.12962843822025916	 0.22613945913530017	 0.3543399950244705	 
0.05637353866344949	 0.950876148445005	 0.30439542450068613	 0.0043762549344781585	 
-0.254488921393428	 -0.2811245601561146	 0.9253131202814756	 0.20485509587011227	 
0.0	 0.0	 0.0	 1.0	 
9	 10	  37
0.827117526122529	 0.2354322118612846	 -0.5103413285234206	 1.1399787962465395	 
-0.3063718075856031	 0.9501295805745559	 -0.05822452776921309	 -0.08019173854090716	 
0.471182463062535	 0.20451272267348244	 0.8579986204924821	 -0.012342653874951117	 
0.0	 0.0	 0.0	 1.0	 
9	 25	  37
0.24528060977285956	 -0.34372483308048357	 0.9064715448337294	 -1.355154277257118	 
0.5006027265233551	 0.8456348329892944	 0.18519891855124526	 -0.16304333174462082	 
-0.8302013807907314	 0.40835642318807946	 0.37948741609465975	 0.9052693760883157	 
0.0	 0.0	 0.0	 1.0	 
9	 26	  37
0.5389319280215495	 -0.39704362219492756	 0.7429056057355514	 -1.581042434547904	 
0.4485415513633433	 0.8817773080717106	 0.14587410897884315	 -0.04192556435561748	 
-0.7129956897902965	 0.254607818112755	 0.6533085069829735	 0.5983124301607977	 
0.0	 0.0	 0.0	 1.0	 
10	 26	  37
0.011430342943100824	 -0.4958326055770404	 0.8683428899385811	 -1.9724739200603199	 
0.3515735753374087	 0.814946535277745	 0.46071484213477476	 -0.6196864728589296	 
-0.9360904701922108	 0.3000202857899476	 0.18363676029009995	 1.8632273138888953	 
0.0	 0.0	 0.0	 1.0	 
10	 29	  37
-0.7603040191408532	 0.40480384102512823	 0.508007528260722	 -2.8610213663231843	 
0.19899624126384988	 0.8896210606779344	 -0.4110655231968823	 1.4545911028748	 
-0.6183350988267812	 -0.21144318075920446	 -0.7569369107589522	 4.229436839362419	 
0.0	 0.0	 0.0	 1.0	 
11	 13	  37
0.9930559603993813	 -0.04292695880671708	 0.10953143714417243	 -0.24511874101547446	 
0.016983739169052922	 0.9736089139284763	 0.227590059806773	 -0.058994093830488474	 
-0.11641053268110711	 -0.2241494120594993	 0.967577195346336	 0.2588127374681245	 
0.0	 0.0	 0.0	 1.0	 
12	 16	  37
0.02844405350923599	 0.5942058684869119	 -0.8038098790607631	 1.5076392525404503	 
-0.1774573878662681	 0.7943637278657026	 0.5809433219712443	 -0.7254082608344116	 
0.9837173431995826	 0.12611761854324047	 0.12804114565770247	 0.824930106018346	 
0.0	 0.0	 0.0	 1.0	 
12	 17	  37
0.8691565712302431	 0.20683669982609956	 -0.44920533644685723	 2.0789801126646936	 
-0.1857840689806788	 0.9783658322817435	 0.09101965686945539	 0.14492821776796214	 
0.4583133583044121	 0.0043448623337227306	 0.8887800559030515	 -0.10443646100382874	 
0.0	 0.0	 0.0	 1.0	 
13	 18	  37
0.31824021213115394	 0.5610110114888635	 -0.7641922613916998	 1.9551514777635253	 
-0.262514635201229	 -0.722429233496642	 -0.6396734079939698	 1.6286331346050948	 
-0.9109386552824967	 0.4041814537775036	 -0.08263243149284688	 3.0329850349235206	 
0.0	 0.0	 0.0	 1.0	 
13	 22	  37
0.7156004285199427	 0.4986921033116201	 -0.489103478618488	 1.4460897676635527	 
-0.33097181567188405	 0.8586923849323708	 0.39128639803858817	 -1.0736873768899353	 
0.6151208693687203	 -0.11812524774064306	 0.7795336695186945	 1.1954167670380305	 
0.0	 0.0	 0.0	 1.0	 
13	 27	  37
0.8401623879479665	 0.37838017978647975	 0.38853005214824776	 -1.4754638003080718	 
-0.42796053495378095	 0.9026055045938416	 0.04640133186633174	 0.08855610872067098	 
-0.3331320194752259	 -0.20526018274776817	 0.9202669802718724	 1.3828605594685912	 
0.0	 0.0	 0.0	 1.0	 
13	 29	  37
-0.8172580523307423	 -0.263166631843049	 0.512672019701628	 -0.4054941638121959	 
-0.2607945094258469	 -0.6244192148713275	 -0.7362654874111688	 1.4004361033655124	 
0.5138827684928667	 -0.735420946114441	 0.44167921873487204	 1.393386355479968	 
0.0	 0.0	 0.0	 1.0	 
13	 32	  37
-0.533457624404603	 -0.12683788862131684	 0.8362625861382792	 -1.3880778042801838	 
0.3544791747897343	 0.8641515969149606	 0.3571925701770858	 -0.43498283793274245	 
-0.7679632006841121	 0.4869847713834692	 -0.41602686792514215	 3.8311861301940917	 
0.0	 0.0	 0.0	 1.0	 
14	 15	  37
0.25795170689783675	 -0.47532568872418945	 0.8411458889796509	 -0.3855912418449732	 
0.4594709815491886	 0.8262099459696031	 0.3259808925307279	 -0.04930369733448431	 
-0.8499101917395258	 0.3023947995911633	 0.4315206265724758	 0.31161282082507946	 
0.0	 0.0	 0.0	 1.0	 
14	 23	  37
0.969404000078608	 -0.20211118874419684	 0.13930883681949816	 -0.9616804487686754	 
0.15550703183539274	 0.06653531987814869	 -0.9855915047617135	 2.480963694974397	 
0.1899301126239334	 0.977099850881741	 0.09592931629872002	 2.690388770795295	 
0.0	 0.0	 0.0	 1.0	 
14	 24	  37
0.16864653817029807	 -0.3265962455385122	 0.9299963642742484	 -1.7354715597443957	 
0.3208538718538081	 0.9103134297750574	 0.2615000047563869	 -0.40106251271703847	 
-0.9319930998025645	 0.25429186375367624	 0.25831087849544315	 1.5973082343259917	 
0.0	 0.0	 0.0	 1.0	 
14	 25	  37
0.3202870272199192	 -0.29774948797735784	 0.8993116604402771	 -1.8416713871613417	 
0.4438091291856559	 0.8858584524418464	 0.13523408996554007	 0.04243989869585497	 
-0.8369287168248543	 0.3558090002326517	 0.4158729112449428	 0.9580843135537329	 
0.0	 0.0	 0.0	 1.0	 
14	 26	  37
-0.6359655291782673	 0.7566109835462639	 -0.15194625784849752	 0.6353768286573582	 
0.1780622748011748	 -0.04771368340800609	 -0.9828617556443386	 2.435682193918136	 
-0.7508939152700853	 -0.6521220928574619	 -0.1043796149521856	 2.3146517493358756	 
0.0	 0.0	 0.0	 1.0	 
15	 16	  37
0.8058927741541007	 -0.14396932048800282	 0.5742905809121633	 -0.5477040535259824	 
0.2696109381793119	 0.9528145497762972	 -0.1394789437465819	 0.38189981874995643	 
-0.5271117325390116	 0.2672400952192871	 0.8066820643394197	 -0.5038707897411953	 
0.0	 0.0	 0.0	 1.0	 
15	 23	  37
0.6896760519093428	 0.09700702797453523	 0.7175908165147389	 -1.6216155256415248	 
0.17240596848400738	 0.9404901022985718	 -0.2928387773323624	 1.1854335282948585	 
-0.7032944798971721	 0.3256808314929964	 0.6319089100053877	 -0.235287453439678	 
0.0	 0.0	 0.0	 1.0	 
16	 17	  37
-0.9441839846134429	 -0.30092099437682024	 0.1340267075725899	 -0.28011204997299194	 
-0.16912730611085738	 0.09367695501353496	 -0.9811322960880843	 3.5885227132496222	 
0.2826880922981497	 -0.9490369767520428	 -0.13934223778228544	 2.7809294095733326	 
0.0	 0.0	 0.0	 1.0	 
16	 23	  37
-0.5630818155646262	 -0.13980769227353093	 0.8144892130418876	 -3.31120573465001	 
-0.7718945449335755	 0.440988537683743	 -0.4579387744375239	 1.3711544974697587	 
-0.2951570437618456	 -0.8865567769819954	 -0.35622942144784253	 2.8220991849349177	 
0.0	 0.0	 0.0	 1.0	 
18	 22	  37
0.9470381738314242	 0.19194442767873104	 -0.2574413214484536	 0.4606482803512132	 
-0.17788655446173582	 0.9810293234974853	 0.07705738238351467	 0.0892138129572899	 
0.26734822058089924	 -0.027180933044172458	 0.9632165518880345	 -0.26688532293940254	 
0.0	 0.0	 0.0	 1.0	 
19	 21	  37
0.8966361240552986	 -0.10420290317931127	 0.4303317511038366	 0.3006353274664768	 
0.030224062372902556	 0.9840495025993485	 0.17530853512494152	 -0.1194820426342853	 
-0.4417354039385683	 -0.14418159176183684	 0.8854837669343533	 0.0709078405479307	 
0.0	 0.0	 0.0	 1.0	 
19	 31	  37
0.028475296535695593	 0.059262366895539306	 0.9978362237146645	 -1.4831008151838194	 
0.4364445091559357	 0.897325703314227	 -0.06574779539468567	 -0.37755312927087326	 
-0.8992804612104266	 0.4373723288475916	 -0.0003131191401680019	 2.1082934679190033	 
0.0	 0.0	 0.0	 1.0	 
20	 21	  37
0.9765095443367184	 0.038580318451593903	 -0.21199214336259686	 0.040935747060640154	 
-0.1181216706904527	 0.9186835419479752	 -0.3769188515678401	 0.09132774728207428	 
0.1802120438055971	 0.3931057221436708	 0.9016604186085315	 -0.18363888621460653	 
0.0	 0.0	 0.0	 1.0	 
20	 30	  37
0.3181803840773661	 -0.803416964273716	 0.5032717205502268	 -2.5810818883466067	 
0.770797094860264	 0.5282979146606895	 0.35605217583964105	 -0.6210643384862017	 
-0.5519357587105178	 0.2746315620652026	 0.7873654954176437	 0.3833062862357695	 
0.0	 0.0	 0.0	 1.0	 
20	 31	  37
-0.5467340465594359	 -0.8360204702458617	 0.04638594251098554	 1.1826687642174025	 
-0.6403049540493476	 0.3817593711421795	 -0.666535331670415	 2.1487806693790032	 
0.5395289131757506	 -0.3941187078470339	 -0.7440288945816405	 2.8795770375910816	 
0.0	 0.0	 0.0	 1.0	 
21	 30	  37
-0.9741944120527953	 -0.2201189477736755	 0.04992891302758567	 -0.19166343424845028	 
0.20532238746354775	 -0.7723686507512383	 0.6010735267361047	 -1.3431966287512327	 
-0.09374414505117142	 0.595813994605464	 0.7976325714894692	 0.605127442449763	 
0.0	 0.0	 0.0	 1.0	 
21	 31	  37
-0.39470713956340503	 -0.9185093027496859	 -0.02338663592653736	 -0.24219575423075815	 
0.7700224738437343	 -0.3167976998477485	 -0.5538091793630289	 0.6531138967992448	 
0.5012700507244074	 -0.23660067230137286	 0.8323151194789676	 -0.6076634487105274	 
0.0	 0.0	 0.0	 1.0	 
24	 25	  37
0.9886543373669445	 0.006708279930201175	 -0.15005865581800337	 0.731912022441887	 
-0.004978413066858656	 0.9999167917796841	 0.011900626889384773	 0.1601872619327357	 
0.1501260024408287	 -0.011018552418656387	 0.9886054697874849	 -0.2886863494523315	 
0.0	 0.0	 0.0	 1.0	 
24	 26	  37
0.8748636124646171	 0.0942789387690409	 -0.47510540019025677	 0.857171606512104	 
-0.11746584293623383	 0.9928898342304844	 -0.019275705565351967	 0.7754992523048784	 
0.4699100289721857	 0.07267226972061303	 0.8797177421679152	 -0.8507841836211966	 
0.0	 0.0	 0.0	 1.0	 
25	 26	  37
0.945306761009217	 0.18367284615858329	 -0.2695541006445086	 -0.07612709865473158	 
-0.17280003810603886	 0.9828922949262439	 0.06374075152659293	 0.3877638881572366	 
0.27665009383843664	 -0.013675604506886737	 0.9608734065528907	 -0.7478675435118238	 
0.0	 0.0	 0.0	 1.0	 
25	 29	  37
-0.7965007817689598	 0.3684590923127577	 -0.47940004373538964	 1.7093806172768717	 
0.1214364331577812	 -0.6792318241458788	 -0.7238075170716153	 1.5304873177087819	 
-0.5923172269513609	 -0.6347298845647017	 0.4962643209995349	 1.4105088851405312	 
0.0	 0.0	 0.0	 1.0	 
26	 29	  37
0.8185294986030881	 -0.2699483634187291	 0.5070871138218042	 -0.2324766624158532	 
0.3461981406326426	 0.9362130303962756	 -0.060431855330805265	 0.3967454120524591	 
-0.45842808306110405	 0.22501787218746	 0.8597736038383297	 -0.709293913470814	 
0.0	 0.0	 0.0	 1.0	 
27	 28	  37
0.9459974820194812	 -0.027997974329735355	 0.3229626564267634	 -0.026920760429863688	 
0.1583849991343973	 0.9091772038349925	 -0.38511167740797114	 0.055899556356924555	 
-0.28284793805505626	 0.41546711718283547	 0.8645138046773957	 -0.26034140646771553	 
0.0	 0.0	 0.0	 1.0	 
27	 29	  37
0.9485398020955359	 0.13815881739859204	 -0.2849287367318083	 0.21773013655322035	 
-0.18980681934615443	 0.968304904402497	 -0.16235449929018883	 0.14639067073827747	 
0.25346718756134456	 0.20808112188541836	 0.9446992280851336	 -0.23454414123728645	 
0.0	 0.0	 0.0	 1.0	 
27	 32	  37
0.9959011700039849	 0.0072543754244579674	 -0.09015671700930203	 -0.04564216060872325	 
0.003422046555669734	 0.9930426723296761	 0.11770531224081084	 0.5351665154382123	 
0.09038334571183558	 -0.1175313786592198	 0.9889475344265731	 -0.5745315653031865	 
0.0	 0.0	 0.0	 1.0	 
28	 29	  37
0.8583594128124175	 0.12492615938833647	 -0.4976068459504965	 -0.09840983561527256	 
0.0068353734606804994	 0.9670307875992465	 0.2545677385389457	 -0.009143212149874526	 
0.5130033100341306	 -0.22191194320193747	 0.8292060620607914	 0.22713680507336448	 
0.0	 0.0	 0.0	 1.0	 
28	 32	  37
0.2755188419434165	 0.81116615488643	 -0.5158476876956252	 -0.1449544263927227	 
0.7578056960499598	 0.14688828238605908	 0.6357313579900777	 -0.9566149408772822	 
0.5914557420199701	 -0.5660682835704878	 -0.5742358431578161	 2.761714232661314	 
0.0	 0.0	 0.0	 1.0	 
29	 32	  37
0.9642472427118929	 -0.24522357335404768	 0.10046220181731931	 -0.32607361779691785	 
0.20307613595260304	 0.9273175127912063	 0.3143919742571226	 0.25816478593574643	 
-0.1702566824799303	 -0.2827501185538269	 0.9439624105486004	 -0.3565081916953853	 
0.0	 0.0	 0.0	 1.0	 
30	 31	  37
0.9794681387099097	 0.0020479607693021412	 -0.20158861850023463	 -0.07518270908267095	 
-0.14059343511813932	 0.7235924886340487	 -0.6757569062866213	 0.09430209220331166	 
0.14448408650722494	 0.6902243955765919	 0.7090237178664066	 -0.20766452082627265	 
0.0	 0.0	 0.0	 1.0	 
33	 35	  37
0.9474305229079301	 -0.16496969503443096	 0.2741539786008092	 -0.1368789377650055	 
0.23340112604526198	 0.9424243387045192	 -0.23950006300239876	 -0.010007448721692687	 
-0.21885912963184756	 0.29089751724206286	 0.9313856966043624	 0.015839567028912028	 
0.0	 0.0	 0.0	 1.0	 
36	 37	  37
0.946366360633394	 -0.11615387295524283	 0.3014945924208281	 -0.21208006997522272	 
0.15929493732181427	 0.9795866536978836	 -0.12261774276433564	 0.15212399770189067	 
-0.2810975531824196	 0.1640678691715075	 0.9455505802972024	 -0.21297776545289204	 
0.0	 0.0	 0.0	 1.0	 
38	 39	  37
0.7117198566935785	 0.46164872320142236	 -0.5294669979843576	 0.6295574234062795	 
-0.3802548819274361	 0.8869405546212517	 0.2621882479031009	 -0.3543941160125994	 
0.5906446227287799	 0.0147278285786803	 0.8067973851636687	 0.3829692568745398	 
0.0	 0.0	 0.0	 1.0	 
38	 40	  37
0.709787324313395	 -0.13299933355497603	 -0.6917464358549053	 0.821594699823832	 
-0.3172431138800365	 0.816431973338301	 -0.48248900464842437	 -0.19199531390320354	 
0.6289346237406006	 0.5619163729460648	 0.5372999431187468	 0.1371551941882595	 
0.0	 0.0	 0.0	 1.0	 
38	 41	  37
0.9601923560185504	 -0.273451845647059	 0.057050219594343865	 0.22738631529697542	 
0.2576911052519836	 0.9459409853777867	 0.19695417349351288	 -0.3770875867815958	 
-0.10782362318878522	 -0.17441255773228753	 0.9787514117423916	 0.5503617095352416	 
0.0	 0.0	 0.0	 1.0	 
38	 56	  37
0.27339662042320884	 0.17680770111998143	 -0.9455122023357684	 2.150058042621632	 
-0.5595076491939327	 0.8287972891799054	 -0.006800289811490428	 -0.007792981883095152	 
0.7824356065738876	 0.5308804858654237	 0.32551563909072756	 -0.3700844501500865	 
0.0	 0.0	 0.0	 1.0	 
39	 40	  37
0.9956534844582691	 -0.015853541537525394	 -0.09177583618157034	 -0.005928980044600224	 
-0.054902136598054	 0.6960799613550581	 -0.7158620277657628	 0.17864251385942923	 
0.0752322688949172	 0.7177892118307848	 0.6921840456816842	 -0.28265797374418467	 
0.0	 0.0	 0.0	 1.0	 
39	 41	  37
0.5844814263584845	 -0.6529676422780164	 0.481679063671901	 -0.1211076932958554	 
0.6721958330125284	 0.7221434721921884	 0.16328370295532463	 -0.10736616561138096	 
-0.4544603660634714	 0.2283463678452051	 0.8610015748936568	 0.2949455928254271	 
0.0	 0.0	 0.0	 1.0	 
39	 56	  37
0.8347709692787356	 0.07300899076027129	 -0.5457353902007879	 0.734286341250113	 
-0.34306999798642607	 0.8442156280801316	 -0.4118287869817528	 0.9448932613262498	 
0.4306511411003492	 0.5310081549029497	 0.7297738924458256	 -1.4011756992990618	 
0.0	 0.0	 0.0	 1.0	 
40	 56	  37
0.9202871481090733	 0.09707060286000517	 -0.3790103733219769	 0.2847691875578842	 
-0.041872328874643074	 0.9876052441202736	 0.1512699238472343	 0.019810590326314118	 
0.388996494971205	 -0.12334171981340906	 0.9129449857760255	 -1.4069408262468197	 
0.0	 0.0	 0.0	 1.0	 
41	 56	  37
0.3450466001472097	 -0.03299786387380072	 0.9380053223231822	 -2.925981944073702	 
0.8502236402964507	 0.43431203489354653	 -0.2974774240638741	 -0.0006709545800452037	 
-0.39757088073436975	 0.9001578735568512	 0.17791345498782443	 0.2821709506034312	 
0.0	 0.0	 0.0	 1.0	 
42	 43	  37
0.7156116312244131	 -0.48838050349265427	 0.4993840977289886	 -0.20154486149565387	 
0.5511794431905039	 0.8339884298315147	 0.02577829147500908	 -0.33990871530176453	 
-0.4290701745175719	 0.25680300371184595	 0.8659971146741963	 0.28363491079346476	 
0.0	 0.0	 0.0	 1.0	 
43	 44	  37
0.9538788667287674	 0.10040081251672045	 -0.2829041966005894	 -0.16194846572815985	 
-0.28387716570979593	 0.6081435587659084	 -0.7413333708394015	 -0.26907019812075195	 
0.09761589213245775	 0.7874522771428875	 0.6085967867362314	 0.01155737757360864	 
0.0	 0.0	 0.0	 1.0	 
44	 48	  37
0.990023064998411	 -0.036579243824224006	 0.1360745740114615	 0.2278531859921458	 
0.033258029128432655	 0.9990927100694333	 0.02660188310266511	 -0.05668920456939575	 
-0.1369241916888506	 -0.021810905697917653	 0.9903413805971109	 0.4186366795252456	 
0.0	 0.0	 0.0	 1.0	 
45	 47	  37
0.6555570341756829	 -0.3843141495272428	 0.650036621595994	 -0.09092886989181288	 
0.48593366596866594	 0.8735960849450556	 0.026426362725958125	 -0.017665231286461105	 
-0.578025472813296	 0.29855069057334793	 0.7594432420774727	 0.07197776821476368	 
0.0	 0.0	 0.0	 1.0	 
46	 47	  37
0.977308040862329	 0.15603484238435014	 -0.14325544048282102	 -0.12507940346505397	 
-0.16128697963897998	 0.9865718068215146	 -0.025740632934479882	 0.0604416500036409	 
0.13731534315134372	 0.04826176485607835	 0.9893509481413585	 0.06811077872146286	 
0.0	 0.0	 0.0	 1.0	 
46	 56	  37
0.7645699380224785	 0.021010090972477566	 0.6441982505018404	 -0.8311241410016329	 
0.3267310513321436	 0.8489007967398123	 -0.41546872011007424	 0.39618777931234317	 
-0.5555894437151374	 0.528134465237632	 0.6421793804385691	 -0.6110747821350342	 
0.0	 0.0	 0.0	 1.0	 
49	 50	  37
0.42846526726191514	 0.6419317321245829	 -0.6358782635392627	 0.08837515862096716	 
-0.6411280830297316	 0.7118854692009141	 0.28665983306214354	 -0.2456268043105493	 
0.6366885391624363	 0.2848556301569746	 0.7165786586740326	 0.21237883722585213	 
0.0	 0.0	 0.0	 1.0	 
49	 51	  37
0.7302390800224908	 0.25348735592044835	 -0.6344249730238917	 0.1991101560117668	 
-0.4846887624856099	 0.846672224735928	 -0.2195972390101525	 -0.261168479766477	 
0.4814848798540549	 0.4678571408551692	 0.7411356193185908	 0.1262650097691989	 
0.0	 0.0	 0.0	 1.0	 
49	 52	  37
0.9682524781956087	 0.15733867077881364	 -0.19424644435772656	 0.22770648080222985	 
-0.2259573693990373	 0.8832319047401882	 -0.41090713021714165	 -0.17371913308330417	 
0.1069130753571825	 0.44175326272318166	 0.8907433127400363	 -0.008267040911584185	 
0.0	 0.0	 0.0	 1.0	 
49	 53	  37
0.9246306450194254	 -0.2269719216220399	 0.3058462311132176	 -0.6355901986256838	 
0.23264716529916343	 0.972389304031545	 0.018284908621879432	 0.05240481863041846	 
-0.3015517646594442	 0.05424747183275351	 0.9519053235645492	 0.17702153666825654	 
0.0	 0.0	 0.0	 1.0	 
49	 55	  37
0.1335405325587819	 0.8466851506575165	 -0.5150642501862995	 0.06295693122540078	 
-0.5860275619661927	 0.48658266084745927	 0.6479267017021036	 -0.30465567986694814	 
0.7992112504087249	 0.2153173699882686	 0.5611593422562415	 0.34887658586180925	 
0.0	 0.0	 0.0	 1.0	 
50	 51	  37
0.9531852080863423	 -0.14156427416459358	 0.2672031350221176	 0.040849220602512476	 
0.21741386772937032	 0.9349926035462354	 -0.2802142777104484	 -0.09731941964605893	 
-0.21016462405541061	 0.3251897716627694	 0.9219991557488345	 -0.12737026438439633	 
0.0	 0.0	 0.0	 1.0	 
50	 52	  37
-0.6362564269835465	 0.2553947889959112	 -0.7279775139905518	 0.687284162987815	 
-0.2971623104640558	 0.7896724624601915	 0.5367606200828473	 -1.615084464684227	 
0.7119496613959408	 0.5578448743026971	 -0.42654047387371524	 2.5958344270211238	 
0.0	 0.0	 0.0	 1.0	 
50	 53	  37
0.9907184365038492	 -0.11795280384235071	 -0.06755823885430977	 0.06626123847270415	 
0.1300841966220378	 0.9669063040874153	 0.21947733574383876	 -0.029971861729238627	 
0.039434519910440814	 -0.22622850214272916	 0.9732756975583489	 0.2032410305581975	 
0.0	 0.0	 0.0	 1.0	 
50	 54	  37
0.9523753455314559	 0.1108482669250029	 -0.28406665229055134	 0.08996835372029885	 
-0.15198616628002326	 0.9801801842706974	 -0.12707089211366213	 -0.1072397127660098	 
0.2643509154198999	 0.1641933862333808	 0.9503468448066082	 0.051015412156481865	 
0.0	 0.0	 0.0	 1.0	 
51	 52	  37
0.8416712358063421	 -0.07351953610733229	 0.5349620627921068	 -0.19998803609054455	 
0.09261076641468126	 0.9956628453310117	 -0.008873802535450831	 0.058369799486164525	 
-0.5319894517378225	 0.05701207098427034	 0.8448294780615639	 -0.12121130574660696	 
0.0	 0.0	 0.0	 1.0	 
51	 53	  37
0.8593973791059678	 0.4850034366641094	 -0.1618882676718655	 -0.07845473953167957	 
-0.2748472538847078	 0.7051752583059582	 0.6535953198311314	 0.028276310428369433	 
0.4311555772778878	 -0.5172035590530356	 0.7393276314902911	 0.3498499643773383	 
0.0	 0.0	 0.0	 1.0	 
51	 54	  37
-0.7195834617563379	 0.10952028683756833	 0.6857149176864841	 -0.7659131299096945	 
0.3775224511955571	 0.8905003196099511	 0.2539408978834894	 -0.1562616645219906	 
-0.5828176733851361	 0.44160444692687534	 -0.6821356698226133	 2.9006152155514155	 
0.0	 0.0	 0.0	 1.0	 
53	 54	  37
0.9411396288455801	 0.19389095592733138	 -0.27687993106397035	 0.09025784401125718	 
-0.2836659958178058	 0.8984983890530208	 -0.33501380223181654	 -0.01863530728191675	 
0.18382002565851197	 0.39383618685782507	 0.9006127114849043	 -0.16357973144092675	 
0.0	 0.0	 0.0	 1.0	 
53	 55	  37
0.9683472892997145	 0.2187340013266168	 -0.12024543221903355	 -0.12310303408451732	 
-0.21678686978548925	 0.9757820150877605	 0.029204659215242817	 0.13602883900126603	 
0.12372138212331801	 -0.0022126217292346992	 0.9923145287208985	 -0.056133323782749045	 
0.0	 0.0	 0.0	 1.0	 
