0	 1	  37
0.819868130709436	 -0.35512751675936677	 0.4491110053064174	 -0.19906304139915307	 
0.24384423407906045	 0.9262829760709094	 0.28729747257436156	 -0.06047359766565295	 
-0.5180311165880008	 -0.1260329126916669	 0.8460256894238163	 -0.022445450802846215	 
0.0	 0.0	 0.0	 1.0	 
0	 14	  37
0.9484841158390858	 0.06574062212307426	 -0.3099291089972325	 0.7532321546783698	 
-0.04453743254991069	 0.9961878904146301	 0.07500736025958009	 -0.08513412667144159	 
0.31367865579731347	 -0.057339842990013955	 0.94779630897312	 0.13352054116646508	 
0.0	 0.0	 0.0	 1.0	 
0	 24	  37
0.49167641543164253	 -0.3560989893191169	 0.7946369059603229	 -1.3257986182338324	 
0.29293100063626054	 0.927014039876668	 0.23417172915998785	 -0.3023972034910722	 
-0.8200278845103559	 0.1176370676166473	 0.5601033734481755	 1.1182091583645253	 
0.0	 0.0	 0.0	 1.0	 
0	 25	  37
0.6059567858185368	 -0.3848196326371523	 0.6962256990785922	 -1.275212522474487	 
0.3284291487024136	 0.9181560600761881	 0.22163876833256901	 -0.09315202144224255	 
-0.7245347941976805	 0.094357297981542	 0.6827488793945744	 0.38375034961827986	 
0.0	 0.0	 0.0	 1.0	 
0	 26	  37
0.9053158945643832	 -0.2372341913325098	 0.352311040860062	 -1.636303804496527	 
0.21186271902363077	 0.9711432395607078	 0.10952167156981966	 0.23774382531159083	 
-0.36812677074209593	 -0.024510135012759393	 0.9294524914941334	 -0.22035969277772124	 
0.0	 0.0	 0.0	 1.0	 
1	 2	  37
0.692273471193624	 -0.09873813206246808	 0.7148483911700061	 -0.4383293590855595	 
0.4663618931959289	 0.8171566692557067	 -0.3387647597753177	 -0.09360153296972794	 
-0.5506941307624772	 0.5678959052218412	 0.6117435861339501	 -0.15498325555007558	 
0.0	 0.0	 0.0	 1.0	 
1	 14	  37
0.6209480076281625	 0.3053102111201559	 -0.721948230005712	 0.662444214720437	 
-0.38502721649442584	 0.9210587101640512	 0.058351478040303585	 -0.40379844124154823	 
0.6827720076139396	 0.24173648342089193	 0.689482311739852	 0.5655995783739475	 
0.0	 0.0	 0.0	 1.0	 
1	 15	  37
0.9024966427066816	 -0.26456571808617624	 0.3398599575070822	 0.08606164404554015	 
0.27919646907668616	 0.9602147554795399	 0.006079063618649693	 -0.2903941456690815	 
-0.3279468578265091	 0.08940136560989785	 0.940456407426099	 0.467329878522169	 
0.0	 0.0	 0.0	 1.0	 
1	 16	  37
0.5161693301310813	 -0.29274439398626634	 0.8049036851832918	 -0.6018568163676319	 
0.43274206257548353	 0.9001372757333245	 0.049871756669531926	 -0.10710396260241789	 
-0.7391234875918549	 0.32257340966825326	 0.5913060675023136	 0.11171920540498607	 
0.0	 0.0	 0.0	 1.0	 
1	 23	  37
0.1494472271317151	 -0.4111987050171633	 0.8992114052295209	 -1.8214879215789632	 
0.6195729955235569	 0.7476886244359942	 0.2389372806972102	 -0.33577575289829226	 
-0.770580839056233	 0.5214185898884112	 0.36650760510277713	 0.8333206192710252	 
0.0	 0.0	 0.0	 1.0	 
1	 24	  37
0.9124594960945948	 -0.1686093333516359	 0.37281169602564085	 -1.4886438465599279	 
0.22451384317611794	 0.9680495440329592	 -0.11168533708536063	 -0.052902595421143526	 
-0.34206900211666	 0.1856097330537859	 0.9211611285690547	 0.32011640797371455	 
0.0	 0.0	 0.0	 1.0	 
1	 25	  37
0.9560018833138744	 -0.15349781537146157	 0.24999763954188436	 -1.0146503725542126	 
0.18264840988085204	 0.9783039836528636	 -0.09777972150161389	 0.23166197168334457	 
-0.2295647130295107	 0.13913926924174083	 0.9632965827233855	 -0.17670934603208888	 
0.0	 0.0	 0.0	 1.0	 
2	 15	  37
0.9399689163311894	 0.18335504474821007	 -0.28781828276979216	 -0.05347627586267598	 
-0.0047340224037783155	 0.8503234217997802	 0.5262391731623499	 0.10150270886026048	 
0.3412272342047899	 -0.4932859271295859	 0.8001455922098518	 0.8526706201313797	 
0.0	 0.0	 0.0	 1.0	 
2	 16	  37
0.9681271401977355	 0.004518582814489791	 0.2504184953670615	 -0.2734606894714878	 
-0.08787432723788648	 0.9424062743233373	 0.3227204931957291	 0.11932844179475927	 
-0.23453772196609043	 -0.3344398249690881	 0.9127661586899475	 0.06220304583162184	 
0.0	 0.0	 0.0	 1.0	 
2	 23	  37
0.8664447124367648	 -0.20938615811797037	 0.4532449636553808	 -1.4041705885529534	 
0.053054934618492956	 0.9412831569144758	 0.3334234431196229	 0.44401490189999837	 
-0.49644610402640754	 -0.2648460973805606	 0.8266787831433	 -0.42196496822011403	 
0.0	 0.0	 0.0	 1.0	 
3	 4	  37
0.9586298445560968	 0.04745171363850503	 0.28067268481119234	 0.004347981448243544	 
0.1533935657489918	 0.7444861471452245	 -0.649777493220309	 0.27254676451040144	 
-0.23978998126102624	 0.6659494812533667	 0.7064078519560836	 -0.5040584116173996	 
0.0	 0.0	 0.0	 1.0	 
3	 12	  37
0.7829827264975928	 0.3277967519305199	 -0.528665621570192	 0.05400923682002961	 
-0.4106382578533568	 0.9107618275989675	 -0.04346394569926942	 -0.016022668190940104	 
0.4672411274637067	 0.2511218485365032	 0.8477166661061079	 -0.06884755970321219	 
0.0	 0.0	 0.0	 1.0	 
3	 16	  37
0.8155471510914688	 0.30632840469307465	 -0.4909641054341809	 -0.0626400185899923	 
-0.3818266887129026	 0.922363851652249	 -0.058764827505646405	 -0.06508924687060166	 
0.4348462074494037	 0.23538868631143728	 0.8691955719074083	 0.04167644617345224	 
0.0	 0.0	 0.0	 1.0	 
3	 17	  37
0.9685461910918474	 -0.04979817297798384	 0.2437999542443091	 -0.21316050755022994	 
0.08324066611292183	 0.9881642762337625	 -0.12885012487568456	 0.40148147502154885	 
-0.23449790452485822	 0.1450913682596491	 0.9612279790091383	 -0.5743950495228093	 
0.0	 0.0	 0.0	 1.0	 
4	 17	  37
0.9979514257561245	 0.05892979638779161	 -0.02490443593041594	 -0.16173433432338502	 
-0.03515553308664592	 0.8303636855080279	 0.5561117138515586	 0.02990313918436286	 
0.053451289270816923	 -0.5540969489964889	 0.8307343322555475	 -0.188795186405257	 
0.0	 0.0	 0.0	 1.0	 
5	 6	  37
0.8691089274129384	 -0.018885738562974326	 0.49426005419218694	 -0.022434621379303167	 
0.2899995155610627	 0.8289546714982872	 -0.4782618880650188	 -0.030784125842437882	 
-0.40068685187497916	 0.5589968528355939	 0.7259287604540964	 -0.10948562900743168	 
0.0	 0.0	 0.0	 1.0	 
5	 11	  37
0.7791399005246672	 -0.16705601324715136	 0.6041798605120661	 -1.2727789858095795	 
0.4483677997333698	 0.8220928788494624	 -0.3508982968144191	 0.8154056199684057	 
-0.4380722903501986	 0.5442936587752709	 0.7154279009406609	 -0.5551080005771738	 
0.0	 0.0	 0.0	 1.0	 
5	 13	  37
0.5528446880218211	 -0.33967014925699307	 0.7609119138440327	 -1.7243192248503478	 
0.5096574291338543	 0.8602678899987275	 0.013728159592857435	 0.2721099976545921	 
-0.659251132615429	 0.38021486969984325	 0.6487099482853684	 -0.014882211899016845	 
0.0	 0.0	 0.0	 1.0	 
5	 17	  37
0.5688370268226998	 0.4605592133745783	 -0.681402706107996	 0.2222920234907761	 
-0.4583993487195987	 0.8654239387244154	 0.20226577410962526	 -0.03257479119554049	 
0.6828575795939866	 0.19729829512316663	 0.7034052237029044	 -0.05114274209538198	 
0.0	 0.0	 0.0	 1.0	 
5	 18	  37
0.8857779586049116	 -0.22784779137181288	 0.40433005331869953	 0.12243484777661853	 
0.2548795323070819	 0.9668783263259092	 -0.013517621541232332	 0.12728900235532678	 
-0.3878580050232806	 0.11502906610155444	 0.9145132486143465	 -0.2744938428884654	 
0.0	 0.0	 0.0	 1.0	 
5	 22	  37
0.9841597402067872	 -0.10439953902084709	 0.1432841303436789	 0.3855143564197849	 
0.10999400914387243	 0.99342745512196	 -0.03167348042707222	 0.4347849668748173	 
-0.13903569221091183	 0.04693216021174651	 0.9891746299967928	 -0.6490542874210296	 
0.0	 0.0	 0.0	 1.0	 
5	 32	  37
-0.0592494383544359	 0.8522669043369178	 -0.5197409237559139	 1.441354606185277	 
-0.34948779741530384	 0.4699939473179808	 0.810533138707026	 -0.8681117169499722	 
0.9350656573270586	 0.2296667439060991	 0.2700100057980942	 0.9532760157234997	 
0.0	 0.0	 0.0	 1.0	 
6	 18	  37
0.9995805696861515	 0.012702106731136363	 -0.026025779344707928	 0.2302002082739821	 
0.0018878343262358937	 0.868187331281189	 0.4962330036226965	 0.05004660151949444	 
0.028898456489322835	 -0.4960740008178591	 0.8677992077232478	 -0.12175233276702428	 
0.0	 0.0	 0.0	 1.0	 
7	 8	  37
0.7652176330426751	 0.10189399266620039	 0.635656816481272	 -0.36352988301289485	 
0.29330661401103275	 0.8237790733352826	 -0.48513840139927716	 0.3557820997105804	 
-0.5730734719544687	 0.5576788077320164	 0.6004840906707248	 -0.2779392631139972	 
0.0	 0.0	 0.0	 1.0	 
7	 19	  37
0.977549828274831	 -0.1692651197741398	 -0.12548168180134434	 0.5698851825475997	 
0.09979015495596995	 0.8964278597951184	 -0.43180900541443784	 0.3001794442273239	 
0.1855754784816985	 0.4095929826193181	 0.893193892934395	 -0.3459852291757865	 
0.0	 0.0	 0.0	 1.0	 
8	 9	  37
0.9606336540013002	 -0.17371632576226706	 0.21680779728544594	 0.38067804930350274	 
0.09889093194294064	 0.9430934191942016	 0.31748289127454704	 -0.013391774766155239	 
-0.2596219682144904	 -0.28354442480191194	 0.9231462466934405	 0.19350353001012516	 
0.0	 0.0	 0.0	 1.0	 
9	 10	  37
0.8207629318637042	 0.2777556418010947	 -0.49919937212115856	 1.131825918736724	 
-0.31535616559310287	 0.9489259446491147	 0.009488961703029477	 -0.2031790099365057	 
0.4763388484061666	 0.14963741183089213	 0.8664351946219866	 -0.022600010654764875	 
0.0	 0.0	 0.0	 1.0	 
9	 25	  37
0.2096668455668855	 -0.38363407889296314	 0.899369060720892	 -0.8435740149925683	 
0.44220302343796514	 0.8575756709569055	 0.2627174425978132	 -0.31117203175060093	 
-0.8720643897857282	 0.34262058037245846	 0.3494493353447472	 0.7390986377467773	 
0.0	 0.0	 0.0	 1.0	 
9	 26	  37
0.5652480714883649	 -0.32436692228844916	 0.7584726213936819	 -1.621109592293348	 
0.3856095654371392	 0.9167065321721327	 0.10466325485251601	 -0.04010272095200036	 
-0.7292461043585117	 0.2333135949705055	 0.6432455873769162	 0.5930438473001315	 
0.0	 0.0	 0.0	 1.0	 
10	 26	  37
-0.039642251544459925	 0.09060407385049624	 -0.9950976804787455	 2.135606891121461	 
0.05247112576270665	 0.9946952207544772	 0.08847710873098416	 0.035731313941803525	 
0.9978352934496149	 -0.04870646373833777	 -0.04418605590484467	 3.2170672901618182	 
0.0	 0.0	 0.0	 1.0	 
10	 29	  37
-0.9131031578321459	 0.32324682023525847	 -0.24850375523270427	 -1.0185650185107538	 
-0.2657056600008597	 -0.9340438173721968	 -0.23866849283531466	 0.7609109416764319	 
-0.3092622275682386	 -0.15190010018616704	 0.9387668689099339	 -0.027929751360769917	 
0.0	 0.0	 0.0	 1.0	 
11	 13	  37
0.9907159364440452	 -0.0833207510449455	 0.10742246376389113	 -0.2517399761795579	 
0.05666956881086761	 0.9713550948169929	 0.230776601378608	 -0.03756301565751697	 
-0.123573837225315	 -0.2225464720420808	 0.9670587234160258	 0.2500041557588566	 
0.0	 0.0	 0.0	 1.0	 
12	 16	  37
0.57288500441237	 0.33596501915025984	 -0.7476163973768922	 1.1709155641903708	 
-0.43378626148838106	 0.8981958374232579	 0.07123002863585606	 0.11392695627860039	 
0.6954367340480163	 0.2834991067761885	 0.6602999359334593	 0.12696399384571744	 
0.0	 0.0	 0.0	 1.0	 
12	 17	  37
0.8962391418165513	 0.21511880075719292	 -0.38791661763414953	 1.92490411405287	 
-0.15809379071323776	 0.9720134341550694	 0.17377064527701064	 -0.02892922915418175	 
0.4144414964911826	 -0.09441284543353584	 0.9051654327266887	 -0.17498267071857407	 
0.0	 0.0	 0.0	 1.0	 
13	 18	  37
0.883296181767174	 0.28693742644069364	 -0.3707489293081264	 1.1132224678473646	 
-0.244074091585369	 0.9566509270288072	 0.15889254743913964	 -0.7923089352502588	 
0.4002695255603495	 -0.0498589723371223	 0.9150401028289297	 1.2203292449573242	 
0.0	 0.0	 0.0	 1.0	 
13	 22	  37
0.7263244021205398	 0.41783377220379164	 -0.5457726648433306	 1.594976459384282	 
-0.32423437155382223	 0.9084035473306411	 0.2639603521368423	 -0.7428146302119133	 
0.6060733744253565	 -0.014762587952586849	 0.7952717339435644	 1.043683631025171	 
0.0	 0.0	 0.0	 1.0	 
13	 27	  37
0.7491646300368866	 0.21748529874800032	 0.6256616513181776	 -1.8415607641122302	 
-0.33107278232493054	 0.941056589573615	 0.0693059017956266	 -0.038674711302217654	 
-0.5737100050594592	 -0.25906107397401273	 0.7770097747429606	 1.822752422136871	 
0.0	 0.0	 0.0	 1.0	 
13	 29	  37
-0.7888393898091443	 -0.14539967772195345	 0.5971527030868152	 -0.4511410599631312	 
-0.40812887525257974	 -0.6025308896945574	 -0.6858479045305528	 1.1819057386426721	 
0.4595250137594275	 -0.7847391035766209	 0.4159582924370663	 1.4467760107378402	 
0.0	 0.0	 0.0	 1.0	 
13	 32	  37
-0.852338887016348	 0.5188659633695671	 -0.06554794990160209	 0.8897576118630844	 
0.131122682237892	 0.33334117440352873	 0.9336436705992374	 -1.733447373979977	 
0.5062857531893158	 0.7871859840621189	 -0.35215474242679157	 3.264276276700849	 
0.0	 0.0	 0.0	 1.0	 
14	 15	  37
0.24933241947944806	 -0.4720284040033893	 0.8455900486704759	 -0.45067837620599804	 
0.4782628460097281	 0.8192732839839602	 0.3163161966716407	 -0.04106412291578349	 
-0.842079565553754	 0.3255464205979689	 0.4300250380066848	 0.32340311958088996	 
0.0	 0.0	 0.0	 1.0	 
14	 23	  37
-0.6516494023308441	 -0.23423928595070848	 0.721446472968824	 -1.4174908333604863	 
0.3941546299478187	 0.7080583979687762	 0.5859141854884446	 -0.6468913161017158	 
-0.648070354307734	 0.6661720963708938	 -0.36907933277854554	 1.9858357467761494	 
0.0	 0.0	 0.0	 1.0	 
14	 24	  37
0.18343213690717758	 -0.3104248961193523	 0.93273202744355	 -1.6600334177019698	 
0.3287099879639469	 0.9135829756328949	 0.23940737341712556	 -0.4045566884898615	 
-0.9264461101232001	 0.2626833274173194	 0.2696202413294618	 1.5927223625264424	 
0.0	 0.0	 0.0	 1.0	 
14	 25	  37
0.3306362341766133	 -0.38234153446392855	 0.8628410234065582	 -1.8377202851727614	 
0.40875520209380284	 0.8820742085660361	 0.23423124331278963	 -0.13772488383000345	 
-0.8506461458272544	 0.27524542068192426	 0.44792978577324843	 0.835732001199241	 
0.0	 0.0	 0.0	 1.0	 
14	 26	  37
0.6173750202698584	 -0.247523300897818	 0.7467129969803917	 -3.0441603194159907	 
0.20259921035526243	 0.9672180973533062	 0.153110130676167	 0.0984500073664263	 
-0.7601326491542215	 0.05675709352051963	 0.6472843177652979	 0.8841228079618634	 
0.0	 0.0	 0.0	 1.0	 
15	 16	  37
0.8497089963267819	 -0.08927103150891506	 0.5196395909615307	 -0.4037747241416519	 
0.2063950143827538	 0.9632294666872159	 -0.17201770997023388	 0.4578728020891783	 
-0.4851759676645941	 0.2534160165395924	 0.8368898392034215	 -0.5604833962347506	 
0.0	 0.0	 0.0	 1.0	 
15	 23	  37
0.6119539105056179	 -0.32812349106786004	 0.719616137969627	 -1.78318903868595	 
0.4809694717509557	 0.8766883591691436	 -0.009267585495653385	 0.5834734127862321	 
-0.6278381787216255	 0.35178472892772517	 0.6943102518562995	 -0.4235722715647804	 
0.0	 0.0	 0.0	 1.0	 
16	 17	  37
0.6761137888004296	 -0.3247069460405636	 0.6613891016541911	 -0.52791333635521	 
0.3020323878444269	 0.9409103043018315	 0.15318040328850174	 0.31651156338393344	 
-0.6720465618444316	 0.09619354682952896	 0.7342344450251792	 -0.5093223077945327	 
0.0	 0.0	 0.0	 1.0	 
16	 23	  37
0.926638652847101	 -0.2347565677986465	 0.293649724885122	 -1.2585269455675778	 
0.2222455840299314	 0.9720415627363403	 0.07577665004661009	 0.3725794381731332	 
-0.30322880375865163	 -0.0049552183091349875	 0.952904894720667	 -0.6147132189183542	 
0.0	 0.0	 0.0	 1.0	 
18	 22	  37
0.9517743714632388	 0.1655423357855359	 -0.25830462808169796	 0.4446076731963496	 
-0.1500423424888503	 0.9855381883758875	 0.07875134737407317	 0.10452818817621673	 
0.26760575719930574	 -0.03619688267575266	 0.9628483496368174	 -0.262408569940962	 
0.0	 0.0	 0.0	 1.0	 
19	 21	  37
0.9011648033908495	 -0.11363799832672421	 0.4183161513327289	 0.30461759951507655	 
0.07024517398990227	 0.9905541484535749	 0.1177628740840744	 -0.018377610223579983	 
-0.427747136355884	 -0.07673906643756244	 0.900635055403481	 0.05130488625430295	 
0.0	 0.0	 0.0	 1.0	 
19	 31	  37
0.958580257460026	 -0.2828591696622559	 -0.0333853283022593	 -1.6350068691279482	 
-0.029921324086186498	 0.01655880669790647	 -0.9994150890824444	 2.1595830805193086	 
0.28324654344369277	 0.9590185066299401	 0.0074094243014959996	 2.915973927969706	 
0.0	 0.0	 0.0	 1.0	 
20	 21	  37
0.9839254487651842	 0.017040435796959033	 -0.17776483009887004	 0.002365764536271415	 
-0.08536670861855285	 0.9192162678945653	 -0.3843877962391906	 0.07697742131230739	 
0.15685418812344645	 0.39338413336818323	 0.9058949648178305	 -0.1622872742320296	 
0.0	 0.0	 0.0	 1.0	 
20	 30	  37
-0.5214613799559541	 0.822539458047242	 0.2269512484428756	 -0.2357059067567608	 
-0.2432129612052465	 0.11166255686845011	 -0.963524223304933	 1.7110488972189597	 
-0.8178786491382479	 -0.5576381562885987	 0.14182454630579622	 0.9824839428567037	 
0.0	 0.0	 0.0	 1.0	 
20	 31	  37
-0.8042675205516385	 -0.4725192254276433	 0.36038775920802274	 0.3428917505431278	 
-0.03876212739395198	 0.6468612209202257	 0.7616219917711735	 -2.4848506710262783	 
-0.5930018995463798	 0.5985784346857602	 -0.5385653207026335	 2.6267840532424356	 
0.0	 0.0	 0.0	 1.0	 
21	 30	  37
0.3579357313303964	 -0.593823650937294	 0.7205938410952988	 -2.3189112101900538	 
0.27687008946687014	 0.8045139929528478	 0.5254523657779762	 0.08534738696380566	 
-0.8917538706367255	 0.011432704429304037	 0.4523763117956677	 1.0984777886420016	 
0.0	 0.0	 0.0	 1.0	 
21	 31	  37
-0.9733882114211625	 0.1757097726245791	 0.1471103860049571	 0.039774621797820875	 
-0.2056726790535791	 -0.9529530099563674	 -0.22266411903587363	 0.6252943144339198	 
0.10106502341182173	 -0.24699521578224454	 0.9637319256014348	 -0.6310181606574329	 
0.0	 0.0	 0.0	 1.0	 
24	 25	  37
0.9915051904493226	 0.019861232277319868	 -0.12854177828426078	 0.6537580713374906	 
-0.01411802092778184	 0.9988674057338007	 0.04543772934149932	 0.09956370540617304	 
0.12929864189981377	 -0.04323698896841602	 0.9906626186486545	 -0.3279128816536438	 
0.0	 0.0	 0.0	 1.0	 
24	 26	  37
0.8930525632003391	 0.18175041178983703	 -0.41161135452697123	 0.7102516173472172	 
-0.13893709087663395	 0.9814734799750755	 0.1319329105430196	 0.3672080574061186	 
0.42796448934466685	 -0.06063493976115681	 0.9017592804846079	 -1.0821837441265112	 
0.0	 0.0	 0.0	 1.0	 
25	 26	  37
0.9255480896755588	 0.1552758100249233	 -0.34532615962163626	 0.08785412340848198	 
-0.13620575221563072	 0.9875272325647831	 0.07898074452874261	 0.3202539108002404	 
0.3532827858264512	 -0.026065067888731173	 0.9351534021082625	 -0.6888695072748736	 
0.0	 0.0	 0.0	 1.0	 
25	 29	  37
0.9722345794399736	 -0.12451996533148171	 0.1981279908923113	 0.05587948124258206	 
0.1418621189212972	 0.9869773649958744	 -0.07583416249263736	 0.770862243789045	 
-0.18610497509829438	 0.10183545168381448	 0.9772381895034679	 -1.511413767728759	 
0.0	 0.0	 0.0	 1.0	 
26	 29	  37
0.8196467013303804	 -0.17084634920974645	 0.5468005211774475	 -0.40052677380293195	 
0.2736327284807059	 0.9553283465292302	 -0.11168204968539575	 0.5416735279531479	 
-0.5032935673167606	 0.2411623421669072	 0.8297808806053204	 -0.682545619929389	 
0.0	 0.0	 0.0	 1.0	 
27	 28	  37
0.949494098341059	 -0.012520273954613016	 0.3135350059492573	 -0.008026159850468784	 
0.1424803693446987	 0.9074591013019527	 -0.39524337289276706	 0.09223479832131676	 
-0.2795716394180525	 0.41995383342023923	 0.8634109544294352	 -0.2966041188020629	 
0.0	 0.0	 0.0	 1.0	 
27	 29	  37
0.952567527552293	 0.13049200468435304	 -0.2749307952310332	 0.17571446266844648	 
-0.1762105867433408	 0.9730595370228894	 -0.148677390777372	 0.12793481922499714	 
0.24812282154706614	 0.19007097127720068	 0.9498989900538182	 -0.2734450976729788	 
0.0	 0.0	 0.0	 1.0	 
27	 32	  37
0.9938989882013457	 0.019026916099777993	 -0.10864058963423026	 -0.001821423019775289	 
-0.0029206247493335333	 0.989202512900702	 0.14652596500965087	 0.42468792130056493	 
0.11025548151187238	 -0.14531470997345	 0.983222947180301	 -0.5549465111238174	 
0.0	 0.0	 0.0	 1.0	 
28	 29	  37
0.8907584463804825	 0.08907995834959084	 -0.4456614760356395	 -0.25404212511505825	 
0.047526133403424556	 0.956968552381593	 0.2862733944962384	 -0.13980631730765258	 
0.4519852396323907	 -0.2761810108843731	 0.8481941949703126	 0.12488489813224771	 
0.0	 0.0	 0.0	 1.0	 
28	 32	  37
0.922753188946802	 0.1771309876684725	 -0.3422735243867087	 0.065357950207086	 
0.027645679504850928	 0.855408133141918	 0.5172162431318009	 0.25351921877117595	 
0.3843985805036524	 -0.48672532188314427	 0.7844336761922748	 -0.350161614262728	 
0.0	 0.0	 0.0	 1.0	 
29	 32	  37
0.9655479335564658	 -0.22226060574113177	 0.13534183071181055	 -0.3679453119926429	 
0.17338406925650565	 0.9373068334881578	 0.3023141816462784	 0.2591391800209231	 
-0.19404935591981348	 -0.2684327160239389	 0.9435511244416581	 -0.2576573827668968	 
0.0	 0.0	 0.0	 1.0	 
30	 31	  37
0.9745636499929395	 0.03864816493213847	 -0.22075328187779628	 -0.04618992045669986	 
-0.17989345558961292	 0.7223553264337645	 -0.6677133569195678	 0.0924456812284832	 
0.13365641304654105	 0.6904412369783169	 0.7109337954629705	 -0.2278946504735014	 
0.0	 0.0	 0.0	 1.0	 
33	 35	  37
0.9558673963845856	 -0.16749373931804362	 0.2413780599354736	 -0.0759086385172618	 
0.21997241660654843	 0.9526183693243266	 -0.21007231697236034	 -0.058288325271667954	 
-0.19475537594949463	 0.2538977938366537	 0.9474208430384311	 -0.024812410045051542	 
0.0	 0.0	 0.0	 1.0	 
36	 37	  37
0.9418959184879361	 -0.14364730709246232	 0.30364046156737945	 -0.20225781791953137	 
0.19385507298058394	 0.9706801397413154	 -0.14212767848477748	 0.17747968301065273	 
-0.2743215073876999	 0.19273172410597983	 0.9421264209795183	 -0.21916904136861687	 
0.0	 0.0	 0.0	 1.0	 
38	 39	  37
0.7649891155523406	 0.4469980381242544	 -0.46366411010505837	 0.5307513061158909	 
-0.3878676427028624	 0.8944822422084732	 0.22239651552537293	 -0.30795729016805884	 
0.514150118963881	 0.009709391678692275	 0.8576452546843926	 0.33196697789964996	 
0.0	 0.0	 0.0	 1.0	 
38	 40	  37
0.6768863881956563	 0.08296210621676046	 -0.7313973656006135	 0.6922021068639258	 
-0.46082529647731596	 0.8225777909023085	 -0.3331753652971225	 -0.3897665388727833	 
0.5739902992229327	 0.5625682774973686	 0.5950227470875473	 0.026519942512022106	 
0.0	 0.0	 0.0	 1.0	 
38	 41	  37
0.9592979512038526	 -0.2802925245008017	 0.034402638344441246	 0.254986803478436	 
0.27044768619349063	 0.9469283604513389	 0.1737375296403346	 -0.33045920392144634	 
-0.08127416470612472	 -0.1573619422919862	 0.9841909008263668	 0.5568834485930086	 
0.0	 0.0	 0.0	 1.0	 
38	 56	  37
0.2553658718679553	 0.20753713510761626	 -0.9443074758977834	 2.1982875154701724	 
-0.5681675585646528	 0.8224661620163359	 0.027111579312169017	 -0.06233512659949426	 
0.7822876049636739	 0.5296015010264241	 0.327945655910789	 -0.41257036035672934	 
0.0	 0.0	 0.0	 1.0	 
39	 40	  37
0.9956197077519594	 -0.031116031318239465	 -0.0881656970193391	 0.013090383267558025	 
-0.03973796002471734	 0.7127487588177646	 -0.700292868260709	 0.15000255299656956	 
0.08463032594157668	 0.700728905782214	 0.708390223346062	 -0.29355040410175887	 
0.0	 0.0	 0.0	 1.0	 
39	 41	  37
0.5826118201074758	 -0.6720346038926137	 0.4570918488027898	 -0.08701779608826131	 
0.6701135053618479	 0.7154366279207978	 0.19773295466607346	 -0.17536268284776366	 
-0.4599036388230817	 0.19110186446033522	 0.8671613001034307	 0.32382556641723814	 
0.0	 0.0	 0.0	 1.0	 
39	 56	  37
0.8308630845416998	 0.08492845805502025	 -0.5499578999871245	 0.7449940476219757	 
-0.37929871046761876	 0.809577327371189	 -0.4480145524914605	 1.0899559353946346	 
0.4071842617089385	 0.5808370752792205	 0.7048611700169247	 -1.3035569796184405	 
0.0	 0.0	 0.0	 1.0	 
40	 56	  37
0.8675734674249036	 0.1344791770213495	 -0.4787814006078241	 0.6303482075770573	 
-0.01544536085109421	 0.9695660727389163	 0.24434211962290409	 -0.21688221692438392	 
0.4970691294463061	 -0.2045897884580133	 0.8432468790397012	 -1.393581768725416	 
0.0	 0.0	 0.0	 1.0	 
41	 56	  37
0.8979297315734487	 -0.36556192467182375	 0.24512583786020423	 -0.5546855521423444	 
0.12498712714364009	 0.7457832025604783	 0.654358947999503	 -0.37467509880334127	 
-0.42201944884663156	 -0.5569307802670528	 0.7153514456449479	 0.10059915619767244	 
0.0	 0.0	 0.0	 1.0	 
42	 43	  37
0.7518929275893063	 -0.4608567264040712	 0.4714531823726565	 -0.13380338647241782	 
0.525600284414856	 0.850705549639838	 -0.0066639954233737655	 -0.2740476019829123	 
-0.39799669152419354	 0.25280653777167916	 0.8818659127076474	 0.24902215934550156	 
0.0	 0.0	 0.0	 1.0	 
43	 44	  37
0.9320355914986245	 0.10596722077134048	 -0.3465264842718468	 -0.05943108780282195	 
-0.3384466109200407	 0.5962468282272746	 -0.7279722600385632	 -0.29568039254136175	 
0.1294741199489192	 0.7957767701754767	 0.5915875119646621	 0.031519669572623095	 
0.0	 0.0	 0.0	 1.0	 
44	 48	  37
0.9904268396815309	 -0.058718815920789744	 0.12492708231330747	 0.25929513225478057	 
0.05703545802539446	 0.9982272012439483	 0.01701209053901408	 -0.03028590169878644	 
-0.12570454154997343	 -0.009723957709416304	 0.9920200667729339	 0.41436209688687387	 
0.0	 0.0	 0.0	 1.0	 
45	 47	  37
0.6887940282654916	 -0.36582328277012366	 0.6258882587244203	 -0.06790756975540302	 
0.46742943870673154	 0.884027410026383	 0.002293066147077518	 -0.013331259368929376	 
-0.554141233311605	 0.2909791472001649	 0.7799093725802749	 0.07065088634686958	 
0.0	 0.0	 0.0	 1.0	 
46	 47	  37
0.9565534338775009	 0.1376553340447308	 -0.2570146632902382	 -0.02412915714704948	 
-0.10640661882157565	 0.9855449420814638	 0.1318286714209164	 -0.07618575615608067	 
0.27144642124758445	 -0.0987531070229063	 0.9573738372470817	 0.10139898842692094	 
0.0	 0.0	 0.0	 1.0	 
46	 56	  37
0.680181731958786	 0.0274625788146928	 0.7325289197529278	 -1.0173257367716702	 
0.37075786427426854	 0.849169268190853	 -0.3760986041439046	 0.34905210900716466	 
-0.632369684273628	 0.5274062577606162	 0.56740745649543	 -0.5037328416363783	 
0.0	 0.0	 0.0	 1.0	 
49	 50	  37
-0.3876366371528946	 -0.06726514719062746	 0.9193547941410966	 -2.2986397091387505	 
0.6410432729577058	 0.697020776019209	 0.3212873480130402	 -0.7291074099821538	 
-0.6624208328037908	 0.713888953389113	 -0.22707091953072497	 2.1757340557292704	 
0.0	 0.0	 0.0	 1.0	 
49	 51	  37
0.719634021981111	 0.23970041833481892	 -0.6516675408959717	 0.24274028793117372	 
-0.47194307485507736	 0.8572625557354545	 -0.20584130933865313	 -0.2904494501546703	 
0.5093099336392577	 0.4556803923629246	 0.7300402533506946	 0.15181342011075616	 
0.0	 0.0	 0.0	 1.0	 
49	 52	  37
0.9518140038530796	 0.25140701585890063	 -0.1756263489516625	 0.14997076872578746	 
-0.3024170883662811	 0.8645509134164291	 -0.4013671919513084	 -0.20231692397122303	 
0.050931392414007765	 0.43513932307680503	 0.8989214441646329	 -0.027817885415724854	 
0.0	 0.0	 0.0	 1.0	 
49	 53	  37
0.45254337156920005	 0.6953428099847198	 -0.558303567471438	 0.043188425133395075	 
-0.4973858738012299	 0.716467680558769	 0.489163934952	 -0.30702491643630886	 
0.7401430871066533	 0.05632441137989077	 0.6700863909160828	 0.4267575377135495	 
0.0	 0.0	 0.0	 1.0	 
49	 55	  37
0.20634624257623738	 0.8443819949050838	 -0.4944090157498941	 -0.019150247068795482	 
-0.5685836236381288	 0.514692553112661	 0.641719750904478	 -0.25307725814204607	 
0.7963252420369474	 0.1486964103483375	 0.5863066488146929	 0.30775711242984366	 
0.0	 0.0	 0.0	 1.0	 
50	 51	  37
-0.924486471505262	 0.24877491880173844	 -0.28885256408579596	 0.4625399066451274	 
-0.012145827681257272	 0.7381094155563483	 0.6745716934003407	 -1.6236028785020153	 
0.38102131551094026	 0.6271407580776859	 -0.6793505918773154	 2.495301557010937	 
0.0	 0.0	 0.0	 1.0	 
50	 52	  37
-0.7632622477909371	 0.2851036726909646	 -0.5797815424064902	 0.291812756849197	 
-0.3440124698844081	 0.5802525025187923	 0.7382157231356612	 -1.8051502913573851	 
0.5468877047997649	 0.7629042725917853	 -0.34480561074327515	 2.2111128108911307	 
0.0	 0.0	 0.0	 1.0	 
50	 53	  37
0.9977907273939277	 -0.04533097376724731	 -0.048567140578896315	 0.036291053612176556	 
0.05651266948101258	 0.9634805686208029	 0.2617470383371398	 -0.08135688486094184	 
0.034928248092726204	 -0.26391342653879424	 0.9639137517318274	 0.21629180694553674	 
0.0	 0.0	 0.0	 1.0	 
50	 54	  37
0.9330955564966158	 0.14041357189925355	 -0.33108414530563546	 0.14859460611086456	 
-0.18468580851025307	 0.9770503077416531	 -0.10613127850381955	 -0.1065560218673793	 
0.3085835941542973	 0.1601771674379164	 0.9376136946794136	 0.07288731028488078	 
0.0	 0.0	 0.0	 1.0	 
51	 52	  37
0.8676813594040595	 -0.05185566503711983	 0.49440878688215084	 -0.12195384912012995	 
0.08125017602317335	 0.9959640282387047	 -0.03813218261174033	 0.11355325164164931	 
-0.4904359972911103	 0.07325738500717713	 0.8683927038517677	 -0.14525086655068536	 
0.0	 0.0	 0.0	 1.0	 
51	 53	  37
-0.9134506411954125	 -0.1409025312778187	 0.38177794957172734	 -0.46641139002147775	 
0.19006377921362236	 0.6818256840735085	 0.7063918858316015	 -0.2124768745798389	 
-0.35983841641870906	 0.7178162809641435	 -0.5960336407050196	 2.8895773535037077	 
0.0	 0.0	 0.0	 1.0	 
51	 54	  37
-0.7827553372998178	 -0.10966122378631135	 0.6125916241072321	 -0.5273388779373601	 
0.12384751009310499	 0.9372146938359562	 0.32602210339440635	 -0.2566083154616205	 
-0.6098818542737485	 0.3310634888592566	 -0.720028534276212	 2.995905106727051	 
0.0	 0.0	 0.0	 1.0	 
53	 54	  37
0.9123528732593971	 0.2566821842089238	 -0.3189459060170853	 0.11177973882898115	 
-0.3591075523858677	 0.8758564049533422	 -0.3223621003183198	 0.011424612151369666	 
0.19660620660282785	 0.4086438721086416	 0.891266618534152	 -0.13972991331635912	 
0.0	 0.0	 0.0	 1.0	 
53	 55	  37
0.9516250176297185	 0.2767531324161781	 -0.13348231912531108	 -0.11608797186610578	 
-0.27063762488188403	 0.9606611223487912	 0.06233365067002208	 0.11389468279642698	 
0.1454823075825054	 -0.023192923605983698	 0.9890889679270897	 -0.04665370562672427	 
0.0	 0.0	 0.0	 1.0	 
